strain,protein,EBC_ID,AD_best_rank,AF_best_rank,AD_n_halogen_bond,AF_n_halogen_bond,AD_n_hbond,AF_n_hbond,AD_n_hydrophobic,AF_n_hydrophobic,AD_n_metal_complex,AF_n_metal_complex,AD_n_pi_cation,AF_n_pi_cation,AD_n_pi_stack,AF_n_pi_stack,AD_n_salt_bridge,AF_n_salt_bridge,AD_n_water_bridge,AF_n_water_bridge,AD_total_interactions,AF_total_interactions,AD_minus_AF_total_interactions,AD_minus_AF_n_hydrophobic,AD_minus_AF_n_hbond,AD_minus_AF_n_water_bridge,AD_minus_AF_n_salt_bridge,AD_minus_AF_n_pi_stack,AD_minus_AF_n_pi_cation,AD_minus_AF_n_halogen_bond,AD_minus_AF_n_metal_complex
congo,OPG027,EBC-00606,,27.0,,0.0,,2.0,,3.0,,0.0,,0.0,,0.0,,0.0,,0.0,,5.0,-5.0,-3.0,-2.0,0.0,0.0,0.0,0.0,0.0,0.0
congo,OPG027,EBC-00645,20.0,,10.0,,51.0,,76.0,,0.0,,0.0,,1.0,,9.0,,0.0,,147.0,,147.0,76.0,51.0,0.0,9.0,1.0,0.0,10.0,0.0
congo,OPG027,EBC-00649,16.0,,12.0,,59.0,,90.0,,0.0,,0.0,,3.0,,7.0,,0.0,,171.0,,171.0,90.0,59.0,0.0,7.0,3.0,0.0,12.0,0.0
congo,OPG027,EBC-00662,,41.0,,0.0,,2.0,,3.0,,0.0,,0.0,,0.0,,0.0,,0.0,,5.0,-5.0,-3.0,-2.0,0.0,0.0,0.0,0.0,0.0,0.0
congo,OPG027,EBC-00694,83.0,,6.0,,71.0,,128.0,,0.0,,1.0,,2.0,,22.0,,0.0,,230.0,,230.0,128.0,71.0,0.0,22.0,2.0,1.0,6.0,0.0
congo,OPG027,EBC-00696,91.0,,2.0,,46.0,,136.0,,0.0,,0.0,,6.0,,3.0,,0.0,,193.0,,193.0,136.0,46.0,0.0,3.0,6.0,0.0,2.0,0.0
congo,OPG027,EBC-00698,,59.0,,0.0,,3.0,,3.0,,0.0,,0.0,,2.0,,0.0,,0.0,,8.0,-8.0,-3.0,-3.0,0.0,0.0,-2.0,0.0,0.0,0.0
congo,OPG027,EBC-00703,,94.0,,0.0,,2.0,,3.0,,0.0,,0.0,,0.0,,1.0,,0.0,,6.0,-6.0,-3.0,-2.0,0.0,-1.0,0.0,0.0,0.0,0.0
congo,OPG027,EBC-00711,18.0,,0.0,,21.0,,126.0,,0.0,,0.0,,0.0,,8.0,,0.0,,155.0,,155.0,126.0,21.0,0.0,8.0,0.0,0.0,0.0,0.0
congo,OPG027,EBC-00713,,68.0,,0.0,,2.0,,3.0,,0.0,,0.0,,0.0,,0.0,,0.0,,5.0,-5.0,-3.0,-2.0,0.0,0.0,0.0,0.0,0.0,0.0
congo,OPG027,EBC-02079,74.0,,0.0,,65.0,,81.0,,0.0,,1.0,,1.0,,13.0,,0.0,,161.0,,161.0,81.0,65.0,0.0,13.0,1.0,1.0,0.0,0.0
congo,OPG027,EBC-03035,,88.0,,0.0,,1.0,,0.0,,0.0,,0.0,,0.0,,0.0,,0.0,,1.0,-1.0,0.0,-1.0,0.0,0.0,0.0,0.0,0.0,0.0
congo,OPG027,EBC-03068,,18.0,,0.0,,1.0,,4.0,,0.0,,0.0,,0.0,,0.0,,0.0,,5.0,-5.0,-4.0,-1.0,0.0,0.0,0.0,0.0,0.0,0.0
congo,OPG027,EBC-03080,,1.0,,0.0,,2.0,,2.0,,0.0,,0.0,,0.0,,0.0,,0.0,,4.0,-4.0,-2.0,-2.0,0.0,0.0,0.0,0.0,0.0,0.0
congo,OPG027,EBC-03107,,46.0,,0.0,,1.0,,3.0,,0.0,,0.0,,0.0,,0.0,,0.0,,4.0,-4.0,-3.0,-1.0,0.0,0.0,0.0,0.0,0.0,0.0
congo,OPG027,EBC-03137,,34.0,,0.0,,1.0,,3.0,,0.0,,0.0,,0.0,,0.0,,0.0,,4.0,-4.0,-3.0,-1.0,0.0,0.0,0.0,0.0,0.0,0.0
congo,OPG027,EBC-03141,,75.0,,0.0,,2.0,,3.0,,0.0,,0.0,,0.0,,0.0,,0.0,,5.0,-5.0,-3.0,-2.0,0.0,0.0,0.0,0.0,0.0,0.0
congo,OPG027,EBC-03144,,3.0,,0.0,,4.0,,3.0,,0.0,,0.0,,0.0,,0.0,,0.0,,7.0,-7.0,-3.0,-4.0,0.0,0.0,0.0,0.0,0.0,0.0
congo,OPG027,EBC-03154,,32.0,,0.0,,3.0,,3.0,,0.0,,0.0,,0.0,,0.0,,0.0,,6.0,-6.0,-3.0,-3.0,0.0,0.0,0.0,0.0,0.0,0.0
congo,OPG027,EBC-03163,,2.0,,0.0,,2.0,,2.0,,0.0,,0.0,,0.0,,0.0,,0.0,,4.0,-4.0,-2.0,-2.0,0.0,0.0,0.0,0.0,0.0,0.0
congo,OPG027,EBC-03164,,87.0,,0.0,,1.0,,1.0,,0.0,,0.0,,0.0,,0.0,,0.0,,2.0,-2.0,-1.0,-1.0,0.0,0.0,0.0,0.0,0.0,0.0
congo,OPG027,EBC-03209,,4.0,,0.0,,1.0,,2.0,,0.0,,0.0,,0.0,,0.0,,0.0,,3.0,-3.0,-2.0,-1.0,0.0,0.0,0.0,0.0,0.0,0.0
congo,OPG027,EBC-03215,,24.0,,0.0,,1.0,,1.0,,0.0,,0.0,,0.0,,0.0,,0.0,,2.0,-2.0,-1.0,-1.0,0.0,0.0,0.0,0.0,0.0,0.0
congo,OPG027,EBC-03229,,10.0,,0.0,,3.0,,1.0,,0.0,,0.0,,0.0,,0.0,,0.0,,4.0,-4.0,-1.0,-3.0,0.0,0.0,0.0,0.0,0.0,0.0
congo,OPG027,EBC-03270,,64.0,,0.0,,2.0,,2.0,,0.0,,0.0,,0.0,,0.0,,0.0,,4.0,-4.0,-2.0,-2.0,0.0,0.0,0.0,0.0,0.0,0.0
congo,OPG027,EBC-03367,,13.0,,0.0,,3.0,,1.0,,0.0,,0.0,,0.0,,0.0,,0.0,,4.0,-4.0,-1.0,-3.0,0.0,0.0,0.0,0.0,0.0,0.0
congo,OPG027,EBC-03375,,36.0,,0.0,,1.0,,3.0,,0.0,,0.0,,0.0,,0.0,,0.0,,4.0,-4.0,-3.0,-1.0,0.0,0.0,0.0,0.0,0.0,0.0
congo,OPG027,EBC-03563,,37.0,,0.0,,2.0,,0.0,,0.0,,0.0,,0.0,,0.0,,0.0,,2.0,-2.0,0.0,-2.0,0.0,0.0,0.0,0.0,0.0,0.0
congo,OPG027,EBC-03569,,90.0,,0.0,,1.0,,1.0,,0.0,,0.0,,0.0,,0.0,,0.0,,2.0,-2.0,-1.0,-1.0,0.0,0.0,0.0,0.0,0.0,0.0
congo,OPG027,EBC-03798,,47.0,,0.0,,2.0,,3.0,,0.0,,0.0,,0.0,,0.0,,0.0,,5.0,-5.0,-3.0,-2.0,0.0,0.0,0.0,0.0,0.0,0.0
congo,OPG027,EBC-03838,12.0,,0.0,,24.0,,133.0,,0.0,,0.0,,0.0,,1.0,,0.0,,158.0,,158.0,133.0,24.0,0.0,1.0,0.0,0.0,0.0,0.0
congo,OPG027,EBC-03839,86.0,,0.0,,58.0,,95.0,,0.0,,0.0,,0.0,,2.0,,0.0,,155.0,,155.0,95.0,58.0,0.0,2.0,0.0,0.0,0.0,0.0
congo,OPG027,EBC-03852,49.0,,0.0,,34.0,,106.0,,0.0,,0.0,,2.0,,0.0,,0.0,,142.0,,142.0,106.0,34.0,0.0,0.0,2.0,0.0,0.0,0.0
congo,OPG027,EBC-03865,15.0,,0.0,,27.0,,141.0,,0.0,,1.0,,0.0,,1.0,,0.0,,170.0,,170.0,141.0,27.0,0.0,1.0,0.0,1.0,0.0,0.0
congo,OPG027,EBC-03989,,14.0,,0.0,,3.0,,2.0,,0.0,,0.0,,0.0,,2.0,,0.0,,7.0,-7.0,-2.0,-3.0,0.0,-2.0,0.0,0.0,0.0,0.0
congo,OPG027,EBC-04048,,100.0,,0.0,,2.0,,2.0,,0.0,,0.0,,0.0,,0.0,,0.0,,4.0,-4.0,-2.0,-2.0,0.0,0.0,0.0,0.0,0.0,0.0
congo,OPG027,EBC-04055,,69.0,,0.0,,2.0,,2.0,,0.0,,0.0,,0.0,,0.0,,0.0,,4.0,-4.0,-2.0,-2.0,0.0,0.0,0.0,0.0,0.0,0.0
congo,OPG027,EBC-04100,,12.0,,0.0,,1.0,,4.0,,0.0,,0.0,,0.0,,0.0,,0.0,,5.0,-5.0,-4.0,-1.0,0.0,0.0,0.0,0.0,0.0,0.0
congo,OPG027,EBC-04193,,71.0,,0.0,,2.0,,5.0,,0.0,,0.0,,0.0,,2.0,,0.0,,9.0,-9.0,-5.0,-2.0,0.0,-2.0,0.0,0.0,0.0,0.0
congo,OPG027,EBC-04248,82.0,,0.0,,69.0,,159.0,,0.0,,0.0,,2.0,,1.0,,0.0,,231.0,,231.0,159.0,69.0,0.0,1.0,2.0,0.0,0.0,0.0
congo,OPG027,EBC-04299,,79.0,,0.0,,3.0,,2.0,,0.0,,0.0,,0.0,,0.0,,0.0,,5.0,-5.0,-2.0,-3.0,0.0,0.0,0.0,0.0,0.0,0.0
congo,OPG027,EBC-04373,,76.0,,0.0,,1.0,,0.0,,0.0,,0.0,,0.0,,1.0,,0.0,,2.0,-2.0,0.0,-1.0,0.0,-1.0,0.0,0.0,0.0,0.0
congo,OPG027,EBC-06062,68.0,,0.0,,62.0,,117.0,,0.0,,0.0,,1.0,,9.0,,0.0,,189.0,,189.0,117.0,62.0,0.0,9.0,1.0,0.0,0.0,0.0
congo,OPG027,EBC-06111,11.0,,0.0,,32.0,,135.0,,0.0,,0.0,,0.0,,0.0,,0.0,,167.0,,167.0,135.0,32.0,0.0,0.0,0.0,0.0,0.0,0.0
congo,OPG027,EBC-06154,,5.0,,0.0,,3.0,,1.0,,0.0,,0.0,,0.0,,0.0,,0.0,,4.0,-4.0,-1.0,-3.0,0.0,0.0,0.0,0.0,0.0,0.0
congo,OPG027,EBC-06163,,31.0,,0.0,,3.0,,1.0,,0.0,,0.0,,0.0,,0.0,,0.0,,4.0,-4.0,-1.0,-3.0,0.0,0.0,0.0,0.0,0.0,0.0
congo,OPG027,EBC-06248,,91.0,,0.0,,2.0,,4.0,,0.0,,0.0,,0.0,,0.0,,0.0,,6.0,-6.0,-4.0,-2.0,0.0,0.0,0.0,0.0,0.0,0.0
congo,OPG027,EBC-06295,,43.0,,0.0,,1.0,,4.0,,0.0,,0.0,,0.0,,0.0,,0.0,,5.0,-5.0,-4.0,-1.0,0.0,0.0,0.0,0.0,0.0,0.0
congo,OPG027,EBC-06620,,55.0,,0.0,,4.0,,2.0,,0.0,,0.0,,4.0,,0.0,,0.0,,10.0,-10.0,-2.0,-4.0,0.0,0.0,-4.0,0.0,0.0,0.0
congo,OPG027,EBC-06623,,9.0,,0.0,,4.0,,4.0,,0.0,,0.0,,0.0,,0.0,,0.0,,8.0,-8.0,-4.0,-4.0,0.0,0.0,0.0,0.0,0.0,0.0
congo,OPG027,EBC-06648,,7.0,,0.0,,3.0,,0.0,,0.0,,0.0,,2.0,,0.0,,0.0,,5.0,-5.0,0.0,-3.0,0.0,0.0,-2.0,0.0,0.0,0.0
congo,OPG027,EBC-06755,,50.0,,0.0,,2.0,,7.0,,0.0,,1.0,,0.0,,0.0,,0.0,,10.0,-10.0,-7.0,-2.0,0.0,0.0,0.0,-1.0,0.0,0.0
congo,OPG027,EBC-06762,,23.0,,0.0,,2.0,,4.0,,0.0,,0.0,,0.0,,0.0,,0.0,,6.0,-6.0,-4.0,-2.0,0.0,0.0,0.0,0.0,0.0,0.0
congo,OPG027,EBC-06794,,84.0,,0.0,,3.0,,3.0,,0.0,,0.0,,0.0,,0.0,,0.0,,6.0,-6.0,-3.0,-3.0,0.0,0.0,0.0,0.0,0.0,0.0
congo,OPG027,EBC-06810,,86.0,,0.0,,1.0,,4.0,,0.0,,0.0,,0.0,,0.0,,0.0,,5.0,-5.0,-4.0,-1.0,0.0,0.0,0.0,0.0,0.0,0.0
congo,OPG027,EBC-06903,63.0,,0.0,,73.0,,132.0,,0.0,,0.0,,1.0,,12.0,,0.0,,218.0,,218.0,132.0,73.0,0.0,12.0,1.0,0.0,0.0,0.0
congo,OPG027,EBC-06974,,57.0,,0.0,,3.0,,2.0,,0.0,,0.0,,0.0,,0.0,,0.0,,5.0,-5.0,-2.0,-3.0,0.0,0.0,0.0,0.0,0.0,0.0
congo,OPG027,EBC-07138,,95.0,,0.0,,1.0,,4.0,,0.0,,0.0,,0.0,,0.0,,0.0,,5.0,-5.0,-4.0,-1.0,0.0,0.0,0.0,0.0,0.0,0.0
congo,OPG027,EBC-07144,,15.0,,0.0,,2.0,,1.0,,0.0,,0.0,,0.0,,0.0,,0.0,,3.0,-3.0,-1.0,-2.0,0.0,0.0,0.0,0.0,0.0,0.0
congo,OPG027,EBC-07157,88.0,,0.0,,59.0,,70.0,,0.0,,2.0,,0.0,,28.0,,0.0,,159.0,,159.0,70.0,59.0,0.0,28.0,0.0,2.0,0.0,0.0
congo,OPG027,EBC-07205,,97.0,,0.0,,3.0,,4.0,,0.0,,0.0,,0.0,,0.0,,0.0,,7.0,-7.0,-4.0,-3.0,0.0,0.0,0.0,0.0,0.0,0.0
congo,OPG027,EBC-07249,54.0,,0.0,,38.0,,95.0,,0.0,,1.0,,5.0,,2.0,,0.0,,141.0,,141.0,95.0,38.0,0.0,2.0,5.0,1.0,0.0,0.0
congo,OPG027,EBC-07280,,82.0,,0.0,,2.0,,4.0,,0.0,,0.0,,1.0,,0.0,,0.0,,7.0,-7.0,-4.0,-2.0,0.0,0.0,-1.0,0.0,0.0,0.0
congo,OPG027,EBC-07462,32.0,,0.0,,63.0,,117.0,,0.0,,2.0,,2.0,,8.0,,0.0,,192.0,,192.0,117.0,63.0,0.0,8.0,2.0,2.0,0.0,0.0
congo,OPG027,EBC-07543,,16.0,,0.0,,1.0,,2.0,,0.0,,0.0,,0.0,,0.0,,0.0,,3.0,-3.0,-2.0,-1.0,0.0,0.0,0.0,0.0,0.0,0.0
congo,OPG027,EBC-07557,50.0,,0.0,,66.0,,113.0,,0.0,,1.0,,5.0,,9.0,,0.0,,194.0,,194.0,113.0,66.0,0.0,9.0,5.0,1.0,0.0,0.0
congo,OPG027,EBC-07666,,52.0,,0.0,,3.0,,5.0,,0.0,,0.0,,2.0,,0.0,,0.0,,10.0,-10.0,-5.0,-3.0,0.0,0.0,-2.0,0.0,0.0,0.0
congo,OPG027,EBC-07667,,25.0,,0.0,,3.0,,3.0,,0.0,,0.0,,2.0,,0.0,,0.0,,8.0,-8.0,-3.0,-3.0,0.0,0.0,-2.0,0.0,0.0,0.0
congo,OPG027,EBC-07670,100.0,,0.0,,55.0,,116.0,,0.0,,1.0,,1.0,,0.0,,0.0,,173.0,,173.0,116.0,55.0,0.0,0.0,1.0,1.0,0.0,0.0
congo,OPG027,EBC-07672,,22.0,,0.0,,3.0,,3.0,,0.0,,0.0,,2.0,,0.0,,0.0,,8.0,-8.0,-3.0,-3.0,0.0,0.0,-2.0,0.0,0.0,0.0
congo,OPG027,EBC-07683,84.0,,0.0,,39.0,,148.0,,0.0,,0.0,,5.0,,11.0,,0.0,,203.0,,203.0,148.0,39.0,0.0,11.0,5.0,0.0,0.0,0.0
congo,OPG027,EBC-07707,,30.0,,0.0,,2.0,,5.0,,0.0,,0.0,,0.0,,0.0,,0.0,,7.0,-7.0,-5.0,-2.0,0.0,0.0,0.0,0.0,0.0,0.0
congo,OPG027,EBC-07973,96.0,,12.0,,72.0,,108.0,,0.0,,0.0,,0.0,,11.0,,0.0,,203.0,,203.0,108.0,72.0,0.0,11.0,0.0,0.0,12.0,0.0
congo,OPG027,EBC-07988,28.0,,2.0,,89.0,,151.0,,0.0,,2.0,,3.0,,28.0,,0.0,,275.0,,275.0,151.0,89.0,0.0,28.0,3.0,2.0,2.0,0.0
congo,OPG027,EBC-08121,,48.0,,0.0,,4.0,,2.0,,0.0,,0.0,,0.0,,0.0,,0.0,,6.0,-6.0,-2.0,-4.0,0.0,0.0,0.0,0.0,0.0,0.0
congo,OPG027,EBC-08125,,73.0,,0.0,,1.0,,2.0,,0.0,,0.0,,0.0,,0.0,,0.0,,3.0,-3.0,-2.0,-1.0,0.0,0.0,0.0,0.0,0.0,0.0
congo,OPG027,EBC-08254,,29.0,,0.0,,2.0,,3.0,,0.0,,0.0,,0.0,,0.0,,0.0,,5.0,-5.0,-3.0,-2.0,0.0,0.0,0.0,0.0,0.0,0.0
congo,OPG027,EBC-08302,,11.0,,0.0,,2.0,,3.0,,0.0,,0.0,,0.0,,0.0,,0.0,,5.0,-5.0,-3.0,-2.0,0.0,0.0,0.0,0.0,0.0,0.0
congo,OPG027,EBC-08457,,28.0,,0.0,,3.0,,2.0,,0.0,,0.0,,1.0,,0.0,,0.0,,6.0,-6.0,-2.0,-3.0,0.0,0.0,-1.0,0.0,0.0,0.0
congo,OPG027,EBC-08513,,39.0,,0.0,,5.0,,1.0,,0.0,,0.0,,0.0,,0.0,,0.0,,6.0,-6.0,-1.0,-5.0,0.0,0.0,0.0,0.0,0.0,0.0
congo,OPG027,EBC-08587,41.0,,0.0,,33.0,,85.0,,0.0,,0.0,,0.0,,0.0,,0.0,,118.0,,118.0,85.0,33.0,0.0,0.0,0.0,0.0,0.0,0.0
congo,OPG027,EBC-08615,35.0,,0.0,,105.0,,106.0,,0.0,,0.0,,0.0,,20.0,,0.0,,231.0,,231.0,106.0,105.0,0.0,20.0,0.0,0.0,0.0,0.0
congo,OPG027,EBC-08651,,58.0,,0.0,,5.0,,3.0,,0.0,,0.0,,0.0,,0.0,,0.0,,8.0,-8.0,-3.0,-5.0,0.0,0.0,0.0,0.0,0.0,0.0
congo,OPG027,EBC-08667,,63.0,,0.0,,3.0,,3.0,,0.0,,0.0,,2.0,,0.0,,0.0,,8.0,-8.0,-3.0,-3.0,0.0,0.0,-2.0,0.0,0.0,0.0
congo,OPG027,EBC-08788,71.0,,0.0,,56.0,,128.0,,0.0,,1.0,,2.0,,7.0,,0.0,,194.0,,194.0,128.0,56.0,0.0,7.0,2.0,1.0,0.0,0.0
congo,OPG027,EBC-08871,,78.0,,0.0,,3.0,,2.0,,0.0,,0.0,,2.0,,0.0,,0.0,,7.0,-7.0,-2.0,-3.0,0.0,0.0,-2.0,0.0,0.0,0.0
congo,OPG027,EBC-08908,61.0,,2.0,,98.0,,120.0,,0.0,,0.0,,0.0,,10.0,,0.0,,230.0,,230.0,120.0,98.0,0.0,10.0,0.0,0.0,2.0,0.0
congo,OPG027,EBC-08915,19.0,,0.0,,47.0,,144.0,,0.0,,2.0,,0.0,,9.0,,0.0,,202.0,,202.0,144.0,47.0,0.0,9.0,0.0,2.0,0.0,0.0
congo,OPG027,EBC-09015,,42.0,,0.0,,2.0,,1.0,,0.0,,0.0,,0.0,,0.0,,0.0,,3.0,-3.0,-1.0,-2.0,0.0,0.0,0.0,0.0,0.0,0.0
congo,OPG027,EBC-09085,89.0,,0.0,,69.0,,111.0,,0.0,,0.0,,3.0,,9.0,,0.0,,192.0,,192.0,111.0,69.0,0.0,9.0,3.0,0.0,0.0,0.0
congo,OPG027,EBC-09186,46.0,6.0,0.0,0.0,71.0,2.0,75.0,5.0,0.0,0.0,0.0,0.0,4.0,2.0,5.0,1.0,0.0,0.0,155.0,10.0,145.0,70.0,69.0,0.0,4.0,2.0,0.0,0.0,0.0
congo,OPG027,EBC-09202,29.0,,2.0,,75.0,,111.0,,0.0,,0.0,,1.0,,17.0,,0.0,,206.0,,206.0,111.0,75.0,0.0,17.0,1.0,0.0,2.0,0.0
congo,OPG027,EBC-108081,60.0,,2.0,,134.0,,72.0,,0.0,,0.0,,3.0,,42.0,,0.0,,253.0,,253.0,72.0,134.0,0.0,42.0,3.0,0.0,2.0,0.0
congo,OPG027,EBC-11029,42.0,,0.0,,99.0,,127.0,,0.0,,1.0,,3.0,,35.0,,0.0,,265.0,,265.0,127.0,99.0,0.0,35.0,3.0,1.0,0.0,0.0
congo,OPG027,EBC-11041,47.0,,0.0,,71.0,,89.0,,0.0,,0.0,,0.0,,3.0,,0.0,,163.0,,163.0,89.0,71.0,0.0,3.0,0.0,0.0,0.0,0.0
congo,OPG027,EBC-11230,23.0,,0.0,,88.0,,135.0,,0.0,,0.0,,1.0,,18.0,,0.0,,242.0,,242.0,135.0,88.0,0.0,18.0,1.0,0.0,0.0,0.0
congo,OPG027,EBC-11281,30.0,,25.0,,42.0,,82.0,,0.0,,0.0,,0.0,,12.0,,0.0,,161.0,,161.0,82.0,42.0,0.0,12.0,0.0,0.0,25.0,0.0
congo,OPG027,EBC-11364,36.0,,13.0,,90.0,,72.0,,0.0,,2.0,,1.0,,31.0,,0.0,,209.0,,209.0,72.0,90.0,0.0,31.0,1.0,2.0,13.0,0.0
congo,OPG027,EBC-11433,31.0,,14.0,,96.0,,84.0,,0.0,,0.0,,0.0,,9.0,,0.0,,203.0,,203.0,84.0,96.0,0.0,9.0,0.0,0.0,14.0,0.0
congo,OPG027,EBC-11443,43.0,,13.0,,58.0,,91.0,,0.0,,1.0,,3.0,,10.0,,0.0,,176.0,,176.0,91.0,58.0,0.0,10.0,3.0,1.0,13.0,0.0
congo,OPG027,EBC-118033,80.0,,5.0,,72.0,,90.0,,0.0,,0.0,,0.0,,13.0,,0.0,,180.0,,180.0,90.0,72.0,0.0,13.0,0.0,0.0,5.0,0.0
congo,OPG027,EBC-12036,78.0,,0.0,,72.0,,124.0,,0.0,,1.0,,3.0,,18.0,,0.0,,218.0,,218.0,124.0,72.0,0.0,18.0,3.0,1.0,0.0,0.0
congo,OPG027,EBC-12063,90.0,,0.0,,114.0,,50.0,,0.0,,1.0,,4.0,,28.0,,0.0,,197.0,,197.0,50.0,114.0,0.0,28.0,4.0,1.0,0.0,0.0
congo,OPG027,EBC-12084,75.0,,10.0,,91.0,,104.0,,0.0,,0.0,,1.0,,14.0,,0.0,,220.0,,220.0,104.0,91.0,0.0,14.0,1.0,0.0,10.0,0.0
congo,OPG027,EBC-12090,,62.0,,0.0,,2.0,,2.0,,0.0,,0.0,,0.0,,1.0,,0.0,,5.0,-5.0,-2.0,-2.0,0.0,-1.0,0.0,0.0,0.0,0.0
congo,OPG027,EBC-12412,24.0,,0.0,,105.0,,147.0,,0.0,,0.0,,0.0,,7.0,,0.0,,259.0,,259.0,147.0,105.0,0.0,7.0,0.0,0.0,0.0,0.0
congo,OPG027,EBC-12821,70.0,,0.0,,115.0,,78.0,,0.0,,2.0,,3.0,,27.0,,0.0,,225.0,,225.0,78.0,115.0,0.0,27.0,3.0,2.0,0.0,0.0
congo,OPG027,EBC-13002,62.0,,6.0,,78.0,,94.0,,0.0,,1.0,,0.0,,19.0,,0.0,,198.0,,198.0,94.0,78.0,0.0,19.0,0.0,1.0,6.0,0.0
congo,OPG027,EBC-13071,39.0,,0.0,,59.0,,142.0,,0.0,,0.0,,0.0,,0.0,,0.0,,201.0,,201.0,142.0,59.0,0.0,0.0,0.0,0.0,0.0,0.0
congo,OPG027,EBC-131022,59.0,,16.0,,76.0,,98.0,,0.0,,0.0,,1.0,,16.0,,0.0,,207.0,,207.0,98.0,76.0,0.0,16.0,1.0,0.0,16.0,0.0
congo,OPG027,EBC-13120,27.0,,0.0,,68.0,,110.0,,0.0,,1.0,,7.0,,25.0,,0.0,,211.0,,211.0,110.0,68.0,0.0,25.0,7.0,1.0,0.0,0.0
congo,OPG027,EBC-13190,,54.0,,0.0,,2.0,,8.0,,0.0,,0.0,,2.0,,0.0,,0.0,,12.0,-12.0,-8.0,-2.0,0.0,0.0,-2.0,0.0,0.0,0.0
congo,OPG027,EBC-13327,,8.0,,0.0,,4.0,,2.0,,0.0,,0.0,,0.0,,0.0,,0.0,,6.0,-6.0,-2.0,-4.0,0.0,0.0,0.0,0.0,0.0,0.0
congo,OPG027,EBC-13579,51.0,,0.0,,94.0,,82.0,,0.0,,0.0,,0.0,,9.0,,0.0,,185.0,,185.0,82.0,94.0,0.0,9.0,0.0,0.0,0.0,0.0
congo,OPG027,EBC-13607,8.0,,0.0,,105.0,,166.0,,0.0,,5.0,,0.0,,14.0,,0.0,,290.0,,290.0,166.0,105.0,0.0,14.0,0.0,5.0,0.0,0.0
congo,OPG027,EBC-13712,,19.0,,0.0,,2.0,,4.0,,0.0,,0.0,,0.0,,0.0,,0.0,,6.0,-6.0,-4.0,-2.0,0.0,0.0,0.0,0.0,0.0,0.0
congo,OPG027,EBC-13977,,40.0,,0.0,,1.0,,2.0,,0.0,,0.0,,0.0,,1.0,,0.0,,4.0,-4.0,-2.0,-1.0,0.0,-1.0,0.0,0.0,0.0,0.0
congo,OPG027,EBC-14193,,56.0,,0.0,,1.0,,3.0,,0.0,,0.0,,0.0,,0.0,,0.0,,4.0,-4.0,-3.0,-1.0,0.0,0.0,0.0,0.0,0.0,0.0
congo,OPG027,EBC-14214,98.0,,3.0,,50.0,,161.0,,0.0,,1.0,,3.0,,5.0,,0.0,,223.0,,223.0,161.0,50.0,0.0,5.0,3.0,1.0,3.0,0.0
congo,OPG027,EBC-145226,6.0,,0.0,,87.0,,119.0,,0.0,,0.0,,2.0,,10.0,,0.0,,218.0,,218.0,119.0,87.0,0.0,10.0,2.0,0.0,0.0,0.0
congo,OPG027,EBC-148031,65.0,,0.0,,81.0,,135.0,,0.0,,0.0,,2.0,,12.0,,0.0,,230.0,,230.0,135.0,81.0,0.0,12.0,2.0,0.0,0.0,0.0
congo,OPG027,EBC-149088,,53.0,,0.0,,3.0,,4.0,,0.0,,1.0,,0.0,,0.0,,0.0,,8.0,-8.0,-4.0,-3.0,0.0,0.0,0.0,-1.0,0.0,0.0
congo,OPG027,EBC-149094,33.0,,0.0,,57.0,,104.0,,0.0,,1.0,,1.0,,14.0,,0.0,,177.0,,177.0,104.0,57.0,0.0,14.0,1.0,1.0,0.0,0.0
congo,OPG027,EBC-152118,,74.0,,1.0,,1.0,,2.0,,0.0,,0.0,,0.0,,0.0,,0.0,,4.0,-4.0,-2.0,-1.0,0.0,0.0,0.0,0.0,-1.0,0.0
congo,OPG027,EBC-152138,,35.0,,0.0,,2.0,,5.0,,0.0,,0.0,,0.0,,0.0,,0.0,,7.0,-7.0,-5.0,-2.0,0.0,0.0,0.0,0.0,0.0,0.0
congo,OPG027,EBC-152357,,80.0,,0.0,,3.0,,1.0,,0.0,,0.0,,0.0,,0.0,,0.0,,4.0,-4.0,-1.0,-3.0,0.0,0.0,0.0,0.0,0.0,0.0
congo,OPG027,EBC-153130,,65.0,,0.0,,4.0,,3.0,,0.0,,0.0,,1.0,,0.0,,0.0,,8.0,-8.0,-3.0,-4.0,0.0,0.0,-1.0,0.0,0.0,0.0
congo,OPG027,EBC-153161,,33.0,,0.0,,0.0,,3.0,,0.0,,0.0,,0.0,,0.0,,0.0,,3.0,-3.0,-3.0,0.0,0.0,0.0,0.0,0.0,0.0,0.0
congo,OPG027,EBC-153178,,61.0,,0.0,,2.0,,1.0,,0.0,,0.0,,2.0,,0.0,,0.0,,5.0,-5.0,-1.0,-2.0,0.0,0.0,-2.0,0.0,0.0,0.0
congo,OPG027,EBC-157073,66.0,,0.0,,32.0,,143.0,,0.0,,1.0,,3.0,,20.0,,0.0,,199.0,,199.0,143.0,32.0,0.0,20.0,3.0,1.0,0.0,0.0
congo,OPG027,EBC-157086,,67.0,,0.0,,2.0,,4.0,,0.0,,0.0,,0.0,,0.0,,0.0,,6.0,-6.0,-4.0,-2.0,0.0,0.0,0.0,0.0,0.0,0.0
congo,OPG027,EBC-157116,,51.0,,0.0,,2.0,,3.0,,0.0,,0.0,,1.0,,0.0,,0.0,,6.0,-6.0,-3.0,-2.0,0.0,0.0,-1.0,0.0,0.0,0.0
congo,OPG027,EBC-157138,,83.0,,0.0,,3.0,,0.0,,0.0,,0.0,,0.0,,0.0,,0.0,,3.0,-3.0,0.0,-3.0,0.0,0.0,0.0,0.0,0.0,0.0
congo,OPG027,EBC-157241,85.0,,8.0,,77.0,,100.0,,0.0,,0.0,,0.0,,28.0,,0.0,,213.0,,213.0,100.0,77.0,0.0,28.0,0.0,0.0,8.0,0.0
congo,OPG027,EBC-160036,4.0,,1.0,,48.0,,114.0,,0.0,,4.0,,1.0,,3.0,,0.0,,171.0,,171.0,114.0,48.0,0.0,3.0,1.0,4.0,1.0,0.0
congo,OPG027,EBC-17092,,49.0,,0.0,,3.0,,2.0,,0.0,,0.0,,0.0,,0.0,,0.0,,5.0,-5.0,-2.0,-3.0,0.0,0.0,0.0,0.0,0.0,0.0
congo,OPG027,EBC-17121,95.0,,0.0,,92.0,,88.0,,0.0,,3.0,,2.0,,12.0,,0.0,,197.0,,197.0,88.0,92.0,0.0,12.0,2.0,3.0,0.0,0.0
congo,OPG027,EBC-180260,92.0,,0.0,,29.0,,98.0,,0.0,,0.0,,1.0,,12.0,,0.0,,140.0,,140.0,98.0,29.0,0.0,12.0,1.0,0.0,0.0,0.0
congo,OPG027,EBC-186029,25.0,,0.0,,84.0,,109.0,,0.0,,2.0,,4.0,,18.0,,0.0,,217.0,,217.0,109.0,84.0,0.0,18.0,4.0,2.0,0.0,0.0
congo,OPG027,EBC-189022,,60.0,,0.0,,1.0,,1.0,,0.0,,0.0,,0.0,,0.0,,0.0,,2.0,-2.0,-1.0,-1.0,0.0,0.0,0.0,0.0,0.0,0.0
congo,OPG027,EBC-216028,58.0,,0.0,,61.0,,147.0,,0.0,,1.0,,2.0,,6.0,,0.0,,217.0,,217.0,147.0,61.0,0.0,6.0,2.0,1.0,0.0,0.0
congo,OPG027,EBC-217022,44.0,,7.0,,75.0,,80.0,,0.0,,2.0,,0.0,,24.0,,0.0,,188.0,,188.0,80.0,75.0,0.0,24.0,0.0,2.0,7.0,0.0
congo,OPG027,EBC-218037,55.0,,0.0,,71.0,,77.0,,0.0,,1.0,,2.0,,6.0,,0.0,,157.0,,157.0,77.0,71.0,0.0,6.0,2.0,1.0,0.0,0.0
congo,OPG027,EBC-218043,2.0,,0.0,,80.0,,116.0,,0.0,,1.0,,6.0,,15.0,,0.0,,218.0,,218.0,116.0,80.0,0.0,15.0,6.0,1.0,0.0,0.0
congo,OPG027,EBC-221084,26.0,,0.0,,63.0,,67.0,,0.0,,1.0,,1.0,,31.0,,0.0,,163.0,,163.0,67.0,63.0,0.0,31.0,1.0,1.0,0.0,0.0
congo,OPG027,EBC-230024,,20.0,,0.0,,1.0,,3.0,,0.0,,0.0,,0.0,,0.0,,0.0,,4.0,-4.0,-3.0,-1.0,0.0,0.0,0.0,0.0,0.0,0.0
congo,OPG027,EBC-23629,10.0,,0.0,,45.0,,135.0,,0.0,,1.0,,2.0,,3.0,,0.0,,186.0,,186.0,135.0,45.0,0.0,3.0,2.0,1.0,0.0,0.0
congo,OPG027,EBC-244029,76.0,,0.0,,66.0,,111.0,,0.0,,1.0,,2.0,,5.0,,0.0,,185.0,,185.0,111.0,66.0,0.0,5.0,2.0,1.0,0.0,0.0
congo,OPG027,EBC-251173,69.0,,0.0,,107.0,,129.0,,0.0,,4.0,,0.0,,9.0,,0.0,,249.0,,249.0,129.0,107.0,0.0,9.0,0.0,4.0,0.0,0.0
congo,OPG027,EBC-252122,79.0,,7.0,,54.0,,97.0,,0.0,,0.0,,5.0,,20.0,,0.0,,183.0,,183.0,97.0,54.0,0.0,20.0,5.0,0.0,7.0,0.0
congo,OPG027,EBC-252141,81.0,,0.0,,74.0,,85.0,,0.0,,2.0,,6.0,,17.0,,0.0,,184.0,,184.0,85.0,74.0,0.0,17.0,6.0,2.0,0.0,0.0
congo,OPG027,EBC-253143,,44.0,,0.0,,2.0,,2.0,,0.0,,0.0,,0.0,,2.0,,0.0,,6.0,-6.0,-2.0,-2.0,0.0,-2.0,0.0,0.0,0.0,0.0
congo,OPG027,EBC-255056,87.0,,0.0,,63.0,,113.0,,0.0,,3.0,,2.0,,7.0,,0.0,,188.0,,188.0,113.0,63.0,0.0,7.0,2.0,3.0,0.0,0.0
congo,OPG027,EBC-26096,,66.0,,0.0,,2.0,,1.0,,0.0,,0.0,,0.0,,0.0,,0.0,,3.0,-3.0,-1.0,-2.0,0.0,0.0,0.0,0.0,0.0,0.0
congo,OPG027,EBC-26770,53.0,,0.0,,38.0,,121.0,,0.0,,0.0,,1.0,,0.0,,0.0,,160.0,,160.0,121.0,38.0,0.0,0.0,1.0,0.0,0.0,0.0
congo,OPG027,EBC-27035,64.0,,0.0,,74.0,,137.0,,0.0,,0.0,,2.0,,3.0,,0.0,,216.0,,216.0,137.0,74.0,0.0,3.0,2.0,0.0,0.0,0.0
congo,OPG027,EBC-27122,94.0,,4.0,,92.0,,68.0,,0.0,,1.0,,0.0,,9.0,,0.0,,174.0,,174.0,68.0,92.0,0.0,9.0,0.0,1.0,4.0,0.0
congo,OPG027,EBC-27226,56.0,,5.0,,69.0,,106.0,,0.0,,1.0,,3.0,,4.0,,0.0,,188.0,,188.0,106.0,69.0,0.0,4.0,3.0,1.0,5.0,0.0
congo,OPG027,EBC-27265,1.0,,2.0,,23.0,,106.0,,0.0,,0.0,,5.0,,0.0,,0.0,,136.0,,136.0,106.0,23.0,0.0,0.0,5.0,0.0,2.0,0.0
congo,OPG027,EBC-287044,,81.0,,0.0,,1.0,,0.0,,0.0,,0.0,,0.0,,0.0,,0.0,,1.0,-1.0,0.0,-1.0,0.0,0.0,0.0,0.0,0.0,0.0
congo,OPG027,EBC-289088,,99.0,,0.0,,4.0,,6.0,,0.0,,0.0,,2.0,,0.0,,0.0,,12.0,-12.0,-6.0,-4.0,0.0,0.0,-2.0,0.0,0.0,0.0
congo,OPG027,EBC-289112,,77.0,,0.0,,2.0,,8.0,,0.0,,0.0,,2.0,,0.0,,0.0,,12.0,-12.0,-8.0,-2.0,0.0,0.0,-2.0,0.0,0.0,0.0
congo,OPG027,EBC-290041,7.0,,4.0,,155.0,,103.0,,0.0,,3.0,,4.0,,21.0,,0.0,,290.0,,290.0,103.0,155.0,0.0,21.0,4.0,3.0,4.0,0.0
congo,OPG027,EBC-291093,,96.0,,0.0,,3.0,,2.0,,0.0,,0.0,,1.0,,0.0,,0.0,,6.0,-6.0,-2.0,-3.0,0.0,0.0,-1.0,0.0,0.0,0.0
congo,OPG027,EBC-291167,40.0,,11.0,,109.0,,71.0,,0.0,,3.0,,3.0,,17.0,,0.0,,214.0,,214.0,71.0,109.0,0.0,17.0,3.0,3.0,11.0,0.0
congo,OPG027,EBC-292044,99.0,,0.0,,35.0,,189.0,,0.0,,0.0,,1.0,,6.0,,0.0,,231.0,,231.0,189.0,35.0,0.0,6.0,1.0,0.0,0.0,0.0
congo,OPG027,EBC-306048,17.0,,14.0,,83.0,,67.0,,0.0,,3.0,,2.0,,17.0,,0.0,,186.0,,186.0,67.0,83.0,0.0,17.0,2.0,3.0,14.0,0.0
congo,OPG027,EBC-309072,38.0,,2.0,,107.0,,101.0,,0.0,,0.0,,0.0,,30.0,,0.0,,240.0,,240.0,101.0,107.0,0.0,30.0,0.0,0.0,2.0,0.0
congo,OPG027,EBC-352046,67.0,,0.0,,66.0,,129.0,,0.0,,0.0,,2.0,,10.0,,0.0,,207.0,,207.0,129.0,66.0,0.0,10.0,2.0,0.0,0.0,0.0
congo,OPG027,EBC-352066,37.0,,0.0,,42.0,,174.0,,0.0,,2.0,,0.0,,4.0,,0.0,,222.0,,222.0,174.0,42.0,0.0,4.0,0.0,2.0,0.0,0.0
congo,OPG027,EBC-42023,,72.0,,0.0,,3.0,,4.0,,0.0,,0.0,,1.0,,0.0,,0.0,,8.0,-8.0,-4.0,-3.0,0.0,0.0,-1.0,0.0,0.0,0.0
congo,OPG027,EBC-44060,,85.0,,0.0,,2.0,,3.0,,0.0,,0.0,,0.0,,0.0,,0.0,,5.0,-5.0,-3.0,-2.0,0.0,0.0,0.0,0.0,0.0,0.0
congo,OPG027,EBC-44095,,92.0,,0.0,,1.0,,1.0,,0.0,,0.0,,0.0,,0.0,,0.0,,2.0,-2.0,-1.0,-1.0,0.0,0.0,0.0,0.0,0.0,0.0
congo,OPG027,EBC-44204,,45.0,,0.0,,2.0,,3.0,,0.0,,0.0,,0.0,,0.0,,0.0,,5.0,-5.0,-3.0,-2.0,0.0,0.0,0.0,0.0,0.0,0.0
congo,OPG027,EBC-44205,,21.0,,0.0,,1.0,,3.0,,0.0,,0.0,,0.0,,0.0,,0.0,,4.0,-4.0,-3.0,-1.0,0.0,0.0,0.0,0.0,0.0,0.0
congo,OPG027,EBC-44358,34.0,,16.0,,107.0,,82.0,,0.0,,0.0,,0.0,,18.0,,0.0,,223.0,,223.0,82.0,107.0,0.0,18.0,0.0,0.0,16.0,0.0
congo,OPG027,EBC-44370,22.0,,13.0,,56.0,,110.0,,0.0,,1.0,,1.0,,11.0,,0.0,,192.0,,192.0,110.0,56.0,0.0,11.0,1.0,1.0,13.0,0.0
congo,OPG027,EBC-44401,45.0,,6.0,,74.0,,132.0,,0.0,,0.0,,0.0,,21.0,,0.0,,233.0,,233.0,132.0,74.0,0.0,21.0,0.0,0.0,6.0,0.0
congo,OPG027,EBC-46057,13.0,,0.0,,0.0,,0.0,,0.0,,0.0,,0.0,,0.0,,0.0,,0.0,,0.0,0.0,0.0,0.0,0.0,0.0,0.0,0.0,0.0
congo,OPG027,EBC-46294,9.0,,4.0,,139.0,,104.0,,0.0,,2.0,,1.0,,45.0,,0.0,,295.0,,295.0,104.0,139.0,0.0,45.0,1.0,2.0,4.0,0.0
congo,OPG027,EBC-47066,93.0,,14.0,,99.0,,94.0,,0.0,,2.0,,1.0,,20.0,,0.0,,230.0,,230.0,94.0,99.0,0.0,20.0,1.0,2.0,14.0,0.0
congo,OPG027,EBC-47073,48.0,,10.0,,113.0,,112.0,,0.0,,4.0,,0.0,,22.0,,0.0,,261.0,,261.0,112.0,113.0,0.0,22.0,0.0,4.0,10.0,0.0
congo,OPG027,EBC-47089,,26.0,,0.0,,2.0,,3.0,,0.0,,0.0,,2.0,,0.0,,0.0,,7.0,-7.0,-3.0,-2.0,0.0,0.0,-2.0,0.0,0.0,0.0
congo,OPG027,EBC-47120,72.0,,12.0,,69.0,,121.0,,0.0,,1.0,,2.0,,16.0,,0.0,,221.0,,221.0,121.0,69.0,0.0,16.0,2.0,1.0,12.0,0.0
congo,OPG027,EBC-48075,,17.0,,0.0,,2.0,,5.0,,0.0,,0.0,,0.0,,0.0,,0.0,,7.0,-7.0,-5.0,-2.0,0.0,0.0,0.0,0.0,0.0,0.0
congo,OPG027,EBC-48149,,70.0,,0.0,,4.0,,5.0,,0.0,,0.0,,0.0,,0.0,,0.0,,9.0,-9.0,-5.0,-4.0,0.0,0.0,0.0,0.0,0.0,0.0
congo,OPG027,EBC-48186,5.0,,19.0,,57.0,,76.0,,0.0,,0.0,,1.0,,4.0,,0.0,,157.0,,157.0,76.0,57.0,0.0,4.0,1.0,0.0,19.0,0.0
congo,OPG027,EBC-48216,,38.0,,0.0,,1.0,,0.0,,0.0,,0.0,,0.0,,0.0,,0.0,,1.0,-1.0,0.0,-1.0,0.0,0.0,0.0,0.0,0.0,0.0
congo,OPG027,EBC-50088,21.0,,0.0,,53.0,,87.0,,0.0,,0.0,,0.0,,20.0,,0.0,,160.0,,160.0,87.0,53.0,0.0,20.0,0.0,0.0,0.0,0.0
congo,OPG027,EBC-50104,97.0,,4.0,,98.0,,91.0,,0.0,,1.0,,3.0,,13.0,,0.0,,210.0,,210.0,91.0,98.0,0.0,13.0,3.0,1.0,4.0,0.0
congo,OPG027,EBC-50109,,98.0,,0.0,,0.0,,0.0,,0.0,,0.0,,0.0,,0.0,,0.0,,0.0,0.0,0.0,0.0,0.0,0.0,0.0,0.0,0.0,0.0
congo,OPG027,EBC-53021,73.0,,3.0,,92.0,,72.0,,0.0,,3.0,,0.0,,17.0,,0.0,,187.0,,187.0,72.0,92.0,0.0,17.0,0.0,3.0,3.0,0.0
congo,OPG027,EBC-54230,,89.0,,0.0,,2.0,,5.0,,0.0,,0.0,,0.0,,0.0,,0.0,,7.0,-7.0,-5.0,-2.0,0.0,0.0,0.0,0.0,0.0,0.0
congo,OPG027,EBC-63030,57.0,,0.0,,37.0,,110.0,,0.0,,2.0,,3.0,,13.0,,0.0,,165.0,,165.0,110.0,37.0,0.0,13.0,3.0,2.0,0.0,0.0
congo,OPG027,EBC-63089,3.0,,3.0,,131.0,,79.0,,0.0,,3.0,,0.0,,31.0,,0.0,,247.0,,247.0,79.0,131.0,0.0,31.0,0.0,3.0,3.0,0.0
congo,OPG027,EBC-71032,77.0,,0.0,,38.0,,153.0,,0.0,,3.0,,4.0,,0.0,,0.0,,198.0,,198.0,153.0,38.0,0.0,0.0,4.0,3.0,0.0,0.0
congo,OPG027,EBC-71073,52.0,,0.0,,105.0,,114.0,,0.0,,1.0,,2.0,,19.0,,0.0,,241.0,,241.0,114.0,105.0,0.0,19.0,2.0,1.0,0.0,0.0
congo,OPG027,EBC-73089,,93.0,,0.0,,1.0,,4.0,,0.0,,0.0,,0.0,,0.0,,0.0,,5.0,-5.0,-4.0,-1.0,0.0,0.0,0.0,0.0,0.0,0.0
congo,OPG027,EBC-84050,14.0,,2.0,,106.0,,100.0,,0.0,,3.0,,0.0,,34.0,,0.0,,245.0,,245.0,100.0,106.0,0.0,34.0,0.0,3.0,2.0,0.0
congo,OPG092,EBC-00523,,40.0,,0.0,,1.0,,1.0,,0.0,,0.0,,0.0,,0.0,,0.0,,2.0,-2.0,-1.0,-1.0,0.0,0.0,0.0,0.0,0.0,0.0
congo,OPG092,EBC-00556,,56.0,,0.0,,1.0,,0.0,,3.0,,0.0,,0.0,,0.0,,0.0,,4.0,-4.0,0.0,-1.0,0.0,0.0,0.0,0.0,0.0,-3.0
congo,OPG092,EBC-00611,,10.0,,0.0,,3.0,,4.0,,0.0,,0.0,,0.0,,0.0,,0.0,,7.0,-7.0,-4.0,-3.0,0.0,0.0,0.0,0.0,0.0,0.0
congo,OPG092,EBC-00615,,6.0,,0.0,,3.0,,6.0,,0.0,,0.0,,0.0,,0.0,,0.0,,9.0,-9.0,-6.0,-3.0,0.0,0.0,0.0,0.0,0.0,0.0
congo,OPG092,EBC-00623,,5.0,,0.0,,2.0,,5.0,,0.0,,0.0,,0.0,,0.0,,0.0,,7.0,-7.0,-5.0,-2.0,0.0,0.0,0.0,0.0,0.0,0.0
congo,OPG092,EBC-00624,,4.0,,0.0,,2.0,,4.0,,0.0,,0.0,,0.0,,0.0,,0.0,,6.0,-6.0,-4.0,-2.0,0.0,0.0,0.0,0.0,0.0,0.0
congo,OPG092,EBC-00711,79.0,,0.0,,18.0,,163.0,,0.0,,3.0,,2.0,,3.0,,0.0,,189.0,,189.0,163.0,18.0,0.0,3.0,2.0,3.0,0.0,0.0
congo,OPG092,EBC-02024,,74.0,,0.0,,2.0,,1.0,,0.0,,0.0,,0.0,,0.0,,0.0,,3.0,-3.0,-1.0,-2.0,0.0,0.0,0.0,0.0,0.0,0.0
congo,OPG092,EBC-02025,,84.0,,0.0,,4.0,,0.0,,0.0,,0.0,,0.0,,0.0,,0.0,,4.0,-4.0,0.0,-4.0,0.0,0.0,0.0,0.0,0.0,0.0
congo,OPG092,EBC-02079,41.0,,0.0,,37.0,,159.0,,0.0,,3.0,,1.0,,5.0,,0.0,,205.0,,205.0,159.0,37.0,0.0,5.0,1.0,3.0,0.0,0.0
congo,OPG092,EBC-03104,,20.0,,0.0,,1.0,,0.0,,0.0,,0.0,,0.0,,0.0,,0.0,,1.0,-1.0,0.0,-1.0,0.0,0.0,0.0,0.0,0.0,0.0
congo,OPG092,EBC-03122,,52.0,,0.0,,1.0,,1.0,,0.0,,0.0,,0.0,,0.0,,0.0,,2.0,-2.0,-1.0,-1.0,0.0,0.0,0.0,0.0,0.0,0.0
congo,OPG092,EBC-03123,,72.0,,0.0,,1.0,,0.0,,0.0,,0.0,,0.0,,0.0,,0.0,,1.0,-1.0,0.0,-1.0,0.0,0.0,0.0,0.0,0.0,0.0
congo,OPG092,EBC-03210,,26.0,,0.0,,1.0,,2.0,,0.0,,0.0,,0.0,,0.0,,0.0,,3.0,-3.0,-2.0,-1.0,0.0,0.0,0.0,0.0,0.0,0.0
congo,OPG092,EBC-03218,,42.0,,0.0,,1.0,,1.0,,0.0,,0.0,,0.0,,0.0,,0.0,,2.0,-2.0,-1.0,-1.0,0.0,0.0,0.0,0.0,0.0,0.0
congo,OPG092,EBC-03227,,23.0,,0.0,,1.0,,1.0,,0.0,,0.0,,0.0,,0.0,,0.0,,2.0,-2.0,-1.0,-1.0,0.0,0.0,0.0,0.0,0.0,0.0
congo,OPG092,EBC-03229,,71.0,,0.0,,0.0,,0.0,,0.0,,0.0,,0.0,,0.0,,0.0,,0.0,0.0,0.0,0.0,0.0,0.0,0.0,0.0,0.0,0.0
congo,OPG092,EBC-03294,,67.0,,0.0,,0.0,,0.0,,0.0,,0.0,,0.0,,0.0,,0.0,,0.0,0.0,0.0,0.0,0.0,0.0,0.0,0.0,0.0,0.0
congo,OPG092,EBC-03311,,45.0,,0.0,,1.0,,1.0,,0.0,,0.0,,0.0,,0.0,,0.0,,2.0,-2.0,-1.0,-1.0,0.0,0.0,0.0,0.0,0.0,0.0
congo,OPG092,EBC-03323,,88.0,,0.0,,2.0,,2.0,,0.0,,0.0,,0.0,,0.0,,0.0,,4.0,-4.0,-2.0,-2.0,0.0,0.0,0.0,0.0,0.0,0.0
congo,OPG092,EBC-03366,,86.0,,0.0,,2.0,,1.0,,0.0,,0.0,,1.0,,0.0,,0.0,,4.0,-4.0,-1.0,-2.0,0.0,0.0,-1.0,0.0,0.0,0.0
congo,OPG092,EBC-03380,,80.0,,0.0,,0.0,,0.0,,0.0,,0.0,,1.0,,0.0,,0.0,,1.0,-1.0,0.0,0.0,0.0,0.0,-1.0,0.0,0.0,0.0
congo,OPG092,EBC-03389,,91.0,,0.0,,0.0,,1.0,,0.0,,0.0,,0.0,,0.0,,0.0,,1.0,-1.0,-1.0,0.0,0.0,0.0,0.0,0.0,0.0,0.0
congo,OPG092,EBC-03399,,55.0,,0.0,,0.0,,0.0,,0.0,,1.0,,0.0,,0.0,,0.0,,1.0,-1.0,0.0,0.0,0.0,0.0,0.0,-1.0,0.0,0.0
congo,OPG092,EBC-03431,,83.0,,0.0,,1.0,,0.0,,0.0,,0.0,,0.0,,0.0,,0.0,,1.0,-1.0,0.0,-1.0,0.0,0.0,0.0,0.0,0.0,0.0
congo,OPG092,EBC-03435,,92.0,,0.0,,1.0,,1.0,,0.0,,0.0,,0.0,,0.0,,0.0,,2.0,-2.0,-1.0,-1.0,0.0,0.0,0.0,0.0,0.0,0.0
congo,OPG092,EBC-03467,,79.0,,0.0,,0.0,,1.0,,0.0,,0.0,,0.0,,0.0,,0.0,,1.0,-1.0,-1.0,0.0,0.0,0.0,0.0,0.0,0.0,0.0
congo,OPG092,EBC-03587,,51.0,,0.0,,0.0,,0.0,,0.0,,0.0,,0.0,,0.0,,0.0,,0.0,0.0,0.0,0.0,0.0,0.0,0.0,0.0,0.0,0.0
congo,OPG092,EBC-03656,,98.0,,1.0,,1.0,,0.0,,0.0,,0.0,,0.0,,0.0,,0.0,,2.0,-2.0,0.0,-1.0,0.0,0.0,0.0,0.0,-1.0,0.0
congo,OPG092,EBC-04007,,43.0,,0.0,,1.0,,1.0,,0.0,,0.0,,0.0,,0.0,,0.0,,2.0,-2.0,-1.0,-1.0,0.0,0.0,0.0,0.0,0.0,0.0
congo,OPG092,EBC-04009,,64.0,,0.0,,1.0,,3.0,,0.0,,0.0,,0.0,,0.0,,0.0,,4.0,-4.0,-3.0,-1.0,0.0,0.0,0.0,0.0,0.0,0.0
congo,OPG092,EBC-04058,,48.0,,0.0,,1.0,,1.0,,0.0,,0.0,,0.0,,0.0,,0.0,,2.0,-2.0,-1.0,-1.0,0.0,0.0,0.0,0.0,0.0,0.0
congo,OPG092,EBC-04068,,47.0,,0.0,,0.0,,0.0,,0.0,,0.0,,0.0,,0.0,,0.0,,0.0,0.0,0.0,0.0,0.0,0.0,0.0,0.0,0.0,0.0
congo,OPG092,EBC-04089,,32.0,,0.0,,1.0,,0.0,,0.0,,1.0,,0.0,,0.0,,0.0,,2.0,-2.0,0.0,-1.0,0.0,0.0,0.0,-1.0,0.0,0.0
congo,OPG092,EBC-04125,,35.0,,0.0,,2.0,,0.0,,0.0,,0.0,,0.0,,0.0,,0.0,,2.0,-2.0,0.0,-2.0,0.0,0.0,0.0,0.0,0.0,0.0
congo,OPG092,EBC-04129,,65.0,,0.0,,1.0,,0.0,,0.0,,0.0,,0.0,,0.0,,0.0,,1.0,-1.0,0.0,-1.0,0.0,0.0,0.0,0.0,0.0,0.0
congo,OPG092,EBC-04160,,68.0,,0.0,,2.0,,1.0,,0.0,,0.0,,2.0,,0.0,,0.0,,5.0,-5.0,-1.0,-2.0,0.0,0.0,-2.0,0.0,0.0,0.0
congo,OPG092,EBC-04374,,46.0,,0.0,,0.0,,0.0,,0.0,,0.0,,0.0,,0.0,,0.0,,0.0,0.0,0.0,0.0,0.0,0.0,0.0,0.0,0.0,0.0
congo,OPG092,EBC-06061,73.0,,0.0,,63.0,,112.0,,0.0,,3.0,,3.0,,4.0,,0.0,,185.0,,185.0,112.0,63.0,0.0,4.0,3.0,3.0,0.0,0.0
congo,OPG092,EBC-06111,77.0,,0.0,,27.0,,150.0,,0.0,,0.0,,2.0,,0.0,,0.0,,179.0,,179.0,150.0,27.0,0.0,0.0,2.0,0.0,0.0,0.0
congo,OPG092,EBC-06138,,77.0,,0.0,,0.0,,2.0,,0.0,,0.0,,0.0,,0.0,,0.0,,2.0,-2.0,-2.0,0.0,0.0,0.0,0.0,0.0,0.0,0.0
congo,OPG092,EBC-06155,,17.0,,0.0,,0.0,,0.0,,0.0,,0.0,,0.0,,0.0,,0.0,,0.0,0.0,0.0,0.0,0.0,0.0,0.0,0.0,0.0,0.0
congo,OPG092,EBC-06189,,21.0,,0.0,,1.0,,0.0,,0.0,,0.0,,0.0,,0.0,,0.0,,1.0,-1.0,0.0,-1.0,0.0,0.0,0.0,0.0,0.0,0.0
congo,OPG092,EBC-06206,,85.0,,0.0,,1.0,,1.0,,0.0,,0.0,,0.0,,0.0,,0.0,,2.0,-2.0,-1.0,-1.0,0.0,0.0,0.0,0.0,0.0,0.0
congo,OPG092,EBC-06214,,62.0,,0.0,,1.0,,0.0,,0.0,,0.0,,0.0,,0.0,,0.0,,1.0,-1.0,0.0,-1.0,0.0,0.0,0.0,0.0,0.0,0.0
congo,OPG092,EBC-06221,,75.0,,0.0,,2.0,,0.0,,0.0,,0.0,,1.0,,0.0,,0.0,,3.0,-3.0,0.0,-2.0,0.0,0.0,-1.0,0.0,0.0,0.0
congo,OPG092,EBC-06237,,100.0,,0.0,,0.0,,2.0,,0.0,,0.0,,0.0,,0.0,,0.0,,2.0,-2.0,-2.0,0.0,0.0,0.0,0.0,0.0,0.0,0.0
congo,OPG092,EBC-06250,,78.0,,0.0,,2.0,,0.0,,0.0,,0.0,,0.0,,0.0,,0.0,,2.0,-2.0,0.0,-2.0,0.0,0.0,0.0,0.0,0.0,0.0
congo,OPG092,EBC-06322,,27.0,,0.0,,1.0,,0.0,,0.0,,0.0,,0.0,,0.0,,0.0,,1.0,-1.0,0.0,-1.0,0.0,0.0,0.0,0.0,0.0,0.0
congo,OPG092,EBC-06351,,60.0,,0.0,,1.0,,0.0,,0.0,,0.0,,3.0,,0.0,,0.0,,4.0,-4.0,0.0,-1.0,0.0,0.0,-3.0,0.0,0.0,0.0
congo,OPG092,EBC-06388,,44.0,,0.0,,1.0,,0.0,,0.0,,0.0,,1.0,,0.0,,0.0,,2.0,-2.0,0.0,-1.0,0.0,0.0,-1.0,0.0,0.0,0.0
congo,OPG092,EBC-06390,,69.0,,0.0,,1.0,,0.0,,0.0,,0.0,,1.0,,0.0,,0.0,,2.0,-2.0,0.0,-1.0,0.0,0.0,-1.0,0.0,0.0,0.0
congo,OPG092,EBC-06397,,73.0,,0.0,,1.0,,1.0,,0.0,,0.0,,0.0,,0.0,,0.0,,2.0,-2.0,-1.0,-1.0,0.0,0.0,0.0,0.0,0.0,0.0
congo,OPG092,EBC-06407,,19.0,,0.0,,0.0,,0.0,,0.0,,0.0,,1.0,,0.0,,0.0,,1.0,-1.0,0.0,0.0,0.0,0.0,-1.0,0.0,0.0,0.0
congo,OPG092,EBC-06422,,70.0,,0.0,,2.0,,1.0,,0.0,,0.0,,0.0,,0.0,,0.0,,3.0,-3.0,-1.0,-2.0,0.0,0.0,0.0,0.0,0.0,0.0
congo,OPG092,EBC-06502,,63.0,,0.0,,1.0,,0.0,,0.0,,0.0,,3.0,,0.0,,0.0,,4.0,-4.0,0.0,-1.0,0.0,0.0,-3.0,0.0,0.0,0.0
congo,OPG092,EBC-06633,,89.0,,0.0,,2.0,,0.0,,0.0,,0.0,,1.0,,0.0,,0.0,,3.0,-3.0,0.0,-2.0,0.0,0.0,-1.0,0.0,0.0,0.0
congo,OPG092,EBC-06727,,7.0,,0.0,,3.0,,4.0,,0.0,,0.0,,0.0,,0.0,,0.0,,7.0,-7.0,-4.0,-3.0,0.0,0.0,0.0,0.0,0.0,0.0
congo,OPG092,EBC-06844,,99.0,,0.0,,0.0,,5.0,,0.0,,0.0,,0.0,,0.0,,0.0,,5.0,-5.0,-5.0,0.0,0.0,0.0,0.0,0.0,0.0,0.0
congo,OPG092,EBC-06902,96.0,,0.0,,58.0,,180.0,,0.0,,0.0,,3.0,,1.0,,0.0,,242.0,,242.0,180.0,58.0,0.0,1.0,3.0,0.0,0.0,0.0
congo,OPG092,EBC-06940,50.0,,0.0,,59.0,,160.0,,0.0,,2.0,,2.0,,5.0,,0.0,,228.0,,228.0,160.0,59.0,0.0,5.0,2.0,2.0,0.0,0.0
congo,OPG092,EBC-07213,98.0,,0.0,,22.0,,196.0,,0.0,,0.0,,0.0,,2.0,,0.0,,220.0,,220.0,196.0,22.0,0.0,2.0,0.0,0.0,0.0,0.0
congo,OPG092,EBC-07217,87.0,,0.0,,29.0,,177.0,,0.0,,0.0,,3.0,,0.0,,0.0,,209.0,,209.0,177.0,29.0,0.0,0.0,3.0,0.0,0.0,0.0
congo,OPG092,EBC-07224,,3.0,,0.0,,3.0,,5.0,,0.0,,0.0,,0.0,,0.0,,0.0,,8.0,-8.0,-5.0,-3.0,0.0,0.0,0.0,0.0,0.0,0.0
congo,OPG092,EBC-07225,,2.0,,0.0,,3.0,,5.0,,0.0,,0.0,,0.0,,0.0,,0.0,,8.0,-8.0,-5.0,-3.0,0.0,0.0,0.0,0.0,0.0,0.0
congo,OPG092,EBC-07226,,9.0,,0.0,,3.0,,4.0,,0.0,,0.0,,0.0,,0.0,,0.0,,7.0,-7.0,-4.0,-3.0,0.0,0.0,0.0,0.0,0.0,0.0
congo,OPG092,EBC-07228,,8.0,,0.0,,3.0,,3.0,,0.0,,0.0,,0.0,,0.0,,0.0,,6.0,-6.0,-3.0,-3.0,0.0,0.0,0.0,0.0,0.0,0.0
congo,OPG092,EBC-07243,93.0,,0.0,,36.0,,171.0,,0.0,,2.0,,0.0,,2.0,,0.0,,211.0,,211.0,171.0,36.0,0.0,2.0,0.0,2.0,0.0,0.0
congo,OPG092,EBC-07301,20.0,,0.0,,16.0,,186.0,,0.0,,3.0,,0.0,,2.0,,0.0,,207.0,,207.0,186.0,16.0,0.0,2.0,0.0,3.0,0.0,0.0
congo,OPG092,EBC-07417,85.0,,5.0,,44.0,,154.0,,0.0,,1.0,,4.0,,3.0,,0.0,,211.0,,211.0,154.0,44.0,0.0,3.0,4.0,1.0,5.0,0.0
congo,OPG092,EBC-07481,,34.0,,0.0,,0.0,,0.0,,0.0,,0.0,,0.0,,0.0,,0.0,,0.0,0.0,0.0,0.0,0.0,0.0,0.0,0.0,0.0,0.0
congo,OPG092,EBC-07557,26.0,,0.0,,70.0,,153.0,,0.0,,2.0,,4.0,,3.0,,0.0,,232.0,,232.0,153.0,70.0,0.0,3.0,4.0,2.0,0.0,0.0
congo,OPG092,EBC-07606,84.0,,0.0,,17.0,,206.0,,0.0,,0.0,,0.0,,1.0,,0.0,,224.0,,224.0,206.0,17.0,0.0,1.0,0.0,0.0,0.0,0.0
congo,OPG092,EBC-07618,68.0,,10.0,,32.0,,148.0,,0.0,,0.0,,1.0,,3.0,,0.0,,194.0,,194.0,148.0,32.0,0.0,3.0,1.0,0.0,10.0,0.0
congo,OPG092,EBC-07670,94.0,,0.0,,51.0,,172.0,,0.0,,0.0,,1.0,,5.0,,0.0,,229.0,,229.0,172.0,51.0,0.0,5.0,1.0,0.0,0.0,0.0
congo,OPG092,EBC-07683,86.0,,0.0,,36.0,,180.0,,0.0,,0.0,,5.0,,7.0,,0.0,,228.0,,228.0,180.0,36.0,0.0,7.0,5.0,0.0,0.0,0.0
congo,OPG092,EBC-07751,97.0,,1.0,,43.0,,152.0,,0.0,,1.0,,1.0,,2.0,,0.0,,200.0,,200.0,152.0,43.0,0.0,2.0,1.0,1.0,1.0,0.0
congo,OPG092,EBC-07845,42.0,,0.0,,49.0,,196.0,,0.0,,1.0,,2.0,,6.0,,0.0,,254.0,,254.0,196.0,49.0,0.0,6.0,2.0,1.0,0.0,0.0
congo,OPG092,EBC-07863,,95.0,,0.0,,4.0,,0.0,,0.0,,0.0,,0.0,,0.0,,0.0,,4.0,-4.0,0.0,-4.0,0.0,0.0,0.0,0.0,0.0,0.0
congo,OPG092,EBC-07988,17.0,,5.0,,64.0,,201.0,,0.0,,3.0,,4.0,,2.0,,0.0,,279.0,,279.0,201.0,64.0,0.0,2.0,4.0,3.0,5.0,0.0
congo,OPG092,EBC-08044,,94.0,,0.0,,3.0,,6.0,,0.0,,0.0,,0.0,,1.0,,0.0,,10.0,-10.0,-6.0,-3.0,0.0,-1.0,0.0,0.0,0.0,0.0
congo,OPG092,EBC-08057,88.0,,0.0,,32.0,,153.0,,0.0,,0.0,,0.0,,0.0,,0.0,,185.0,,185.0,153.0,32.0,0.0,0.0,0.0,0.0,0.0,0.0
congo,OPG092,EBC-08097,,66.0,,0.0,,1.0,,2.0,,0.0,,0.0,,1.0,,0.0,,0.0,,4.0,-4.0,-2.0,-1.0,0.0,0.0,-1.0,0.0,0.0,0.0
congo,OPG092,EBC-08587,78.0,,0.0,,25.0,,150.0,,0.0,,0.0,,0.0,,0.0,,0.0,,175.0,,175.0,150.0,25.0,0.0,0.0,0.0,0.0,0.0,0.0
congo,OPG092,EBC-08645,,57.0,,0.0,,1.0,,1.0,,0.0,,0.0,,0.0,,0.0,,0.0,,2.0,-2.0,-1.0,-1.0,0.0,0.0,0.0,0.0,0.0,0.0
congo,OPG092,EBC-08713,59.0,,0.0,,45.0,,163.0,,0.0,,2.0,,7.0,,4.0,,0.0,,221.0,,221.0,163.0,45.0,0.0,4.0,7.0,2.0,0.0,0.0
congo,OPG092,EBC-08762,,22.0,,0.0,,0.0,,0.0,,0.0,,0.0,,0.0,,0.0,,0.0,,0.0,0.0,0.0,0.0,0.0,0.0,0.0,0.0,0.0,0.0
congo,OPG092,EBC-08787,21.0,,0.0,,34.0,,178.0,,0.0,,1.0,,4.0,,4.0,,0.0,,221.0,,221.0,178.0,34.0,0.0,4.0,4.0,1.0,0.0,0.0
congo,OPG092,EBC-08788,54.0,,0.0,,58.0,,186.0,,0.0,,4.0,,1.0,,4.0,,0.0,,253.0,,253.0,186.0,58.0,0.0,4.0,1.0,4.0,0.0,0.0
congo,OPG092,EBC-08882,,16.0,,0.0,,1.0,,4.0,,0.0,,0.0,,0.0,,0.0,,0.0,,5.0,-5.0,-4.0,-1.0,0.0,0.0,0.0,0.0,0.0,0.0
congo,OPG092,EBC-08915,12.0,,0.0,,38.0,,199.0,,0.0,,2.0,,2.0,,4.0,,0.0,,245.0,,245.0,199.0,38.0,0.0,4.0,2.0,2.0,0.0,0.0
congo,OPG092,EBC-09018,92.0,,1.0,,33.0,,170.0,,0.0,,0.0,,1.0,,3.0,,0.0,,208.0,,208.0,170.0,33.0,0.0,3.0,1.0,0.0,1.0,0.0
congo,OPG092,EBC-09025,64.0,,0.0,,12.0,,226.0,,0.0,,3.0,,0.0,,2.0,,0.0,,243.0,,243.0,226.0,12.0,0.0,2.0,0.0,3.0,0.0,0.0
congo,OPG092,EBC-09032,76.0,,5.0,,37.0,,141.0,,0.0,,3.0,,1.0,,3.0,,0.0,,190.0,,190.0,141.0,37.0,0.0,3.0,1.0,3.0,5.0,0.0
congo,OPG092,EBC-09050,91.0,,5.0,,10.0,,159.0,,0.0,,1.0,,1.0,,5.0,,0.0,,181.0,,181.0,159.0,10.0,0.0,5.0,1.0,1.0,5.0,0.0
congo,OPG092,EBC-09098,32.0,,0.0,,49.0,,133.0,,0.0,,2.0,,1.0,,7.0,,0.0,,192.0,,192.0,133.0,49.0,0.0,7.0,1.0,2.0,0.0,0.0
congo,OPG092,EBC-09177,62.0,,0.0,,43.0,,199.0,,0.0,,1.0,,0.0,,1.0,,0.0,,244.0,,244.0,199.0,43.0,0.0,1.0,0.0,1.0,0.0,0.0
congo,OPG092,EBC-11182,,58.0,,0.0,,1.0,,0.0,,0.0,,0.0,,0.0,,0.0,,0.0,,1.0,-1.0,0.0,-1.0,0.0,0.0,0.0,0.0,0.0,0.0
congo,OPG092,EBC-11281,4.0,,16.0,,32.0,,130.0,,0.0,,1.0,,1.0,,2.0,,0.0,,182.0,,182.0,130.0,32.0,0.0,2.0,1.0,1.0,16.0,0.0
congo,OPG092,EBC-11433,61.0,,5.0,,61.0,,127.0,,0.0,,2.0,,2.0,,2.0,,0.0,,199.0,,199.0,127.0,61.0,0.0,2.0,2.0,2.0,5.0,0.0
congo,OPG092,EBC-118033,46.0,,5.0,,77.0,,124.0,,0.0,,2.0,,0.0,,2.0,,0.0,,210.0,,210.0,124.0,77.0,0.0,2.0,0.0,2.0,5.0,0.0
congo,OPG092,EBC-12036,67.0,,0.0,,57.0,,180.0,,0.0,,2.0,,1.0,,7.0,,0.0,,247.0,,247.0,180.0,57.0,0.0,7.0,1.0,2.0,0.0,0.0
congo,OPG092,EBC-12078,72.0,,16.0,,27.0,,147.0,,0.0,,1.0,,0.0,,1.0,,0.0,,192.0,,192.0,147.0,27.0,0.0,1.0,0.0,1.0,16.0,0.0
congo,OPG092,EBC-12508,19.0,,0.0,,62.0,,203.0,,0.0,,1.0,,0.0,,4.0,,0.0,,270.0,,270.0,203.0,62.0,0.0,4.0,0.0,1.0,0.0,0.0
congo,OPG092,EBC-12821,27.0,,0.0,,89.0,,119.0,,0.0,,3.0,,2.0,,3.0,,0.0,,216.0,,216.0,119.0,89.0,0.0,3.0,2.0,3.0,0.0,0.0
congo,OPG092,EBC-12825,36.0,,4.0,,31.0,,205.0,,0.0,,1.0,,3.0,,1.0,,0.0,,245.0,,245.0,205.0,31.0,0.0,1.0,3.0,1.0,4.0,0.0
congo,OPG092,EBC-12878,45.0,,0.0,,91.0,,145.0,,0.0,,1.0,,5.0,,11.0,,0.0,,253.0,,253.0,145.0,91.0,0.0,11.0,5.0,1.0,0.0,0.0
congo,OPG092,EBC-12909,95.0,,1.0,,49.0,,174.0,,0.0,,4.0,,0.0,,7.0,,0.0,,235.0,,235.0,174.0,49.0,0.0,7.0,0.0,4.0,1.0,0.0
congo,OPG092,EBC-13197,,82.0,,0.0,,1.0,,0.0,,0.0,,0.0,,0.0,,0.0,,0.0,,1.0,-1.0,0.0,-1.0,0.0,0.0,0.0,0.0,0.0,0.0
congo,OPG092,EBC-13324,,76.0,,0.0,,5.0,,0.0,,0.0,,0.0,,0.0,,0.0,,0.0,,5.0,-5.0,0.0,-5.0,0.0,0.0,0.0,0.0,0.0,0.0
congo,OPG092,EBC-13379,16.0,,0.0,,53.0,,181.0,,0.0,,4.0,,5.0,,4.0,,0.0,,247.0,,247.0,181.0,53.0,0.0,4.0,5.0,4.0,0.0,0.0
congo,OPG092,EBC-13436,,53.0,,0.0,,1.0,,0.0,,0.0,,0.0,,0.0,,0.0,,0.0,,1.0,-1.0,0.0,-1.0,0.0,0.0,0.0,0.0,0.0,0.0
congo,OPG092,EBC-13607,7.0,,0.0,,58.0,,232.0,,0.0,,3.0,,2.0,,8.0,,0.0,,303.0,,303.0,232.0,58.0,0.0,8.0,2.0,3.0,0.0,0.0
congo,OPG092,EBC-14020,14.0,,5.0,,39.0,,181.0,,0.0,,2.0,,2.0,,1.0,,0.0,,230.0,,230.0,181.0,39.0,0.0,1.0,2.0,2.0,5.0,0.0
congo,OPG092,EBC-14214,52.0,,2.0,,25.0,,191.0,,0.0,,0.0,,2.0,,4.0,,0.0,,224.0,,224.0,191.0,25.0,0.0,4.0,2.0,0.0,2.0,0.0
congo,OPG092,EBC-145027,60.0,,0.0,,26.0,,214.0,,0.0,,2.0,,1.0,,2.0,,0.0,,245.0,,245.0,214.0,26.0,0.0,2.0,1.0,2.0,0.0,0.0
congo,OPG092,EBC-145175,,37.0,,0.0,,1.0,,0.0,,0.0,,0.0,,0.0,,0.0,,0.0,,1.0,-1.0,0.0,-1.0,0.0,0.0,0.0,0.0,0.0,0.0
congo,OPG092,EBC-145226,51.0,,0.0,,73.0,,152.0,,0.0,,1.0,,0.0,,8.0,,0.0,,234.0,,234.0,152.0,73.0,0.0,8.0,0.0,1.0,0.0,0.0
congo,OPG092,EBC-148031,100.0,,0.0,,82.0,,182.0,,0.0,,0.0,,3.0,,10.0,,0.0,,277.0,,277.0,182.0,82.0,0.0,10.0,3.0,0.0,0.0,0.0
congo,OPG092,EBC-149094,40.0,,0.0,,45.0,,139.0,,0.0,,1.0,,0.0,,5.0,,0.0,,190.0,,190.0,139.0,45.0,0.0,5.0,0.0,1.0,0.0,0.0
congo,OPG092,EBC-149132,39.0,,1.0,,38.0,,199.0,,0.0,,1.0,,0.0,,3.0,,0.0,,242.0,,242.0,199.0,38.0,0.0,3.0,0.0,1.0,1.0,0.0
congo,OPG092,EBC-151064,,25.0,,0.0,,1.0,,0.0,,0.0,,0.0,,0.0,,0.0,,0.0,,1.0,-1.0,0.0,-1.0,0.0,0.0,0.0,0.0,0.0,0.0
congo,OPG092,EBC-154070,53.0,,3.0,,51.0,,127.0,,0.0,,1.0,,4.0,,3.0,,0.0,,189.0,,189.0,127.0,51.0,0.0,3.0,4.0,1.0,3.0,0.0
congo,OPG092,EBC-155082,81.0,,0.0,,43.0,,153.0,,0.0,,0.0,,1.0,,3.0,,0.0,,200.0,,200.0,153.0,43.0,0.0,3.0,1.0,0.0,0.0,0.0
congo,OPG092,EBC-157073,25.0,,0.0,,13.0,,254.0,,0.0,,0.0,,1.0,,4.0,,0.0,,272.0,,272.0,254.0,13.0,0.0,4.0,1.0,0.0,0.0,0.0
congo,OPG092,EBC-157078,,18.0,,0.0,,2.0,,5.0,,0.0,,0.0,,0.0,,0.0,,0.0,,7.0,-7.0,-5.0,-2.0,0.0,0.0,0.0,0.0,0.0,0.0
congo,OPG092,EBC-157193,,1.0,,0.0,,2.0,,4.0,,0.0,,0.0,,0.0,,0.0,,0.0,,6.0,-6.0,-4.0,-2.0,0.0,0.0,0.0,0.0,0.0,0.0
congo,OPG092,EBC-157222,82.0,,0.0,,39.0,,132.0,,0.0,,0.0,,0.0,,0.0,,0.0,,171.0,,171.0,132.0,39.0,0.0,0.0,0.0,0.0,0.0,0.0
congo,OPG092,EBC-157248,65.0,,0.0,,63.0,,130.0,,0.0,,3.0,,5.0,,2.0,,0.0,,203.0,,203.0,130.0,63.0,0.0,2.0,5.0,3.0,0.0,0.0
congo,OPG092,EBC-160036,6.0,,3.0,,42.0,,162.0,,0.0,,0.0,,0.0,,3.0,,0.0,,210.0,,210.0,162.0,42.0,0.0,3.0,0.0,0.0,3.0,0.0
congo,OPG092,EBC-170095,,30.0,,0.0,,0.0,,1.0,,0.0,,0.0,,0.0,,0.0,,0.0,,1.0,-1.0,-1.0,0.0,0.0,0.0,0.0,0.0,0.0,0.0
congo,OPG092,EBC-182239,,36.0,,0.0,,1.0,,0.0,,0.0,,0.0,,3.0,,0.0,,0.0,,4.0,-4.0,0.0,-1.0,0.0,0.0,-3.0,0.0,0.0,0.0
congo,OPG092,EBC-186029,49.0,,0.0,,60.0,,156.0,,0.0,,1.0,,3.0,,3.0,,0.0,,223.0,,223.0,156.0,60.0,0.0,3.0,3.0,1.0,0.0,0.0
congo,OPG092,EBC-191032,75.0,,7.0,,45.0,,168.0,,0.0,,2.0,,1.0,,6.0,,0.0,,229.0,,229.0,168.0,45.0,0.0,6.0,1.0,2.0,7.0,0.0
congo,OPG092,EBC-216028,47.0,,0.0,,43.0,,166.0,,0.0,,3.0,,3.0,,7.0,,0.0,,222.0,,222.0,166.0,43.0,0.0,7.0,3.0,3.0,0.0,0.0
congo,OPG092,EBC-217022,13.0,,9.0,,51.0,,131.0,,0.0,,1.0,,0.0,,8.0,,0.0,,200.0,,200.0,131.0,51.0,0.0,8.0,0.0,1.0,9.0,0.0
congo,OPG092,EBC-218034,30.0,,0.0,,32.0,,170.0,,0.0,,2.0,,1.0,,6.0,,0.0,,211.0,,211.0,170.0,32.0,0.0,6.0,1.0,2.0,0.0,0.0
congo,OPG092,EBC-218037,35.0,,0.0,,51.0,,123.0,,0.0,,3.0,,3.0,,2.0,,0.0,,182.0,,182.0,123.0,51.0,0.0,2.0,3.0,3.0,0.0,0.0
congo,OPG092,EBC-218043,3.0,,0.0,,59.0,,179.0,,0.0,,9.0,,4.0,,8.0,,0.0,,259.0,,259.0,179.0,59.0,0.0,8.0,4.0,9.0,0.0,0.0
congo,OPG092,EBC-23629,22.0,,0.0,,30.0,,172.0,,0.0,,0.0,,4.0,,4.0,,0.0,,210.0,,210.0,172.0,30.0,0.0,4.0,4.0,0.0,0.0,0.0
congo,OPG092,EBC-245046,,29.0,,0.0,,1.0,,0.0,,0.0,,0.0,,0.0,,1.0,,0.0,,2.0,-2.0,0.0,-1.0,0.0,-1.0,0.0,0.0,0.0,0.0
congo,OPG092,EBC-249079,,50.0,,0.0,,2.0,,0.0,,0.0,,0.0,,0.0,,0.0,,0.0,,2.0,-2.0,0.0,-2.0,0.0,0.0,0.0,0.0,0.0,0.0
congo,OPG092,EBC-251155,74.0,,2.0,,52.0,,124.0,,0.0,,2.0,,1.0,,10.0,,0.0,,191.0,,191.0,124.0,52.0,0.0,10.0,1.0,2.0,2.0,0.0
congo,OPG092,EBC-251173,33.0,,0.0,,57.0,,178.0,,0.0,,5.0,,3.0,,9.0,,0.0,,252.0,,252.0,178.0,57.0,0.0,9.0,3.0,5.0,0.0,0.0
congo,OPG092,EBC-252111,,24.0,,0.0,,4.0,,6.0,,0.0,,0.0,,0.0,,1.0,,0.0,,11.0,-11.0,-6.0,-4.0,0.0,-1.0,0.0,0.0,0.0,0.0
congo,OPG092,EBC-252122,23.0,,7.0,,44.0,,150.0,,0.0,,2.0,,1.0,,4.0,,0.0,,208.0,,208.0,150.0,44.0,0.0,4.0,1.0,2.0,7.0,0.0
congo,OPG092,EBC-253291,43.0,,0.0,,43.0,,180.0,,0.0,,1.0,,6.0,,2.0,,0.0,,232.0,,232.0,180.0,43.0,0.0,2.0,6.0,1.0,0.0,0.0
congo,OPG092,EBC-26049,,59.0,,0.0,,1.0,,1.0,,0.0,,0.0,,0.0,,0.0,,0.0,,2.0,-2.0,-1.0,-1.0,0.0,0.0,0.0,0.0,0.0,0.0
congo,OPG092,EBC-26139,,54.0,,0.0,,1.0,,0.0,,0.0,,0.0,,0.0,,0.0,,0.0,,1.0,-1.0,0.0,-1.0,0.0,0.0,0.0,0.0,0.0,0.0
congo,OPG092,EBC-26146,,90.0,,0.0,,0.0,,4.0,,0.0,,0.0,,0.0,,0.0,,0.0,,4.0,-4.0,-4.0,0.0,0.0,0.0,0.0,0.0,0.0,0.0
congo,OPG092,EBC-26152,,28.0,,0.0,,1.0,,0.0,,0.0,,0.0,,0.0,,0.0,,0.0,,1.0,-1.0,0.0,-1.0,0.0,0.0,0.0,0.0,0.0,0.0
congo,OPG092,EBC-27030,69.0,,6.0,,80.0,,106.0,,0.0,,4.0,,0.0,,6.0,,0.0,,202.0,,202.0,106.0,80.0,0.0,6.0,0.0,4.0,6.0,0.0
congo,OPG092,EBC-27122,28.0,,12.0,,92.0,,90.0,,0.0,,3.0,,3.0,,2.0,,0.0,,202.0,,202.0,90.0,92.0,0.0,2.0,3.0,3.0,12.0,0.0
congo,OPG092,EBC-27265,1.0,,1.0,,8.0,,64.0,,0.0,,0.0,,4.0,,0.0,,0.0,,77.0,,77.0,64.0,8.0,0.0,0.0,4.0,0.0,1.0,0.0
congo,OPG092,EBC-27345,29.0,,10.0,,24.0,,127.0,,0.0,,3.0,,0.0,,0.0,,0.0,,164.0,,164.0,127.0,24.0,0.0,0.0,0.0,3.0,10.0,0.0
congo,OPG092,EBC-27428,58.0,,0.0,,69.0,,164.0,,0.0,,1.0,,0.0,,2.0,,0.0,,236.0,,236.0,164.0,69.0,0.0,2.0,0.0,1.0,0.0,0.0
congo,OPG092,EBC-286055,8.0,,0.0,,60.0,,152.0,,0.0,,3.0,,3.0,,3.0,,0.0,,221.0,,221.0,152.0,60.0,0.0,3.0,3.0,3.0,0.0,0.0
congo,OPG092,EBC-287070,9.0,,0.0,,44.0,,223.0,,0.0,,2.0,,1.0,,2.0,,0.0,,272.0,,272.0,223.0,44.0,0.0,2.0,1.0,2.0,0.0,0.0
congo,OPG092,EBC-289041,,11.0,,0.0,,0.0,,5.0,,0.0,,0.0,,0.0,,0.0,,0.0,,5.0,-5.0,-5.0,0.0,0.0,0.0,0.0,0.0,0.0,0.0
congo,OPG092,EBC-289112,11.0,,0.0,,25.0,,187.0,,0.0,,3.0,,1.0,,1.0,,0.0,,217.0,,217.0,187.0,25.0,0.0,1.0,1.0,3.0,0.0,0.0
congo,OPG092,EBC-290041,44.0,,7.0,,160.0,,127.0,,0.0,,1.0,,4.0,,28.0,,0.0,,327.0,,327.0,127.0,160.0,0.0,28.0,4.0,1.0,7.0,0.0
congo,OPG092,EBC-291049,90.0,,6.0,,33.0,,147.0,,0.0,,0.0,,1.0,,7.0,,0.0,,194.0,,194.0,147.0,33.0,0.0,7.0,1.0,0.0,6.0,0.0
congo,OPG092,EBC-291117,57.0,,0.0,,23.0,,207.0,,0.0,,0.0,,0.0,,4.0,,0.0,,234.0,,234.0,207.0,23.0,0.0,4.0,0.0,0.0,0.0,0.0
congo,OPG092,EBC-291176,38.0,,0.0,,21.0,,190.0,,0.0,,4.0,,2.0,,1.0,,0.0,,218.0,,218.0,190.0,21.0,0.0,1.0,2.0,4.0,0.0,0.0
congo,OPG092,EBC-303070,31.0,,0.0,,28.0,,176.0,,0.0,,0.0,,6.0,,3.0,,0.0,,213.0,,213.0,176.0,28.0,0.0,3.0,6.0,0.0,0.0,0.0
congo,OPG092,EBC-303226,,93.0,,0.0,,2.0,,4.0,,0.0,,0.0,,0.0,,0.0,,0.0,,6.0,-6.0,-4.0,-2.0,0.0,0.0,0.0,0.0,0.0,0.0
congo,OPG092,EBC-339118,34.0,,0.0,,89.0,,135.0,,0.0,,2.0,,2.0,,4.0,,0.0,,232.0,,232.0,135.0,89.0,0.0,4.0,2.0,2.0,0.0,0.0
congo,OPG092,EBC-352046,70.0,,0.0,,43.0,,199.0,,0.0,,1.0,,2.0,,8.0,,0.0,,253.0,,253.0,199.0,43.0,0.0,8.0,2.0,1.0,0.0,0.0
congo,OPG092,EBC-373080,15.0,,1.0,,48.0,,187.0,,0.0,,0.0,,0.0,,9.0,,0.0,,245.0,,245.0,187.0,48.0,0.0,9.0,0.0,0.0,1.0,0.0
congo,OPG092,EBC-43021,99.0,,0.0,,66.0,,145.0,,0.0,,1.0,,3.0,,4.0,,0.0,,219.0,,219.0,145.0,66.0,0.0,4.0,3.0,1.0,0.0,0.0
congo,OPG092,EBC-44111,,49.0,,0.0,,2.0,,0.0,,0.0,,0.0,,0.0,,0.0,,0.0,,2.0,-2.0,0.0,-2.0,0.0,0.0,0.0,0.0,0.0,0.0
congo,OPG092,EBC-44165,83.0,,0.0,,67.0,,108.0,,0.0,,2.0,,5.0,,3.0,,0.0,,185.0,,185.0,108.0,67.0,0.0,3.0,5.0,2.0,0.0,0.0
congo,OPG092,EBC-44358,71.0,,5.0,,67.0,,106.0,,0.0,,3.0,,0.0,,8.0,,0.0,,189.0,,189.0,106.0,67.0,0.0,8.0,0.0,3.0,5.0,0.0
congo,OPG092,EBC-44365,66.0,,2.0,,43.0,,179.0,,0.0,,1.0,,1.0,,15.0,,0.0,,241.0,,241.0,179.0,43.0,0.0,15.0,1.0,1.0,2.0,0.0
congo,OPG092,EBC-44384,,61.0,,0.0,,1.0,,3.0,,0.0,,0.0,,0.0,,0.0,,0.0,,4.0,-4.0,-3.0,-1.0,0.0,0.0,0.0,0.0,0.0,0.0
congo,OPG092,EBC-44449,55.0,,11.0,,36.0,,139.0,,0.0,,0.0,,1.0,,3.0,,0.0,,190.0,,190.0,139.0,36.0,0.0,3.0,1.0,0.0,11.0,0.0
congo,OPG092,EBC-46024,63.0,,2.0,,71.0,,129.0,,0.0,,0.0,,1.0,,3.0,,0.0,,206.0,,206.0,129.0,71.0,0.0,3.0,1.0,0.0,2.0,0.0
congo,OPG092,EBC-46057,24.0,,0.0,,61.0,,208.0,,0.0,,1.0,,4.0,,1.0,,0.0,,275.0,,275.0,208.0,61.0,0.0,1.0,4.0,1.0,0.0,0.0
congo,OPG092,EBC-46286,,14.0,,0.0,,4.0,,3.0,,0.0,,0.0,,0.0,,0.0,,0.0,,7.0,-7.0,-3.0,-4.0,0.0,0.0,0.0,0.0,0.0,0.0
congo,OPG092,EBC-46294,5.0,,1.0,,127.0,,154.0,,0.0,,5.0,,1.0,,15.0,,0.0,,303.0,,303.0,154.0,127.0,0.0,15.0,1.0,5.0,1.0,0.0
congo,OPG092,EBC-47024,37.0,,0.0,,114.0,,125.0,,0.0,,1.0,,2.0,,4.0,,0.0,,246.0,,246.0,125.0,114.0,0.0,4.0,2.0,1.0,0.0,0.0
congo,OPG092,EBC-47073,80.0,,11.0,,99.0,,128.0,,0.0,,3.0,,2.0,,8.0,,0.0,,251.0,,251.0,128.0,99.0,0.0,8.0,2.0,3.0,11.0,0.0
congo,OPG092,EBC-47187,,15.0,,0.0,,1.0,,0.0,,0.0,,2.0,,0.0,,0.0,,0.0,,3.0,-3.0,0.0,-1.0,0.0,0.0,0.0,-2.0,0.0,0.0
congo,OPG092,EBC-47216,,87.0,,0.0,,1.0,,0.0,,0.0,,0.0,,0.0,,4.0,,0.0,,5.0,-5.0,0.0,-1.0,0.0,-4.0,0.0,0.0,0.0,0.0
congo,OPG092,EBC-47426,,97.0,,0.0,,0.0,,1.0,,0.0,,0.0,,0.0,,0.0,,0.0,,1.0,-1.0,-1.0,0.0,0.0,0.0,0.0,0.0,0.0,0.0
congo,OPG092,EBC-47582,,81.0,,0.0,,1.0,,0.0,,0.0,,0.0,,0.0,,0.0,,0.0,,1.0,-1.0,0.0,-1.0,0.0,0.0,0.0,0.0,0.0,0.0
congo,OPG092,EBC-47583,,31.0,,0.0,,0.0,,0.0,,0.0,,0.0,,0.0,,3.0,,0.0,,3.0,-3.0,0.0,0.0,0.0,-3.0,0.0,0.0,0.0,0.0
congo,OPG092,EBC-48058,,39.0,,0.0,,0.0,,0.0,,0.0,,0.0,,1.0,,0.0,,0.0,,1.0,-1.0,0.0,0.0,0.0,0.0,-1.0,0.0,0.0,0.0
congo,OPG092,EBC-48170,,96.0,,0.0,,1.0,,2.0,,0.0,,0.0,,0.0,,0.0,,0.0,,3.0,-3.0,-2.0,-1.0,0.0,0.0,0.0,0.0,0.0,0.0
congo,OPG092,EBC-48186,2.0,,13.0,,35.0,,124.0,,0.0,,0.0,,0.0,,1.0,,0.0,,173.0,,173.0,124.0,35.0,0.0,1.0,0.0,0.0,13.0,0.0
congo,OPG092,EBC-48191,,41.0,,0.0,,1.0,,0.0,,0.0,,0.0,,0.0,,0.0,,0.0,,1.0,-1.0,0.0,-1.0,0.0,0.0,0.0,0.0,0.0,0.0
congo,OPG092,EBC-50109,,38.0,,0.0,,1.0,,0.0,,0.0,,0.0,,0.0,,0.0,,0.0,,1.0,-1.0,0.0,-1.0,0.0,0.0,0.0,0.0,0.0,0.0
congo,OPG092,EBC-63089,10.0,,2.0,,98.0,,124.0,,0.0,,3.0,,0.0,,5.0,,0.0,,232.0,,232.0,124.0,98.0,0.0,5.0,0.0,3.0,2.0,0.0
congo,OPG092,EBC-71032,48.0,,0.0,,24.0,,159.0,,0.0,,2.0,,3.0,,3.0,,0.0,,191.0,,191.0,159.0,24.0,0.0,3.0,3.0,2.0,0.0,0.0
congo,OPG092,EBC-73130,,13.0,,0.0,,2.0,,3.0,,0.0,,0.0,,0.0,,0.0,,0.0,,5.0,-5.0,-3.0,-2.0,0.0,0.0,0.0,0.0,0.0,0.0
congo,OPG092,EBC-80124,89.0,,0.0,,25.0,,212.0,,0.0,,1.0,,0.0,,3.0,,0.0,,241.0,,241.0,212.0,25.0,0.0,3.0,0.0,1.0,0.0,0.0
congo,OPG092,EBC-84050,18.0,,4.0,,76.0,,144.0,,0.0,,5.0,,5.0,,18.0,,0.0,,252.0,,252.0,144.0,76.0,0.0,18.0,5.0,5.0,4.0,0.0
congo,OPG092,EBC-99051,56.0,,3.0,,52.0,,121.0,,0.0,,1.0,,4.0,,2.0,,0.0,,183.0,,183.0,121.0,52.0,0.0,2.0,4.0,1.0,3.0,0.0
congo,OPG092,EBC-99057,,12.0,,0.0,,1.0,,2.0,,0.0,,0.0,,0.0,,0.0,,0.0,,3.0,-3.0,-2.0,-1.0,0.0,0.0,0.0,0.0,0.0,0.0
congo,OPG092,EBC-99100,,33.0,,0.0,,0.0,,0.0,,0.0,,0.0,,0.0,,0.0,,0.0,,0.0,0.0,0.0,0.0,0.0,0.0,0.0,0.0,0.0,0.0
congo,OPG112,EBC-00537,,2.0,,0.0,,1.0,,1.0,,0.0,,0.0,,0.0,,1.0,,0.0,,3.0,-3.0,-1.0,-1.0,0.0,-1.0,0.0,0.0,0.0,0.0
congo,OPG112,EBC-00588,,62.0,,0.0,,1.0,,4.0,,0.0,,3.0,,0.0,,0.0,,0.0,,8.0,-8.0,-4.0,-1.0,0.0,0.0,0.0,-3.0,0.0,0.0
congo,OPG112,EBC-00625,68.0,,0.0,,33.0,,108.0,,0.0,,1.0,,0.0,,5.0,,0.0,,147.0,,147.0,108.0,33.0,0.0,5.0,0.0,1.0,0.0,0.0
congo,OPG112,EBC-00635,,22.0,,0.0,,2.0,,1.0,,0.0,,1.0,,1.0,,0.0,,0.0,,5.0,-5.0,-1.0,-2.0,0.0,0.0,-1.0,-1.0,0.0,0.0
congo,OPG112,EBC-00636,51.0,,0.0,,53.0,,97.0,,0.0,,0.0,,1.0,,7.0,,0.0,,158.0,,158.0,97.0,53.0,0.0,7.0,1.0,0.0,0.0,0.0
congo,OPG112,EBC-00682,,71.0,,0.0,,0.0,,5.0,,0.0,,2.0,,0.0,,0.0,,0.0,,7.0,-7.0,-5.0,0.0,0.0,0.0,0.0,-2.0,0.0,0.0
congo,OPG112,EBC-00692,72.0,,0.0,,92.0,,72.0,,0.0,,0.0,,1.0,,12.0,,0.0,,177.0,,177.0,72.0,92.0,0.0,12.0,1.0,0.0,0.0,0.0
congo,OPG112,EBC-00696,45.0,,2.0,,50.0,,150.0,,0.0,,0.0,,0.0,,1.0,,0.0,,203.0,,203.0,150.0,50.0,0.0,1.0,0.0,0.0,2.0,0.0
congo,OPG112,EBC-00705,85.0,,5.0,,83.0,,75.0,,0.0,,0.0,,1.0,,7.0,,0.0,,171.0,,171.0,75.0,83.0,0.0,7.0,1.0,0.0,5.0,0.0
congo,OPG112,EBC-02079,16.0,,0.0,,49.0,,78.0,,0.0,,0.0,,1.0,,9.0,,0.0,,137.0,,137.0,78.0,49.0,0.0,9.0,1.0,0.0,0.0,0.0
congo,OPG112,EBC-03170,,74.0,,0.0,,1.0,,0.0,,0.0,,0.0,,0.0,,2.0,,0.0,,3.0,-3.0,0.0,-1.0,0.0,-2.0,0.0,0.0,0.0,0.0
congo,OPG112,EBC-03195,,90.0,,0.0,,1.0,,1.0,,0.0,,0.0,,0.0,,0.0,,0.0,,2.0,-2.0,-1.0,-1.0,0.0,0.0,0.0,0.0,0.0,0.0
congo,OPG112,EBC-03196,,16.0,,0.0,,0.0,,0.0,,0.0,,0.0,,0.0,,0.0,,0.0,,0.0,0.0,0.0,0.0,0.0,0.0,0.0,0.0,0.0,0.0
congo,OPG112,EBC-03237,,36.0,,0.0,,0.0,,0.0,,0.0,,0.0,,0.0,,1.0,,0.0,,1.0,-1.0,0.0,0.0,0.0,-1.0,0.0,0.0,0.0,0.0
congo,OPG112,EBC-03250,,24.0,,0.0,,1.0,,4.0,,0.0,,1.0,,0.0,,0.0,,0.0,,6.0,-6.0,-4.0,-1.0,0.0,0.0,0.0,-1.0,0.0,0.0
congo,OPG112,EBC-03337,,5.0,,0.0,,1.0,,0.0,,0.0,,0.0,,1.0,,0.0,,0.0,,2.0,-2.0,0.0,-1.0,0.0,0.0,-1.0,0.0,0.0,0.0
congo,OPG112,EBC-03346,,29.0,,0.0,,3.0,,2.0,,0.0,,0.0,,1.0,,0.0,,0.0,,6.0,-6.0,-2.0,-3.0,0.0,0.0,-1.0,0.0,0.0,0.0
congo,OPG112,EBC-03357,,1.0,,0.0,,0.0,,4.0,,0.0,,1.0,,0.0,,0.0,,0.0,,5.0,-5.0,-4.0,0.0,0.0,0.0,0.0,-1.0,0.0,0.0
congo,OPG112,EBC-03389,,82.0,,0.0,,0.0,,5.0,,0.0,,1.0,,0.0,,0.0,,0.0,,6.0,-6.0,-5.0,0.0,0.0,0.0,0.0,-1.0,0.0,0.0
congo,OPG112,EBC-03450,,31.0,,0.0,,2.0,,2.0,,0.0,,0.0,,1.0,,0.0,,0.0,,5.0,-5.0,-2.0,-2.0,0.0,0.0,-1.0,0.0,0.0,0.0
congo,OPG112,EBC-03590,,10.0,,0.0,,0.0,,2.0,,0.0,,0.0,,0.0,,0.0,,0.0,,2.0,-2.0,-2.0,0.0,0.0,0.0,0.0,0.0,0.0,0.0
congo,OPG112,EBC-03728,,15.0,,0.0,,1.0,,3.0,,0.0,,0.0,,1.0,,0.0,,0.0,,5.0,-5.0,-3.0,-1.0,0.0,0.0,-1.0,0.0,0.0,0.0
congo,OPG112,EBC-03775,,84.0,,0.0,,0.0,,5.0,,0.0,,2.0,,0.0,,1.0,,0.0,,8.0,-8.0,-5.0,0.0,0.0,-1.0,0.0,-2.0,0.0,0.0
congo,OPG112,EBC-03821,,78.0,,0.0,,1.0,,4.0,,0.0,,1.0,,0.0,,2.0,,0.0,,8.0,-8.0,-4.0,-1.0,0.0,-2.0,0.0,-1.0,0.0,0.0
congo,OPG112,EBC-03883,,20.0,,0.0,,3.0,,3.0,,0.0,,0.0,,1.0,,0.0,,0.0,,7.0,-7.0,-3.0,-3.0,0.0,0.0,-1.0,0.0,0.0,0.0
congo,OPG112,EBC-03959,,23.0,,0.0,,0.0,,1.0,,0.0,,0.0,,0.0,,0.0,,0.0,,1.0,-1.0,-1.0,0.0,0.0,0.0,0.0,0.0,0.0,0.0
congo,OPG112,EBC-04043,,8.0,,0.0,,0.0,,0.0,,0.0,,0.0,,0.0,,0.0,,0.0,,0.0,0.0,0.0,0.0,0.0,0.0,0.0,0.0,0.0,0.0
congo,OPG112,EBC-04074,,87.0,,1.0,,0.0,,0.0,,0.0,,0.0,,0.0,,0.0,,0.0,,1.0,-1.0,0.0,0.0,0.0,0.0,0.0,0.0,-1.0,0.0
congo,OPG112,EBC-04111,,61.0,,0.0,,5.0,,1.0,,0.0,,0.0,,0.0,,0.0,,0.0,,6.0,-6.0,-1.0,-5.0,0.0,0.0,0.0,0.0,0.0,0.0
congo,OPG112,EBC-04125,,64.0,,0.0,,1.0,,5.0,,0.0,,1.0,,0.0,,0.0,,0.0,,7.0,-7.0,-5.0,-1.0,0.0,0.0,0.0,-1.0,0.0,0.0
congo,OPG112,EBC-04147,,76.0,,0.0,,0.0,,4.0,,0.0,,1.0,,0.0,,0.0,,0.0,,5.0,-5.0,-4.0,0.0,0.0,0.0,0.0,-1.0,0.0,0.0
congo,OPG112,EBC-04270,,14.0,,0.0,,1.0,,0.0,,0.0,,0.0,,0.0,,0.0,,0.0,,1.0,-1.0,0.0,-1.0,0.0,0.0,0.0,0.0,0.0,0.0
congo,OPG112,EBC-04271,,13.0,,0.0,,1.0,,0.0,,0.0,,0.0,,0.0,,0.0,,0.0,,1.0,-1.0,0.0,-1.0,0.0,0.0,0.0,0.0,0.0,0.0
congo,OPG112,EBC-04298,,32.0,,0.0,,0.0,,0.0,,0.0,,0.0,,0.0,,0.0,,0.0,,0.0,0.0,0.0,0.0,0.0,0.0,0.0,0.0,0.0,0.0
congo,OPG112,EBC-04330,,54.0,,0.0,,1.0,,1.0,,0.0,,0.0,,0.0,,1.0,,0.0,,3.0,-3.0,-1.0,-1.0,0.0,-1.0,0.0,0.0,0.0,0.0
congo,OPG112,EBC-06036,,91.0,,0.0,,0.0,,2.0,,0.0,,0.0,,0.0,,0.0,,0.0,,2.0,-2.0,-2.0,0.0,0.0,0.0,0.0,0.0,0.0,0.0
congo,OPG112,EBC-06054,,95.0,,0.0,,0.0,,3.0,,0.0,,0.0,,0.0,,0.0,,0.0,,3.0,-3.0,-3.0,0.0,0.0,0.0,0.0,0.0,0.0,0.0
congo,OPG112,EBC-06061,18.0,,0.0,,57.0,,86.0,,0.0,,2.0,,0.0,,10.0,,0.0,,155.0,,155.0,86.0,57.0,0.0,10.0,0.0,2.0,0.0,0.0
congo,OPG112,EBC-06062,88.0,,0.0,,67.0,,125.0,,0.0,,4.0,,6.0,,8.0,,0.0,,210.0,,210.0,125.0,67.0,0.0,8.0,6.0,4.0,0.0,0.0
congo,OPG112,EBC-06215,,99.0,,0.0,,2.0,,1.0,,0.0,,0.0,,0.0,,0.0,,0.0,,3.0,-3.0,-1.0,-2.0,0.0,0.0,0.0,0.0,0.0,0.0
congo,OPG112,EBC-06218,,67.0,,0.0,,2.0,,3.0,,0.0,,0.0,,0.0,,0.0,,0.0,,5.0,-5.0,-3.0,-2.0,0.0,0.0,0.0,0.0,0.0,0.0
congo,OPG112,EBC-06222,,51.0,,0.0,,1.0,,4.0,,0.0,,1.0,,0.0,,0.0,,0.0,,6.0,-6.0,-4.0,-1.0,0.0,0.0,0.0,-1.0,0.0,0.0
congo,OPG112,EBC-06239,,21.0,,0.0,,1.0,,6.0,,0.0,,0.0,,0.0,,0.0,,0.0,,7.0,-7.0,-6.0,-1.0,0.0,0.0,0.0,0.0,0.0,0.0
congo,OPG112,EBC-06304,,53.0,,0.0,,0.0,,1.0,,0.0,,0.0,,0.0,,1.0,,0.0,,2.0,-2.0,-1.0,0.0,0.0,-1.0,0.0,0.0,0.0,0.0
congo,OPG112,EBC-06383,,26.0,,0.0,,2.0,,4.0,,0.0,,0.0,,1.0,,0.0,,0.0,,7.0,-7.0,-4.0,-2.0,0.0,0.0,-1.0,0.0,0.0,0.0
congo,OPG112,EBC-06389,,88.0,,0.0,,1.0,,6.0,,0.0,,0.0,,0.0,,0.0,,0.0,,7.0,-7.0,-6.0,-1.0,0.0,0.0,0.0,0.0,0.0,0.0
congo,OPG112,EBC-06535,,43.0,,0.0,,0.0,,4.0,,0.0,,0.0,,0.0,,0.0,,0.0,,4.0,-4.0,-4.0,0.0,0.0,0.0,0.0,0.0,0.0,0.0
congo,OPG112,EBC-06620,,57.0,,0.0,,0.0,,4.0,,0.0,,2.0,,0.0,,1.0,,0.0,,7.0,-7.0,-4.0,0.0,0.0,-1.0,0.0,-2.0,0.0,0.0
congo,OPG112,EBC-06798,,75.0,,0.0,,1.0,,4.0,,0.0,,2.0,,0.0,,2.0,,0.0,,9.0,-9.0,-4.0,-1.0,0.0,-2.0,0.0,-2.0,0.0,0.0
congo,OPG112,EBC-06841,,49.0,,0.0,,1.0,,3.0,,0.0,,1.0,,0.0,,0.0,,0.0,,5.0,-5.0,-3.0,-1.0,0.0,0.0,0.0,-1.0,0.0,0.0
congo,OPG112,EBC-06969,,93.0,,0.0,,0.0,,1.0,,0.0,,0.0,,0.0,,0.0,,0.0,,1.0,-1.0,-1.0,0.0,0.0,0.0,0.0,0.0,0.0,0.0
congo,OPG112,EBC-07057,,79.0,,0.0,,2.0,,4.0,,0.0,,1.0,,0.0,,0.0,,0.0,,7.0,-7.0,-4.0,-2.0,0.0,0.0,0.0,-1.0,0.0,0.0
congo,OPG112,EBC-07157,15.0,,0.0,,57.0,,78.0,,0.0,,2.0,,0.0,,12.0,,0.0,,149.0,,149.0,78.0,57.0,0.0,12.0,0.0,2.0,0.0,0.0
congo,OPG112,EBC-07244,,89.0,,1.0,,0.0,,1.0,,0.0,,0.0,,0.0,,0.0,,0.0,,2.0,-2.0,-1.0,0.0,0.0,0.0,0.0,0.0,-1.0,0.0
congo,OPG112,EBC-07357,,86.0,,0.0,,0.0,,5.0,,0.0,,1.0,,0.0,,0.0,,0.0,,6.0,-6.0,-5.0,0.0,0.0,0.0,0.0,-1.0,0.0,0.0
congo,OPG112,EBC-07425,,34.0,,0.0,,0.0,,3.0,,0.0,,2.0,,0.0,,0.0,,0.0,,5.0,-5.0,-3.0,0.0,0.0,0.0,0.0,-2.0,0.0,0.0
congo,OPG112,EBC-07498,,55.0,,1.0,,1.0,,3.0,,0.0,,2.0,,1.0,,0.0,,0.0,,8.0,-8.0,-3.0,-1.0,0.0,0.0,-1.0,-2.0,-1.0,0.0
congo,OPG112,EBC-07557,97.0,,0.0,,73.0,,104.0,,0.0,,2.0,,3.0,,9.0,,0.0,,191.0,,191.0,104.0,73.0,0.0,9.0,3.0,2.0,0.0,0.0
congo,OPG112,EBC-07586,,70.0,,0.0,,0.0,,5.0,,0.0,,2.0,,0.0,,0.0,,0.0,,7.0,-7.0,-5.0,0.0,0.0,0.0,0.0,-2.0,0.0,0.0
congo,OPG112,EBC-07618,86.0,,7.0,,60.0,,100.0,,0.0,,0.0,,1.0,,2.0,,0.0,,170.0,,170.0,100.0,60.0,0.0,2.0,1.0,0.0,7.0,0.0
congo,OPG112,EBC-07628,,98.0,,0.0,,1.0,,1.0,,0.0,,0.0,,0.0,,0.0,,0.0,,2.0,-2.0,-1.0,-1.0,0.0,0.0,0.0,0.0,0.0,0.0
congo,OPG112,EBC-07725,,69.0,,0.0,,2.0,,4.0,,0.0,,0.0,,0.0,,0.0,,0.0,,6.0,-6.0,-4.0,-2.0,0.0,0.0,0.0,0.0,0.0,0.0
congo,OPG112,EBC-07744,17.0,,0.0,,47.0,,153.0,,0.0,,2.0,,2.0,,2.0,,0.0,,206.0,,206.0,153.0,47.0,0.0,2.0,2.0,2.0,0.0,0.0
congo,OPG112,EBC-07822,,83.0,,0.0,,2.0,,6.0,,0.0,,1.0,,0.0,,0.0,,0.0,,9.0,-9.0,-6.0,-2.0,0.0,0.0,0.0,-1.0,0.0,0.0
congo,OPG112,EBC-07850,,100.0,,0.0,,1.0,,5.0,,0.0,,0.0,,1.0,,0.0,,0.0,,7.0,-7.0,-5.0,-1.0,0.0,0.0,-1.0,0.0,0.0,0.0
congo,OPG112,EBC-07868,12.0,,0.0,,82.0,,95.0,,0.0,,3.0,,0.0,,7.0,,0.0,,187.0,,187.0,95.0,82.0,0.0,7.0,0.0,3.0,0.0,0.0
congo,OPG112,EBC-07988,90.0,,4.0,,111.0,,142.0,,0.0,,2.0,,1.0,,16.0,,0.0,,276.0,,276.0,142.0,111.0,0.0,16.0,1.0,2.0,4.0,0.0
congo,OPG112,EBC-08103,,60.0,,1.0,,0.0,,2.0,,0.0,,1.0,,0.0,,0.0,,0.0,,4.0,-4.0,-2.0,0.0,0.0,0.0,0.0,-1.0,-1.0,0.0
congo,OPG112,EBC-08123,,9.0,,0.0,,1.0,,5.0,,0.0,,0.0,,0.0,,0.0,,0.0,,6.0,-6.0,-5.0,-1.0,0.0,0.0,0.0,0.0,0.0,0.0
congo,OPG112,EBC-08204,,27.0,,0.0,,1.0,,3.0,,0.0,,1.0,,0.0,,0.0,,0.0,,5.0,-5.0,-3.0,-1.0,0.0,0.0,0.0,-1.0,0.0,0.0
congo,OPG112,EBC-08307,,77.0,,0.0,,1.0,,6.0,,0.0,,1.0,,0.0,,0.0,,0.0,,8.0,-8.0,-6.0,-1.0,0.0,0.0,0.0,-1.0,0.0,0.0
congo,OPG112,EBC-08385,,45.0,,0.0,,0.0,,0.0,,0.0,,0.0,,0.0,,0.0,,0.0,,0.0,0.0,0.0,0.0,0.0,0.0,0.0,0.0,0.0,0.0
congo,OPG112,EBC-08536,67.0,,0.0,,83.0,,105.0,,0.0,,2.0,,0.0,,6.0,,0.0,,196.0,,196.0,105.0,83.0,0.0,6.0,0.0,2.0,0.0,0.0
congo,OPG112,EBC-08537,,94.0,,0.0,,0.0,,7.0,,0.0,,0.0,,1.0,,0.0,,0.0,,8.0,-8.0,-7.0,0.0,0.0,0.0,-1.0,0.0,0.0,0.0
congo,OPG112,EBC-08573,39.0,,1.0,,77.0,,80.0,,0.0,,0.0,,1.0,,10.0,,0.0,,169.0,,169.0,80.0,77.0,0.0,10.0,1.0,0.0,1.0,0.0
congo,OPG112,EBC-08587,65.0,,0.0,,42.0,,102.0,,0.0,,0.0,,0.0,,0.0,,0.0,,144.0,,144.0,102.0,42.0,0.0,0.0,0.0,0.0,0.0,0.0
congo,OPG112,EBC-08600,,97.0,,0.0,,0.0,,1.0,,0.0,,0.0,,0.0,,0.0,,0.0,,1.0,-1.0,-1.0,0.0,0.0,0.0,0.0,0.0,0.0,0.0
congo,OPG112,EBC-08615,14.0,,0.0,,109.0,,89.0,,0.0,,0.0,,0.0,,11.0,,0.0,,209.0,,209.0,89.0,109.0,0.0,11.0,0.0,0.0,0.0,0.0
congo,OPG112,EBC-08645,,66.0,,0.0,,0.0,,3.0,,0.0,,1.0,,0.0,,0.0,,0.0,,4.0,-4.0,-3.0,0.0,0.0,0.0,0.0,-1.0,0.0,0.0
congo,OPG112,EBC-08671,48.0,,0.0,,87.0,,93.0,,0.0,,1.0,,1.0,,8.0,,0.0,,190.0,,190.0,93.0,87.0,0.0,8.0,1.0,1.0,0.0,0.0
congo,OPG112,EBC-08678,96.0,,0.0,,60.0,,104.0,,0.0,,2.0,,1.0,,6.0,,0.0,,173.0,,173.0,104.0,60.0,0.0,6.0,1.0,2.0,0.0,0.0
congo,OPG112,EBC-08829,,85.0,,0.0,,1.0,,3.0,,0.0,,0.0,,0.0,,0.0,,0.0,,4.0,-4.0,-3.0,-1.0,0.0,0.0,0.0,0.0,0.0,0.0
congo,OPG112,EBC-08908,32.0,,4.0,,105.0,,99.0,,0.0,,0.0,,1.0,,10.0,,0.0,,219.0,,219.0,99.0,105.0,0.0,10.0,1.0,0.0,4.0,0.0
congo,OPG112,EBC-08915,78.0,,0.0,,33.0,,148.0,,0.0,,2.0,,2.0,,4.0,,0.0,,189.0,,189.0,148.0,33.0,0.0,4.0,2.0,2.0,0.0,0.0
congo,OPG112,EBC-09014,54.0,,9.0,,79.0,,136.0,,0.0,,0.0,,3.0,,6.0,,0.0,,233.0,,233.0,136.0,79.0,0.0,6.0,3.0,0.0,9.0,0.0
congo,OPG112,EBC-09060,69.0,,0.0,,109.0,,88.0,,0.0,,2.0,,0.0,,4.0,,0.0,,203.0,,203.0,88.0,109.0,0.0,4.0,0.0,2.0,0.0,0.0
congo,OPG112,EBC-09085,41.0,,0.0,,73.0,,98.0,,0.0,,0.0,,0.0,,7.0,,0.0,,178.0,,178.0,98.0,73.0,0.0,7.0,0.0,0.0,0.0,0.0
congo,OPG112,EBC-09132,56.0,,4.0,,51.0,,80.0,,0.0,,1.0,,0.0,,15.0,,0.0,,151.0,,151.0,80.0,51.0,0.0,15.0,0.0,1.0,4.0,0.0
congo,OPG112,EBC-09174,,63.0,,0.0,,0.0,,4.0,,0.0,,3.0,,0.0,,0.0,,0.0,,7.0,-7.0,-4.0,0.0,0.0,0.0,0.0,-3.0,0.0,0.0
congo,OPG112,EBC-09202,30.0,,6.0,,76.0,,99.0,,0.0,,1.0,,0.0,,3.0,,0.0,,185.0,,185.0,99.0,76.0,0.0,3.0,0.0,1.0,6.0,0.0
congo,OPG112,EBC-108081,93.0,,2.0,,113.0,,96.0,,0.0,,3.0,,1.0,,17.0,,0.0,,232.0,,232.0,96.0,113.0,0.0,17.0,1.0,3.0,2.0,0.0
congo,OPG112,EBC-11029,71.0,,0.0,,92.0,,104.0,,0.0,,3.0,,1.0,,7.0,,0.0,,207.0,,207.0,104.0,92.0,0.0,7.0,1.0,3.0,0.0,0.0
congo,OPG112,EBC-11033,,41.0,,0.0,,3.0,,0.0,,0.0,,0.0,,0.0,,0.0,,0.0,,3.0,-3.0,0.0,-3.0,0.0,0.0,0.0,0.0,0.0,0.0
congo,OPG112,EBC-11035,,96.0,,0.0,,0.0,,3.0,,0.0,,0.0,,0.0,,0.0,,0.0,,3.0,-3.0,-3.0,0.0,0.0,0.0,0.0,0.0,0.0,0.0
congo,OPG112,EBC-11281,84.0,,23.0,,33.0,,84.0,,0.0,,0.0,,0.0,,3.0,,0.0,,143.0,,143.0,84.0,33.0,0.0,3.0,0.0,0.0,23.0,0.0
congo,OPG112,EBC-11364,28.0,,12.0,,62.0,,57.0,,0.0,,3.0,,0.0,,8.0,,0.0,,142.0,,142.0,57.0,62.0,0.0,8.0,0.0,3.0,12.0,0.0
congo,OPG112,EBC-11433,31.0,,8.0,,96.0,,86.0,,0.0,,1.0,,1.0,,9.0,,0.0,,201.0,,201.0,86.0,96.0,0.0,9.0,1.0,1.0,8.0,0.0
congo,OPG112,EBC-11456,57.0,,4.0,,72.0,,99.0,,0.0,,2.0,,0.0,,14.0,,0.0,,191.0,,191.0,99.0,72.0,0.0,14.0,0.0,2.0,4.0,0.0
congo,OPG112,EBC-118033,46.0,,5.0,,69.0,,85.0,,0.0,,0.0,,1.0,,13.0,,0.0,,173.0,,173.0,85.0,69.0,0.0,13.0,1.0,0.0,5.0,0.0
congo,OPG112,EBC-12147,63.0,,1.0,,90.0,,56.0,,0.0,,0.0,,1.0,,11.0,,0.0,,159.0,,159.0,56.0,90.0,0.0,11.0,1.0,0.0,1.0,0.0
congo,OPG112,EBC-12592,53.0,,5.0,,54.0,,92.0,,0.0,,0.0,,0.0,,3.0,,0.0,,154.0,,154.0,92.0,54.0,0.0,3.0,0.0,0.0,5.0,0.0
congo,OPG112,EBC-127031,,19.0,,0.0,,1.0,,2.0,,0.0,,0.0,,0.0,,0.0,,0.0,,3.0,-3.0,-2.0,-1.0,0.0,0.0,0.0,0.0,0.0,0.0
congo,OPG112,EBC-12742,,35.0,,0.0,,1.0,,2.0,,0.0,,0.0,,0.0,,0.0,,0.0,,3.0,-3.0,-2.0,-1.0,0.0,0.0,0.0,0.0,0.0,0.0
congo,OPG112,EBC-13002,50.0,,13.0,,87.0,,94.0,,0.0,,2.0,,1.0,,7.0,,0.0,,204.0,,204.0,94.0,87.0,0.0,7.0,1.0,2.0,13.0,0.0
congo,OPG112,EBC-13045,35.0,,15.0,,64.0,,94.0,,0.0,,2.0,,0.0,,9.0,,0.0,,184.0,,184.0,94.0,64.0,0.0,9.0,0.0,2.0,15.0,0.0
congo,OPG112,EBC-13064,13.0,,15.0,,86.0,,90.0,,0.0,,0.0,,2.0,,3.0,,0.0,,196.0,,196.0,90.0,86.0,0.0,3.0,2.0,0.0,15.0,0.0
congo,OPG112,EBC-13071,23.0,,0.0,,51.0,,131.0,,0.0,,2.0,,1.0,,1.0,,0.0,,186.0,,186.0,131.0,51.0,0.0,1.0,1.0,2.0,0.0,0.0
congo,OPG112,EBC-131022,99.0,,8.0,,94.0,,89.0,,0.0,,0.0,,0.0,,5.0,,0.0,,196.0,,196.0,89.0,94.0,0.0,5.0,0.0,0.0,8.0,0.0
congo,OPG112,EBC-13120,61.0,,0.0,,72.0,,92.0,,0.0,,2.0,,0.0,,13.0,,0.0,,179.0,,179.0,92.0,72.0,0.0,13.0,0.0,2.0,0.0,0.0
congo,OPG112,EBC-13165,42.0,,0.0,,142.0,,47.0,,0.0,,1.0,,4.0,,28.0,,0.0,,222.0,,222.0,47.0,142.0,0.0,28.0,4.0,1.0,0.0,0.0
congo,OPG112,EBC-13472,87.0,,6.0,,93.0,,75.0,,0.0,,1.0,,0.0,,5.0,,0.0,,180.0,,180.0,75.0,93.0,0.0,5.0,0.0,1.0,6.0,0.0
congo,OPG112,EBC-13572,40.0,,4.0,,50.0,,100.0,,0.0,,2.0,,2.0,,9.0,,0.0,,167.0,,167.0,100.0,50.0,0.0,9.0,2.0,2.0,4.0,0.0
congo,OPG112,EBC-13579,9.0,,0.0,,106.0,,91.0,,0.0,,1.0,,0.0,,16.0,,0.0,,214.0,,214.0,91.0,106.0,0.0,16.0,0.0,1.0,0.0,0.0
congo,OPG112,EBC-13607,1.0,,0.0,,64.0,,129.0,,0.0,,0.0,,1.0,,6.0,,0.0,,200.0,,200.0,129.0,64.0,0.0,6.0,1.0,0.0,0.0,0.0
congo,OPG112,EBC-13774,94.0,,1.0,,61.0,,82.0,,0.0,,0.0,,1.0,,3.0,,0.0,,148.0,,148.0,82.0,61.0,0.0,3.0,1.0,0.0,1.0,0.0
congo,OPG112,EBC-14147,20.0,,0.0,,66.0,,76.0,,0.0,,2.0,,1.0,,18.0,,0.0,,163.0,,163.0,76.0,66.0,0.0,18.0,1.0,2.0,0.0,0.0
congo,OPG112,EBC-144099,92.0,,7.0,,80.0,,99.0,,0.0,,2.0,,1.0,,6.0,,0.0,,195.0,,195.0,99.0,80.0,0.0,6.0,1.0,2.0,7.0,0.0
congo,OPG112,EBC-145085,29.0,,4.0,,80.0,,101.0,,0.0,,1.0,,0.0,,6.0,,0.0,,192.0,,192.0,101.0,80.0,0.0,6.0,0.0,1.0,4.0,0.0
congo,OPG112,EBC-145226,27.0,,0.0,,89.0,,104.0,,0.0,,3.0,,1.0,,11.0,,0.0,,208.0,,208.0,104.0,89.0,0.0,11.0,1.0,3.0,0.0,0.0
congo,OPG112,EBC-14784,,65.0,,0.0,,0.0,,2.0,,0.0,,1.0,,0.0,,1.0,,0.0,,4.0,-4.0,-2.0,0.0,0.0,-1.0,0.0,-1.0,0.0,0.0
congo,OPG112,EBC-148031,43.0,,0.0,,85.0,,122.0,,0.0,,0.0,,7.0,,6.0,,0.0,,220.0,,220.0,122.0,85.0,0.0,6.0,7.0,0.0,0.0,0.0
congo,OPG112,EBC-149094,8.0,,0.0,,78.0,,85.0,,0.0,,5.0,,0.0,,7.0,,0.0,,175.0,,175.0,85.0,78.0,0.0,7.0,0.0,5.0,0.0,0.0
congo,OPG112,EBC-149124,,50.0,,0.0,,1.0,,3.0,,0.0,,2.0,,0.0,,0.0,,0.0,,6.0,-6.0,-3.0,-1.0,0.0,0.0,0.0,-2.0,0.0,0.0
congo,OPG112,EBC-151027,,73.0,,0.0,,0.0,,2.0,,0.0,,1.0,,0.0,,1.0,,0.0,,4.0,-4.0,-2.0,0.0,0.0,-1.0,0.0,-1.0,0.0,0.0
congo,OPG112,EBC-151029,,18.0,,0.0,,2.0,,2.0,,0.0,,0.0,,0.0,,0.0,,0.0,,4.0,-4.0,-2.0,-2.0,0.0,0.0,0.0,0.0,0.0,0.0
congo,OPG112,EBC-152138,,58.0,,0.0,,1.0,,2.0,,0.0,,0.0,,0.0,,0.0,,0.0,,3.0,-3.0,-2.0,-1.0,0.0,0.0,0.0,0.0,0.0,0.0
congo,OPG112,EBC-152194,,59.0,,0.0,,1.0,,2.0,,0.0,,0.0,,0.0,,0.0,,0.0,,3.0,-3.0,-2.0,-1.0,0.0,0.0,0.0,0.0,0.0,0.0
congo,OPG112,EBC-152315,,40.0,,0.0,,1.0,,2.0,,0.0,,1.0,,0.0,,1.0,,0.0,,5.0,-5.0,-2.0,-1.0,0.0,-1.0,0.0,-1.0,0.0,0.0
congo,OPG112,EBC-153023,,30.0,,0.0,,3.0,,4.0,,0.0,,0.0,,0.0,,0.0,,0.0,,7.0,-7.0,-4.0,-3.0,0.0,0.0,0.0,0.0,0.0,0.0
congo,OPG112,EBC-153025,,17.0,,0.0,,1.0,,1.0,,0.0,,0.0,,0.0,,0.0,,0.0,,2.0,-2.0,-1.0,-1.0,0.0,0.0,0.0,0.0,0.0,0.0
congo,OPG112,EBC-153063,,68.0,,0.0,,0.0,,3.0,,0.0,,1.0,,0.0,,1.0,,0.0,,5.0,-5.0,-3.0,0.0,0.0,-1.0,0.0,-1.0,0.0,0.0
congo,OPG112,EBC-153169,,11.0,,0.0,,1.0,,0.0,,0.0,,0.0,,0.0,,0.0,,0.0,,1.0,-1.0,0.0,-1.0,0.0,0.0,0.0,0.0,0.0,0.0
congo,OPG112,EBC-157073,89.0,,0.0,,48.0,,134.0,,0.0,,1.0,,1.0,,7.0,,0.0,,191.0,,191.0,134.0,48.0,0.0,7.0,1.0,1.0,0.0,0.0
congo,OPG112,EBC-157194,98.0,,0.0,,132.0,,76.0,,0.0,,2.0,,1.0,,11.0,,0.0,,222.0,,222.0,76.0,132.0,0.0,11.0,1.0,2.0,0.0,0.0
congo,OPG112,EBC-157197,62.0,,0.0,,80.0,,73.0,,0.0,,2.0,,0.0,,7.0,,0.0,,162.0,,162.0,73.0,80.0,0.0,7.0,0.0,2.0,0.0,0.0
congo,OPG112,EBC-157213,74.0,,8.0,,78.0,,83.0,,0.0,,0.0,,0.0,,5.0,,0.0,,174.0,,174.0,83.0,78.0,0.0,5.0,0.0,0.0,8.0,0.0
congo,OPG112,EBC-157249,38.0,,0.0,,74.0,,102.0,,0.0,,3.0,,5.0,,12.0,,0.0,,196.0,,196.0,102.0,74.0,0.0,12.0,5.0,3.0,0.0,0.0
congo,OPG112,EBC-160036,36.0,,0.0,,60.0,,115.0,,0.0,,0.0,,0.0,,3.0,,0.0,,178.0,,178.0,115.0,60.0,0.0,3.0,0.0,0.0,0.0,0.0
congo,OPG112,EBC-167026,,28.0,,0.0,,0.0,,1.0,,0.0,,0.0,,0.0,,0.0,,0.0,,1.0,-1.0,-1.0,0.0,0.0,0.0,0.0,0.0,0.0,0.0
congo,OPG112,EBC-170057,,72.0,,0.0,,0.0,,2.0,,0.0,,0.0,,0.0,,1.0,,0.0,,3.0,-3.0,-2.0,0.0,0.0,-1.0,0.0,0.0,0.0,0.0
congo,OPG112,EBC-198034,,81.0,,0.0,,1.0,,4.0,,0.0,,0.0,,1.0,,0.0,,0.0,,6.0,-6.0,-4.0,-1.0,0.0,0.0,-1.0,0.0,0.0,0.0
congo,OPG112,EBC-217022,25.0,,4.0,,73.0,,85.0,,0.0,,1.0,,0.0,,7.0,,0.0,,170.0,,170.0,85.0,73.0,0.0,7.0,0.0,1.0,4.0,0.0
congo,OPG112,EBC-218043,2.0,,0.0,,84.0,,108.0,,0.0,,10.0,,4.0,,16.0,,0.0,,222.0,,222.0,108.0,84.0,0.0,16.0,4.0,10.0,0.0,0.0
congo,OPG112,EBC-221084,3.0,,0.0,,78.0,,82.0,,0.0,,1.0,,1.0,,16.0,,0.0,,178.0,,178.0,82.0,78.0,0.0,16.0,1.0,1.0,0.0,0.0
congo,OPG112,EBC-248064,,92.0,,0.0,,0.0,,0.0,,0.0,,0.0,,0.0,,0.0,,0.0,,0.0,0.0,0.0,0.0,0.0,0.0,0.0,0.0,0.0,0.0
congo,OPG112,EBC-248072,,48.0,,0.0,,1.0,,0.0,,0.0,,0.0,,0.0,,1.0,,0.0,,2.0,-2.0,0.0,-1.0,0.0,-1.0,0.0,0.0,0.0,0.0
congo,OPG112,EBC-251173,24.0,,0.0,,89.0,,120.0,,0.0,,1.0,,0.0,,23.0,,0.0,,233.0,,233.0,120.0,89.0,0.0,23.0,0.0,1.0,0.0,0.0
congo,OPG112,EBC-252056,58.0,,8.0,,82.0,,101.0,,0.0,,4.0,,2.0,,3.0,,0.0,,200.0,,200.0,101.0,82.0,0.0,3.0,2.0,4.0,8.0,0.0
congo,OPG112,EBC-252074,,46.0,,0.0,,0.0,,1.0,,0.0,,0.0,,0.0,,2.0,,0.0,,3.0,-3.0,-1.0,0.0,0.0,-2.0,0.0,0.0,0.0,0.0
congo,OPG112,EBC-252093,26.0,,0.0,,75.0,,88.0,,0.0,,5.0,,0.0,,9.0,,0.0,,177.0,,177.0,88.0,75.0,0.0,9.0,0.0,5.0,0.0,0.0
congo,OPG112,EBC-252122,60.0,,5.0,,62.0,,106.0,,0.0,,3.0,,0.0,,6.0,,0.0,,182.0,,182.0,106.0,62.0,0.0,6.0,0.0,3.0,5.0,0.0
congo,OPG112,EBC-253180,83.0,,2.0,,99.0,,104.0,,0.0,,4.0,,0.0,,10.0,,0.0,,219.0,,219.0,104.0,99.0,0.0,10.0,0.0,4.0,2.0,0.0
congo,OPG112,EBC-253321,,25.0,,0.0,,1.0,,3.0,,0.0,,0.0,,0.0,,0.0,,0.0,,4.0,-4.0,-3.0,-1.0,0.0,0.0,0.0,0.0,0.0,0.0
congo,OPG112,EBC-26078,,42.0,,0.0,,0.0,,1.0,,0.0,,0.0,,0.0,,1.0,,0.0,,2.0,-2.0,-1.0,0.0,0.0,-1.0,0.0,0.0,0.0,0.0
congo,OPG112,EBC-27030,79.0,,8.0,,89.0,,66.0,,0.0,,1.0,,0.0,,5.0,,0.0,,169.0,,169.0,66.0,89.0,0.0,5.0,0.0,1.0,8.0,0.0
congo,OPG112,EBC-27122,47.0,,13.0,,77.0,,57.0,,0.0,,1.0,,0.0,,8.0,,0.0,,156.0,,156.0,57.0,77.0,0.0,8.0,0.0,1.0,13.0,0.0
congo,OPG112,EBC-27265,7.0,,5.0,,29.0,,115.0,,0.0,,1.0,,1.0,,2.0,,0.0,,153.0,,153.0,115.0,29.0,0.0,2.0,1.0,1.0,5.0,0.0
congo,OPG112,EBC-273043,95.0,,16.0,,98.0,,41.0,,0.0,,3.0,,0.0,,5.0,,0.0,,163.0,,163.0,41.0,98.0,0.0,5.0,0.0,3.0,16.0,0.0
congo,OPG112,EBC-27345,37.0,,13.0,,66.0,,77.0,,0.0,,2.0,,0.0,,1.0,,0.0,,159.0,,159.0,77.0,66.0,0.0,1.0,0.0,2.0,13.0,0.0
congo,OPG112,EBC-27367,52.0,,11.0,,87.0,,76.0,,0.0,,0.0,,0.0,,20.0,,0.0,,194.0,,194.0,76.0,87.0,0.0,20.0,0.0,0.0,11.0,0.0
congo,OPG112,EBC-27428,91.0,,0.0,,105.0,,88.0,,0.0,,1.0,,0.0,,13.0,,0.0,,207.0,,207.0,88.0,105.0,0.0,13.0,0.0,1.0,0.0,0.0
congo,OPG112,EBC-287079,80.0,,0.0,,79.0,,108.0,,0.0,,3.0,,1.0,,6.0,,0.0,,197.0,,197.0,108.0,79.0,0.0,6.0,1.0,3.0,0.0,0.0
congo,OPG112,EBC-289112,73.0,,0.0,,54.0,,118.0,,0.0,,3.0,,0.0,,3.0,,0.0,,178.0,,178.0,118.0,54.0,0.0,3.0,0.0,3.0,0.0,0.0
congo,OPG112,EBC-290041,5.0,,6.0,,160.0,,117.0,,0.0,,4.0,,1.0,,21.0,,0.0,,309.0,,309.0,117.0,160.0,0.0,21.0,1.0,4.0,6.0,0.0
congo,OPG112,EBC-291159,49.0,,0.0,,55.0,,138.0,,0.0,,2.0,,3.0,,8.0,,0.0,,206.0,,206.0,138.0,55.0,0.0,8.0,3.0,2.0,0.0,0.0
congo,OPG112,EBC-291167,19.0,,9.0,,91.0,,59.0,,0.0,,1.0,,0.0,,12.0,,0.0,,172.0,,172.0,59.0,91.0,0.0,12.0,0.0,1.0,9.0,0.0
congo,OPG112,EBC-306048,6.0,,17.0,,86.0,,53.0,,0.0,,1.0,,0.0,,8.0,,0.0,,165.0,,165.0,53.0,86.0,0.0,8.0,0.0,1.0,17.0,0.0
congo,OPG112,EBC-309072,64.0,,1.0,,79.0,,94.0,,0.0,,1.0,,3.0,,15.0,,0.0,,193.0,,193.0,94.0,79.0,0.0,15.0,3.0,1.0,1.0,0.0
congo,OPG112,EBC-346043,,80.0,,0.0,,1.0,,5.0,,0.0,,0.0,,0.0,,0.0,,0.0,,6.0,-6.0,-5.0,-1.0,0.0,0.0,0.0,0.0,0.0,0.0
congo,OPG112,EBC-367048,77.0,,0.0,,84.0,,77.0,,0.0,,1.0,,0.0,,8.0,,0.0,,170.0,,170.0,77.0,84.0,0.0,8.0,0.0,1.0,0.0,0.0
congo,OPG112,EBC-373083,59.0,,6.0,,93.0,,35.0,,0.0,,0.0,,0.0,,25.0,,0.0,,159.0,,159.0,35.0,93.0,0.0,25.0,0.0,0.0,6.0,0.0
congo,OPG112,EBC-381059,,56.0,,0.0,,2.0,,3.0,,0.0,,0.0,,0.0,,0.0,,0.0,,5.0,-5.0,-3.0,-2.0,0.0,0.0,0.0,0.0,0.0,0.0
congo,OPG112,EBC-43021,81.0,,2.0,,69.0,,117.0,,0.0,,4.0,,2.0,,9.0,,0.0,,203.0,,203.0,117.0,69.0,0.0,9.0,2.0,4.0,2.0,0.0
congo,OPG112,EBC-44106,,47.0,,0.0,,7.0,,1.0,,0.0,,0.0,,0.0,,1.0,,0.0,,9.0,-9.0,-1.0,-7.0,0.0,-1.0,0.0,0.0,0.0,0.0
congo,OPG112,EBC-44365,55.0,,7.0,,70.0,,99.0,,0.0,,2.0,,1.0,,12.0,,0.0,,191.0,,191.0,99.0,70.0,0.0,12.0,1.0,2.0,7.0,0.0
congo,OPG112,EBC-44401,76.0,,7.0,,69.0,,115.0,,0.0,,2.0,,1.0,,5.0,,0.0,,199.0,,199.0,115.0,69.0,0.0,5.0,1.0,2.0,7.0,0.0
congo,OPG112,EBC-44402,82.0,,10.0,,99.0,,93.0,,0.0,,0.0,,2.0,,9.0,,0.0,,213.0,,213.0,93.0,99.0,0.0,9.0,2.0,0.0,10.0,0.0
congo,OPG112,EBC-46024,33.0,,6.0,,79.0,,70.0,,0.0,,2.0,,0.0,,6.0,,0.0,,163.0,,163.0,70.0,79.0,0.0,6.0,0.0,2.0,6.0,0.0
congo,OPG112,EBC-46057,11.0,,0.0,,69.0,,136.0,,0.0,,1.0,,2.0,,8.0,,0.0,,216.0,,216.0,136.0,69.0,0.0,8.0,2.0,1.0,0.0,0.0
congo,OPG112,EBC-46294,10.0,,5.0,,136.0,,86.0,,0.0,,0.0,,0.0,,17.0,,0.0,,244.0,,244.0,86.0,136.0,0.0,17.0,0.0,0.0,5.0,0.0
congo,OPG112,EBC-47073,21.0,,12.0,,106.0,,83.0,,0.0,,3.0,,0.0,,4.0,,0.0,,208.0,,208.0,83.0,106.0,0.0,4.0,0.0,3.0,12.0,0.0
congo,OPG112,EBC-47114,70.0,,14.0,,67.0,,97.0,,0.0,,1.0,,3.0,,2.0,,0.0,,184.0,,184.0,97.0,67.0,0.0,2.0,3.0,1.0,14.0,0.0
congo,OPG112,EBC-47119,44.0,,0.0,,135.0,,101.0,,0.0,,2.0,,1.0,,9.0,,0.0,,248.0,,248.0,101.0,135.0,0.0,9.0,1.0,2.0,0.0,0.0
congo,OPG112,EBC-47426,,52.0,,0.0,,7.0,,2.0,,0.0,,0.0,,0.0,,1.0,,0.0,,10.0,-10.0,-2.0,-7.0,0.0,-1.0,0.0,0.0,0.0,0.0
congo,OPG112,EBC-47428,,44.0,,0.0,,7.0,,1.0,,0.0,,0.0,,0.0,,1.0,,0.0,,9.0,-9.0,-1.0,-7.0,0.0,-1.0,0.0,0.0,0.0,0.0
congo,OPG112,EBC-47536,,39.0,,0.0,,1.0,,0.0,,0.0,,0.0,,0.0,,0.0,,0.0,,1.0,-1.0,0.0,-1.0,0.0,0.0,0.0,0.0,0.0,0.0
congo,OPG112,EBC-47545,,38.0,,0.0,,0.0,,0.0,,0.0,,0.0,,0.0,,1.0,,0.0,,1.0,-1.0,0.0,0.0,0.0,-1.0,0.0,0.0,0.0,0.0
congo,OPG112,EBC-48142,,37.0,,0.0,,0.0,,0.0,,0.0,,0.0,,0.0,,1.0,,0.0,,1.0,-1.0,0.0,0.0,0.0,-1.0,0.0,0.0,0.0,0.0
congo,OPG112,EBC-48170,,12.0,,0.0,,1.0,,5.0,,0.0,,0.0,,0.0,,0.0,,0.0,,6.0,-6.0,-5.0,-1.0,0.0,0.0,0.0,0.0,0.0,0.0
congo,OPG112,EBC-48186,34.0,,4.0,,44.0,,80.0,,0.0,,1.0,,0.0,,5.0,,0.0,,134.0,,134.0,80.0,44.0,0.0,5.0,0.0,1.0,4.0,0.0
congo,OPG112,EBC-49026,75.0,,0.0,,52.0,,88.0,,0.0,,1.0,,0.0,,7.0,,0.0,,148.0,,148.0,88.0,52.0,0.0,7.0,0.0,1.0,0.0,0.0
congo,OPG112,EBC-50072,,33.0,,0.0,,0.0,,1.0,,0.0,,0.0,,0.0,,0.0,,0.0,,1.0,-1.0,-1.0,0.0,0.0,0.0,0.0,0.0,0.0,0.0
congo,OPG112,EBC-54045,66.0,,1.0,,87.0,,67.0,,0.0,,0.0,,2.0,,19.0,,0.0,,176.0,,176.0,67.0,87.0,0.0,19.0,2.0,0.0,1.0,0.0
congo,OPG112,EBC-63089,4.0,,2.0,,138.0,,90.0,,0.0,,3.0,,1.0,,18.0,,0.0,,252.0,,252.0,90.0,138.0,0.0,18.0,1.0,3.0,2.0,0.0
congo,OPG112,EBC-68053,100.0,,0.0,,41.0,,148.0,,0.0,,0.0,,4.0,,3.0,,0.0,,196.0,,196.0,148.0,41.0,0.0,3.0,4.0,0.0,0.0,0.0
congo,OPG112,EBC-75132,,7.0,,1.0,,1.0,,4.0,,0.0,,1.0,,3.0,,0.0,,0.0,,10.0,-10.0,-4.0,-1.0,0.0,0.0,-3.0,-1.0,-1.0,0.0
congo,OPG112,EBC-80139,,4.0,,0.0,,1.0,,3.0,,0.0,,1.0,,2.0,,0.0,,0.0,,7.0,-7.0,-3.0,-1.0,0.0,0.0,-2.0,-1.0,0.0,0.0
congo,OPG112,EBC-80148,,6.0,,0.0,,5.0,,3.0,,0.0,,0.0,,0.0,,0.0,,0.0,,8.0,-8.0,-3.0,-5.0,0.0,0.0,0.0,0.0,0.0,0.0
congo,OPG112,EBC-82041,,3.0,,1.0,,1.0,,5.0,,0.0,,1.0,,2.0,,0.0,,0.0,,10.0,-10.0,-5.0,-1.0,0.0,0.0,-2.0,-1.0,-1.0,0.0
congo,OPG112,EBC-84050,22.0,,1.0,,113.0,,92.0,,0.0,,2.0,,1.0,,11.0,,0.0,,220.0,,220.0,92.0,113.0,0.0,11.0,1.0,2.0,1.0,0.0
congo,OPG120,EBC-00010,,58.0,,0.0,,6.0,,4.0,,0.0,,0.0,,1.0,,1.0,,0.0,,12.0,-12.0,-4.0,-6.0,0.0,-1.0,-1.0,0.0,0.0,0.0
congo,OPG120,EBC-00522,,36.0,,0.0,,3.0,,0.0,,0.0,,0.0,,0.0,,1.0,,0.0,,4.0,-4.0,0.0,-3.0,0.0,-1.0,0.0,0.0,0.0,0.0
congo,OPG120,EBC-00634,37.0,,0.0,,58.0,,170.0,,0.0,,5.0,,2.0,,7.0,,0.0,,242.0,,242.0,170.0,58.0,0.0,7.0,2.0,5.0,0.0,0.0
congo,OPG120,EBC-00711,74.0,,0.0,,17.0,,178.0,,0.0,,2.0,,0.0,,8.0,,0.0,,205.0,,205.0,178.0,17.0,0.0,8.0,0.0,2.0,0.0,0.0
congo,OPG120,EBC-02079,11.0,,0.0,,51.0,,148.0,,0.0,,0.0,,0.0,,8.0,,0.0,,207.0,,207.0,148.0,51.0,0.0,8.0,0.0,0.0,0.0,0.0
congo,OPG120,EBC-02080,57.0,,0.0,,57.0,,131.0,,0.0,,0.0,,0.0,,3.0,,0.0,,191.0,,191.0,131.0,57.0,0.0,3.0,0.0,0.0,0.0,0.0
congo,OPG120,EBC-03104,,14.0,,0.0,,3.0,,2.0,,0.0,,0.0,,1.0,,0.0,,0.0,,6.0,-6.0,-2.0,-3.0,0.0,0.0,-1.0,0.0,0.0,0.0
congo,OPG120,EBC-03153,,75.0,,0.0,,2.0,,1.0,,0.0,,0.0,,1.0,,0.0,,0.0,,4.0,-4.0,-1.0,-2.0,0.0,0.0,-1.0,0.0,0.0,0.0
congo,OPG120,EBC-03211,,2.0,,0.0,,3.0,,2.0,,0.0,,0.0,,1.0,,0.0,,0.0,,6.0,-6.0,-2.0,-3.0,0.0,0.0,-1.0,0.0,0.0,0.0
congo,OPG120,EBC-03218,,15.0,,0.0,,3.0,,2.0,,0.0,,0.0,,1.0,,0.0,,0.0,,6.0,-6.0,-2.0,-3.0,0.0,0.0,-1.0,0.0,0.0,0.0
congo,OPG120,EBC-03227,,12.0,,0.0,,3.0,,2.0,,0.0,,0.0,,1.0,,0.0,,0.0,,6.0,-6.0,-2.0,-3.0,0.0,0.0,-1.0,0.0,0.0,0.0
congo,OPG120,EBC-03228,,3.0,,0.0,,3.0,,2.0,,0.0,,0.0,,1.0,,0.0,,0.0,,6.0,-6.0,-2.0,-3.0,0.0,0.0,-1.0,0.0,0.0,0.0
congo,OPG120,EBC-03259,,28.0,,0.0,,3.0,,2.0,,0.0,,0.0,,1.0,,0.0,,0.0,,6.0,-6.0,-2.0,-3.0,0.0,0.0,-1.0,0.0,0.0,0.0
congo,OPG120,EBC-03320,,25.0,,0.0,,4.0,,2.0,,0.0,,0.0,,1.0,,0.0,,0.0,,7.0,-7.0,-2.0,-4.0,0.0,0.0,-1.0,0.0,0.0,0.0
congo,OPG120,EBC-03332,,34.0,,0.0,,6.0,,2.0,,0.0,,0.0,,1.0,,0.0,,0.0,,9.0,-9.0,-2.0,-6.0,0.0,0.0,-1.0,0.0,0.0,0.0
congo,OPG120,EBC-03334,,7.0,,0.0,,6.0,,3.0,,0.0,,0.0,,1.0,,1.0,,0.0,,11.0,-11.0,-3.0,-6.0,0.0,-1.0,-1.0,0.0,0.0,0.0
congo,OPG120,EBC-03366,,4.0,,0.0,,4.0,,1.0,,0.0,,1.0,,0.0,,0.0,,0.0,,6.0,-6.0,-1.0,-4.0,0.0,0.0,0.0,-1.0,0.0,0.0
congo,OPG120,EBC-03368,,82.0,,0.0,,2.0,,2.0,,0.0,,0.0,,1.0,,0.0,,0.0,,5.0,-5.0,-2.0,-2.0,0.0,0.0,-1.0,0.0,0.0,0.0
congo,OPG120,EBC-03380,,19.0,,0.0,,5.0,,2.0,,0.0,,0.0,,1.0,,0.0,,0.0,,8.0,-8.0,-2.0,-5.0,0.0,0.0,-1.0,0.0,0.0,0.0
congo,OPG120,EBC-03383,,80.0,,0.0,,3.0,,1.0,,0.0,,0.0,,1.0,,0.0,,0.0,,5.0,-5.0,-1.0,-3.0,0.0,0.0,-1.0,0.0,0.0,0.0
congo,OPG120,EBC-03472,,59.0,,0.0,,4.0,,2.0,,0.0,,0.0,,1.0,,0.0,,0.0,,7.0,-7.0,-2.0,-4.0,0.0,0.0,-1.0,0.0,0.0,0.0
congo,OPG120,EBC-03478,,50.0,,0.0,,6.0,,3.0,,0.0,,0.0,,2.0,,1.0,,0.0,,12.0,-12.0,-3.0,-6.0,0.0,-1.0,-2.0,0.0,0.0,0.0
congo,OPG120,EBC-03524,,6.0,,0.0,,6.0,,2.0,,0.0,,0.0,,1.0,,1.0,,0.0,,10.0,-10.0,-2.0,-6.0,0.0,-1.0,-1.0,0.0,0.0,0.0
congo,OPG120,EBC-03533,,1.0,,0.0,,3.0,,2.0,,0.0,,0.0,,1.0,,0.0,,0.0,,6.0,-6.0,-2.0,-3.0,0.0,0.0,-1.0,0.0,0.0,0.0
congo,OPG120,EBC-03546,,91.0,,0.0,,5.0,,2.0,,0.0,,0.0,,1.0,,0.0,,0.0,,8.0,-8.0,-2.0,-5.0,0.0,0.0,-1.0,0.0,0.0,0.0
congo,OPG120,EBC-03552,,45.0,,0.0,,3.0,,2.0,,0.0,,0.0,,1.0,,0.0,,0.0,,6.0,-6.0,-2.0,-3.0,0.0,0.0,-1.0,0.0,0.0,0.0
congo,OPG120,EBC-03561,,54.0,,0.0,,4.0,,2.0,,0.0,,0.0,,1.0,,0.0,,0.0,,7.0,-7.0,-2.0,-4.0,0.0,0.0,-1.0,0.0,0.0,0.0
congo,OPG120,EBC-03584,,67.0,,0.0,,4.0,,2.0,,0.0,,0.0,,1.0,,0.0,,0.0,,7.0,-7.0,-2.0,-4.0,0.0,0.0,-1.0,0.0,0.0,0.0
congo,OPG120,EBC-03656,,30.0,,0.0,,4.0,,0.0,,0.0,,0.0,,1.0,,1.0,,0.0,,6.0,-6.0,0.0,-4.0,0.0,-1.0,-1.0,0.0,0.0,0.0
congo,OPG120,EBC-03673,,71.0,,0.0,,3.0,,2.0,,0.0,,0.0,,1.0,,1.0,,0.0,,7.0,-7.0,-2.0,-3.0,0.0,-1.0,-1.0,0.0,0.0,0.0
congo,OPG120,EBC-03682,,99.0,,0.0,,1.0,,2.0,,0.0,,0.0,,1.0,,0.0,,0.0,,4.0,-4.0,-2.0,-1.0,0.0,0.0,-1.0,0.0,0.0,0.0
congo,OPG120,EBC-03694,,47.0,,0.0,,2.0,,3.0,,0.0,,0.0,,1.0,,0.0,,0.0,,6.0,-6.0,-3.0,-2.0,0.0,0.0,-1.0,0.0,0.0,0.0
congo,OPG120,EBC-03852,61.0,,0.0,,27.0,,148.0,,0.0,,0.0,,1.0,,0.0,,0.0,,176.0,,176.0,148.0,27.0,0.0,0.0,1.0,0.0,0.0,0.0
congo,OPG120,EBC-03865,66.0,,0.0,,19.0,,213.0,,0.0,,0.0,,2.0,,1.0,,0.0,,235.0,,235.0,213.0,19.0,0.0,1.0,2.0,0.0,0.0,0.0
congo,OPG120,EBC-03980,,22.0,,0.0,,2.0,,2.0,,0.0,,1.0,,0.0,,0.0,,0.0,,5.0,-5.0,-2.0,-2.0,0.0,0.0,0.0,-1.0,0.0,0.0
congo,OPG120,EBC-04039,,31.0,,0.0,,3.0,,2.0,,0.0,,0.0,,1.0,,0.0,,0.0,,6.0,-6.0,-2.0,-3.0,0.0,0.0,-1.0,0.0,0.0,0.0
congo,OPG120,EBC-04045,,24.0,,0.0,,2.0,,2.0,,0.0,,1.0,,0.0,,0.0,,0.0,,5.0,-5.0,-2.0,-2.0,0.0,0.0,0.0,-1.0,0.0,0.0
congo,OPG120,EBC-04048,,86.0,,1.0,,2.0,,2.0,,0.0,,0.0,,1.0,,0.0,,0.0,,6.0,-6.0,-2.0,-2.0,0.0,0.0,-1.0,0.0,-1.0,0.0
congo,OPG120,EBC-04049,,18.0,,0.0,,3.0,,2.0,,0.0,,0.0,,1.0,,0.0,,0.0,,6.0,-6.0,-2.0,-3.0,0.0,0.0,-1.0,0.0,0.0,0.0
congo,OPG120,EBC-04050,,21.0,,0.0,,3.0,,2.0,,0.0,,0.0,,1.0,,0.0,,0.0,,6.0,-6.0,-2.0,-3.0,0.0,0.0,-1.0,0.0,0.0,0.0
congo,OPG120,EBC-04065,,90.0,,0.0,,8.0,,1.0,,0.0,,0.0,,0.0,,1.0,,0.0,,10.0,-10.0,-1.0,-8.0,0.0,-1.0,0.0,0.0,0.0,0.0
congo,OPG120,EBC-04076,,84.0,,0.0,,4.0,,3.0,,0.0,,0.0,,1.0,,0.0,,0.0,,8.0,-8.0,-3.0,-4.0,0.0,0.0,-1.0,0.0,0.0,0.0
congo,OPG120,EBC-04099,,55.0,,0.0,,5.0,,3.0,,0.0,,0.0,,1.0,,0.0,,0.0,,9.0,-9.0,-3.0,-5.0,0.0,0.0,-1.0,0.0,0.0,0.0
congo,OPG120,EBC-04152,,70.0,,0.0,,2.0,,2.0,,0.0,,0.0,,1.0,,0.0,,0.0,,5.0,-5.0,-2.0,-2.0,0.0,0.0,-1.0,0.0,0.0,0.0
congo,OPG120,EBC-04245,,61.0,,0.0,,2.0,,0.0,,0.0,,1.0,,0.0,,0.0,,0.0,,3.0,-3.0,0.0,-2.0,0.0,0.0,0.0,-1.0,0.0,0.0
congo,OPG120,EBC-06061,26.0,,0.0,,64.0,,139.0,,0.0,,4.0,,2.0,,7.0,,0.0,,216.0,,216.0,139.0,64.0,0.0,7.0,2.0,4.0,0.0,0.0
congo,OPG120,EBC-06090,75.0,,0.0,,35.0,,90.0,,0.0,,0.0,,1.0,,4.0,,0.0,,130.0,,130.0,90.0,35.0,0.0,4.0,1.0,0.0,0.0,0.0
congo,OPG120,EBC-06111,15.0,,0.0,,26.0,,133.0,,0.0,,1.0,,0.0,,0.0,,0.0,,160.0,,160.0,133.0,26.0,0.0,0.0,0.0,1.0,0.0,0.0
congo,OPG120,EBC-06214,,89.0,,0.0,,2.0,,2.0,,0.0,,0.0,,1.0,,0.0,,0.0,,5.0,-5.0,-2.0,-2.0,0.0,0.0,-1.0,0.0,0.0,0.0
congo,OPG120,EBC-06215,,63.0,,0.0,,2.0,,2.0,,0.0,,0.0,,1.0,,0.0,,0.0,,5.0,-5.0,-2.0,-2.0,0.0,0.0,-1.0,0.0,0.0,0.0
congo,OPG120,EBC-06250,,13.0,,0.0,,3.0,,0.0,,0.0,,0.0,,0.0,,0.0,,0.0,,3.0,-3.0,0.0,-3.0,0.0,0.0,0.0,0.0,0.0,0.0
congo,OPG120,EBC-06301,,83.0,,0.0,,3.0,,1.0,,0.0,,0.0,,1.0,,0.0,,0.0,,5.0,-5.0,-1.0,-3.0,0.0,0.0,-1.0,0.0,0.0,0.0
congo,OPG120,EBC-06306,,88.0,,0.0,,3.0,,0.0,,0.0,,0.0,,0.0,,0.0,,0.0,,3.0,-3.0,0.0,-3.0,0.0,0.0,0.0,0.0,0.0,0.0
congo,OPG120,EBC-06327,,85.0,,0.0,,2.0,,0.0,,0.0,,0.0,,1.0,,0.0,,0.0,,3.0,-3.0,0.0,-2.0,0.0,0.0,-1.0,0.0,0.0,0.0
congo,OPG120,EBC-06337,,26.0,,0.0,,5.0,,2.0,,0.0,,0.0,,1.0,,0.0,,0.0,,8.0,-8.0,-2.0,-5.0,0.0,0.0,-1.0,0.0,0.0,0.0
congo,OPG120,EBC-06341,,35.0,,0.0,,2.0,,2.0,,0.0,,0.0,,1.0,,0.0,,0.0,,5.0,-5.0,-2.0,-2.0,0.0,0.0,-1.0,0.0,0.0,0.0
congo,OPG120,EBC-06350,,72.0,,0.0,,4.0,,2.0,,0.0,,1.0,,0.0,,0.0,,0.0,,7.0,-7.0,-2.0,-4.0,0.0,0.0,0.0,-1.0,0.0,0.0
congo,OPG120,EBC-06351,,32.0,,0.0,,2.0,,3.0,,0.0,,0.0,,2.0,,0.0,,0.0,,7.0,-7.0,-3.0,-2.0,0.0,0.0,-2.0,0.0,0.0,0.0
congo,OPG120,EBC-06377,,73.0,,0.0,,4.0,,2.0,,0.0,,0.0,,1.0,,0.0,,0.0,,7.0,-7.0,-2.0,-4.0,0.0,0.0,-1.0,0.0,0.0,0.0
congo,OPG120,EBC-06388,,78.0,,0.0,,3.0,,3.0,,0.0,,0.0,,1.0,,0.0,,0.0,,7.0,-7.0,-3.0,-3.0,0.0,0.0,-1.0,0.0,0.0,0.0
congo,OPG120,EBC-06390,,74.0,,0.0,,4.0,,2.0,,0.0,,0.0,,1.0,,0.0,,0.0,,7.0,-7.0,-2.0,-4.0,0.0,0.0,-1.0,0.0,0.0,0.0
congo,OPG120,EBC-06394,,92.0,,0.0,,4.0,,2.0,,0.0,,1.0,,0.0,,0.0,,0.0,,7.0,-7.0,-2.0,-4.0,0.0,0.0,0.0,-1.0,0.0,0.0
congo,OPG120,EBC-06446,,49.0,,0.0,,7.0,,2.0,,0.0,,0.0,,2.0,,0.0,,0.0,,11.0,-11.0,-2.0,-7.0,0.0,0.0,-2.0,0.0,0.0,0.0
congo,OPG120,EBC-06531,,44.0,,0.0,,2.0,,2.0,,0.0,,0.0,,1.0,,0.0,,0.0,,5.0,-5.0,-2.0,-2.0,0.0,0.0,-1.0,0.0,0.0,0.0
congo,OPG120,EBC-06607,,96.0,,0.0,,1.0,,2.0,,0.0,,0.0,,1.0,,0.0,,0.0,,4.0,-4.0,-2.0,-1.0,0.0,0.0,-1.0,0.0,0.0,0.0
congo,OPG120,EBC-06633,,87.0,,0.0,,5.0,,2.0,,0.0,,0.0,,1.0,,1.0,,0.0,,9.0,-9.0,-2.0,-5.0,0.0,-1.0,-1.0,0.0,0.0,0.0
congo,OPG120,EBC-06772,,57.0,,0.0,,5.0,,0.0,,0.0,,1.0,,0.0,,1.0,,0.0,,7.0,-7.0,0.0,-5.0,0.0,-1.0,0.0,-1.0,0.0,0.0
congo,OPG120,EBC-06775,,77.0,,0.0,,1.0,,4.0,,0.0,,0.0,,1.0,,0.0,,0.0,,6.0,-6.0,-4.0,-1.0,0.0,0.0,-1.0,0.0,0.0,0.0
congo,OPG120,EBC-06903,91.0,,0.0,,42.0,,175.0,,0.0,,6.0,,2.0,,10.0,,0.0,,235.0,,235.0,175.0,42.0,0.0,10.0,2.0,6.0,0.0,0.0
congo,OPG120,EBC-06995,,39.0,,0.0,,0.0,,4.0,,0.0,,0.0,,1.0,,0.0,,0.0,,5.0,-5.0,-4.0,0.0,0.0,0.0,-1.0,0.0,0.0,0.0
congo,OPG120,EBC-07102,34.0,,0.0,,25.0,,147.0,,0.0,,1.0,,1.0,,1.0,,0.0,,175.0,,175.0,147.0,25.0,0.0,1.0,1.0,1.0,0.0,0.0
congo,OPG120,EBC-07115,86.0,,1.0,,28.0,,167.0,,0.0,,0.0,,2.0,,4.0,,0.0,,202.0,,202.0,167.0,28.0,0.0,4.0,2.0,0.0,1.0,0.0
congo,OPG120,EBC-07121,60.0,,2.0,,32.0,,175.0,,0.0,,0.0,,2.0,,0.0,,0.0,,211.0,,211.0,175.0,32.0,0.0,0.0,2.0,0.0,2.0,0.0
congo,OPG120,EBC-07161,,94.0,,0.0,,2.0,,8.0,,0.0,,0.0,,1.0,,0.0,,0.0,,11.0,-11.0,-8.0,-2.0,0.0,0.0,-1.0,0.0,0.0,0.0
congo,OPG120,EBC-07250,65.0,,0.0,,18.0,,162.0,,0.0,,2.0,,0.0,,1.0,,0.0,,183.0,,183.0,162.0,18.0,0.0,1.0,0.0,2.0,0.0,0.0
congo,OPG120,EBC-07281,,10.0,,0.0,,4.0,,3.0,,0.0,,1.0,,0.0,,0.0,,0.0,,8.0,-8.0,-3.0,-4.0,0.0,0.0,0.0,-1.0,0.0,0.0
congo,OPG120,EBC-07286,22.0,,6.0,,26.0,,136.0,,0.0,,1.0,,3.0,,4.0,,0.0,,176.0,,176.0,136.0,26.0,0.0,4.0,3.0,1.0,6.0,0.0
congo,OPG120,EBC-07301,31.0,,0.0,,7.0,,195.0,,0.0,,3.0,,2.0,,0.0,,0.0,,207.0,,207.0,195.0,7.0,0.0,0.0,2.0,3.0,0.0,0.0
congo,OPG120,EBC-07367,47.0,,0.0,,44.0,,166.0,,0.0,,2.0,,1.0,,2.0,,0.0,,215.0,,215.0,166.0,44.0,0.0,2.0,1.0,2.0,0.0,0.0
congo,OPG120,EBC-07421,98.0,,3.0,,26.0,,153.0,,0.0,,1.0,,1.0,,4.0,,0.0,,188.0,,188.0,153.0,26.0,0.0,4.0,1.0,1.0,3.0,0.0
congo,OPG120,EBC-07516,59.0,,4.0,,42.0,,134.0,,0.0,,5.0,,1.0,,5.0,,0.0,,191.0,,191.0,134.0,42.0,0.0,5.0,1.0,5.0,4.0,0.0
congo,OPG120,EBC-07557,53.0,,0.0,,57.0,,143.0,,0.0,,3.0,,6.0,,8.0,,0.0,,217.0,,217.0,143.0,57.0,0.0,8.0,6.0,3.0,0.0,0.0
congo,OPG120,EBC-07603,29.0,,3.0,,19.0,,121.0,,0.0,,1.0,,0.0,,2.0,,0.0,,146.0,,146.0,121.0,19.0,0.0,2.0,0.0,1.0,3.0,0.0
congo,OPG120,EBC-07604,28.0,,6.0,,21.0,,141.0,,0.0,,0.0,,0.0,,0.0,,0.0,,168.0,,168.0,141.0,21.0,0.0,0.0,0.0,0.0,6.0,0.0
congo,OPG120,EBC-07628,,16.0,,0.0,,2.0,,3.0,,0.0,,0.0,,1.0,,0.0,,0.0,,6.0,-6.0,-3.0,-2.0,0.0,0.0,-1.0,0.0,0.0,0.0
congo,OPG120,EBC-07670,44.0,,0.0,,64.0,,165.0,,0.0,,3.0,,4.0,,6.0,,0.0,,242.0,,242.0,165.0,64.0,0.0,6.0,4.0,3.0,0.0,0.0
congo,OPG120,EBC-07940,81.0,,8.0,,75.0,,140.0,,0.0,,1.0,,2.0,,5.0,,0.0,,231.0,,231.0,140.0,75.0,0.0,5.0,2.0,1.0,8.0,0.0
congo,OPG120,EBC-07988,40.0,,0.0,,96.0,,211.0,,0.0,,4.0,,2.0,,20.0,,0.0,,333.0,,333.0,211.0,96.0,0.0,20.0,2.0,4.0,0.0,0.0
congo,OPG120,EBC-08077,,27.0,,0.0,,2.0,,3.0,,0.0,,0.0,,2.0,,0.0,,0.0,,7.0,-7.0,-3.0,-2.0,0.0,0.0,-2.0,0.0,0.0,0.0
congo,OPG120,EBC-08111,,23.0,,0.0,,5.0,,2.0,,0.0,,0.0,,1.0,,0.0,,0.0,,8.0,-8.0,-2.0,-5.0,0.0,0.0,-1.0,0.0,0.0,0.0
congo,OPG120,EBC-08122,,11.0,,0.0,,3.0,,0.0,,0.0,,1.0,,0.0,,0.0,,0.0,,4.0,-4.0,0.0,-3.0,0.0,0.0,0.0,-1.0,0.0,0.0
congo,OPG120,EBC-08269,,100.0,,0.0,,4.0,,2.0,,0.0,,0.0,,1.0,,0.0,,0.0,,7.0,-7.0,-2.0,-4.0,0.0,0.0,-1.0,0.0,0.0,0.0
congo,OPG120,EBC-08468,54.0,,0.0,,27.0,,125.0,,0.0,,2.0,,1.0,,5.0,,0.0,,160.0,,160.0,125.0,27.0,0.0,5.0,1.0,2.0,0.0,0.0
congo,OPG120,EBC-08536,,43.0,,0.0,,8.0,,6.0,,0.0,,0.0,,0.0,,1.0,,0.0,,15.0,-15.0,-6.0,-8.0,0.0,-1.0,0.0,0.0,0.0,0.0
congo,OPG120,EBC-08587,6.0,,0.0,,25.0,,126.0,,0.0,,0.0,,0.0,,1.0,,0.0,,152.0,,152.0,126.0,25.0,0.0,1.0,0.0,0.0,0.0,0.0
congo,OPG120,EBC-08706,,64.0,,0.0,,5.0,,1.0,,0.0,,2.0,,0.0,,0.0,,0.0,,8.0,-8.0,-1.0,-5.0,0.0,0.0,0.0,-2.0,0.0,0.0
congo,OPG120,EBC-08735,,62.0,,0.0,,2.0,,9.0,,0.0,,1.0,,1.0,,0.0,,0.0,,13.0,-13.0,-9.0,-2.0,0.0,0.0,-1.0,-1.0,0.0,0.0
congo,OPG120,EBC-08800,,79.0,,0.0,,5.0,,3.0,,0.0,,1.0,,1.0,,0.0,,0.0,,10.0,-10.0,-3.0,-5.0,0.0,0.0,-1.0,-1.0,0.0,0.0
congo,OPG120,EBC-08908,94.0,,1.0,,68.0,,160.0,,0.0,,2.0,,0.0,,4.0,,0.0,,235.0,,235.0,160.0,68.0,0.0,4.0,0.0,2.0,1.0,0.0
congo,OPG120,EBC-08915,12.0,,0.0,,31.0,,209.0,,0.0,,2.0,,1.0,,5.0,,0.0,,248.0,,248.0,209.0,31.0,0.0,5.0,1.0,2.0,0.0,0.0
congo,OPG120,EBC-08943,,66.0,,0.0,,0.0,,10.0,,0.0,,0.0,,2.0,,0.0,,0.0,,12.0,-12.0,-10.0,0.0,0.0,0.0,-2.0,0.0,0.0,0.0
congo,OPG120,EBC-08947,,48.0,,1.0,,1.0,,14.0,,0.0,,0.0,,1.0,,0.0,,0.0,,17.0,-17.0,-14.0,-1.0,0.0,0.0,-1.0,0.0,-1.0,0.0
congo,OPG120,EBC-08949,,51.0,,0.0,,1.0,,10.0,,0.0,,0.0,,0.0,,0.0,,0.0,,11.0,-11.0,-10.0,-1.0,0.0,0.0,0.0,0.0,0.0,0.0
congo,OPG120,EBC-08976,,37.0,,0.0,,2.0,,8.0,,0.0,,0.0,,0.0,,0.0,,0.0,,10.0,-10.0,-8.0,-2.0,0.0,0.0,0.0,0.0,0.0,0.0
congo,OPG120,EBC-09011,,56.0,,0.0,,4.0,,4.0,,0.0,,2.0,,0.0,,0.0,,0.0,,10.0,-10.0,-4.0,-4.0,0.0,0.0,0.0,-2.0,0.0,0.0
congo,OPG120,EBC-09029,79.0,,9.0,,58.0,,123.0,,0.0,,2.0,,5.0,,7.0,,0.0,,204.0,,204.0,123.0,58.0,0.0,7.0,5.0,2.0,9.0,0.0
congo,OPG120,EBC-09032,41.0,,5.0,,54.0,,120.0,,0.0,,3.0,,0.0,,5.0,,0.0,,187.0,,187.0,120.0,54.0,0.0,5.0,0.0,3.0,5.0,0.0
congo,OPG120,EBC-09054,,5.0,,0.0,,2.0,,4.0,,0.0,,0.0,,0.0,,0.0,,0.0,,6.0,-6.0,-4.0,-2.0,0.0,0.0,0.0,0.0,0.0,0.0
congo,OPG120,EBC-09076,,38.0,,0.0,,2.0,,8.0,,0.0,,0.0,,1.0,,0.0,,0.0,,11.0,-11.0,-8.0,-2.0,0.0,0.0,-1.0,0.0,0.0,0.0
congo,OPG120,EBC-09118,67.0,,0.0,,48.0,,108.0,,0.0,,8.0,,5.0,,10.0,,0.0,,179.0,,179.0,108.0,48.0,0.0,10.0,5.0,8.0,0.0,0.0
congo,OPG120,EBC-09172,38.0,,4.0,,40.0,,138.0,,0.0,,0.0,,1.0,,2.0,,0.0,,185.0,,185.0,138.0,40.0,0.0,2.0,1.0,0.0,4.0,0.0
congo,OPG120,EBC-09207,,9.0,,0.0,,1.0,,2.0,,0.0,,1.0,,1.0,,0.0,,0.0,,5.0,-5.0,-2.0,-1.0,0.0,0.0,-1.0,-1.0,0.0,0.0
congo,OPG120,EBC-108081,87.0,,2.0,,103.0,,138.0,,0.0,,2.0,,2.0,,21.0,,0.0,,268.0,,268.0,138.0,103.0,0.0,21.0,2.0,2.0,2.0,0.0
congo,OPG120,EBC-11035,,95.0,,0.0,,3.0,,6.0,,0.0,,1.0,,0.0,,0.0,,0.0,,10.0,-10.0,-6.0,-3.0,0.0,0.0,0.0,-1.0,0.0,0.0
congo,OPG120,EBC-11069,69.0,,0.0,,85.0,,148.0,,0.0,,1.0,,2.0,,10.0,,0.0,,246.0,,246.0,148.0,85.0,0.0,10.0,2.0,1.0,0.0,0.0
congo,OPG120,EBC-11281,51.0,,18.0,,34.0,,128.0,,0.0,,1.0,,0.0,,2.0,,0.0,,183.0,,183.0,128.0,34.0,0.0,2.0,0.0,1.0,18.0,0.0
congo,OPG120,EBC-11364,62.0,,9.0,,71.0,,117.0,,0.0,,2.0,,1.0,,15.0,,0.0,,215.0,,215.0,117.0,71.0,0.0,15.0,1.0,2.0,9.0,0.0
congo,OPG120,EBC-11384,82.0,,2.0,,82.0,,137.0,,0.0,,2.0,,1.0,,7.0,,0.0,,231.0,,231.0,137.0,82.0,0.0,7.0,1.0,2.0,2.0,0.0
congo,OPG120,EBC-11433,45.0,,5.0,,68.0,,144.0,,0.0,,2.0,,3.0,,6.0,,0.0,,228.0,,228.0,144.0,68.0,0.0,6.0,3.0,2.0,5.0,0.0
congo,OPG120,EBC-118033,76.0,,3.0,,80.0,,112.0,,0.0,,2.0,,4.0,,7.0,,0.0,,208.0,,208.0,112.0,80.0,0.0,7.0,4.0,2.0,3.0,0.0
congo,OPG120,EBC-12152,97.0,,0.0,,54.0,,180.0,,0.0,,0.0,,0.0,,2.0,,0.0,,236.0,,236.0,180.0,54.0,0.0,2.0,0.0,0.0,0.0,0.0
congo,OPG120,EBC-12412,78.0,,0.0,,64.0,,202.0,,0.0,,0.0,,0.0,,4.0,,0.0,,270.0,,270.0,202.0,64.0,0.0,4.0,0.0,0.0,0.0,0.0
congo,OPG120,EBC-12442,88.0,,9.0,,74.0,,127.0,,0.0,,3.0,,1.0,,12.0,,0.0,,226.0,,226.0,127.0,74.0,0.0,12.0,1.0,3.0,9.0,0.0
congo,OPG120,EBC-12821,93.0,,0.0,,104.0,,109.0,,0.0,,2.0,,1.0,,14.0,,0.0,,230.0,,230.0,109.0,104.0,0.0,14.0,1.0,2.0,0.0,0.0
congo,OPG120,EBC-12884,71.0,,9.0,,64.0,,106.0,,0.0,,4.0,,1.0,,14.0,,0.0,,198.0,,198.0,106.0,64.0,0.0,14.0,1.0,4.0,9.0,0.0
congo,OPG120,EBC-12996,95.0,,0.0,,32.0,,178.0,,0.0,,2.0,,2.0,,2.0,,0.0,,216.0,,216.0,178.0,32.0,0.0,2.0,2.0,2.0,0.0,0.0
congo,OPG120,EBC-13064,35.0,,14.0,,70.0,,168.0,,0.0,,0.0,,0.0,,5.0,,0.0,,257.0,,257.0,168.0,70.0,0.0,5.0,0.0,0.0,14.0,0.0
congo,OPG120,EBC-13121,83.0,,5.0,,63.0,,151.0,,0.0,,1.0,,3.0,,2.0,,0.0,,225.0,,225.0,151.0,63.0,0.0,2.0,3.0,1.0,5.0,0.0
congo,OPG120,EBC-13345,,17.0,,1.0,,1.0,,10.0,,0.0,,0.0,,0.0,,0.0,,0.0,,12.0,-12.0,-10.0,-1.0,0.0,0.0,0.0,0.0,-1.0,0.0
congo,OPG120,EBC-13379,,98.0,,0.0,,1.0,,7.0,,0.0,,0.0,,0.0,,0.0,,0.0,,8.0,-8.0,-7.0,-1.0,0.0,0.0,0.0,0.0,0.0,0.0
congo,OPG120,EBC-13607,1.0,,0.0,,79.0,,184.0,,0.0,,4.0,,3.0,,6.0,,0.0,,276.0,,276.0,184.0,79.0,0.0,6.0,3.0,4.0,0.0,0.0
congo,OPG120,EBC-13865,,60.0,,0.0,,3.0,,0.0,,0.0,,1.0,,0.0,,0.0,,0.0,,4.0,-4.0,0.0,-3.0,0.0,0.0,0.0,-1.0,0.0,0.0
congo,OPG120,EBC-14214,18.0,,4.0,,31.0,,214.0,,0.0,,0.0,,1.0,,2.0,,0.0,,252.0,,252.0,214.0,31.0,0.0,2.0,1.0,0.0,4.0,0.0
congo,OPG120,EBC-144043,,29.0,,0.0,,5.0,,0.0,,0.0,,0.0,,1.0,,1.0,,0.0,,7.0,-7.0,0.0,-5.0,0.0,-1.0,-1.0,0.0,0.0,0.0
congo,OPG120,EBC-145156,,42.0,,0.0,,1.0,,3.0,,0.0,,0.0,,1.0,,0.0,,0.0,,5.0,-5.0,-3.0,-1.0,0.0,0.0,-1.0,0.0,0.0,0.0
congo,OPG120,EBC-145171,,40.0,,0.0,,1.0,,2.0,,0.0,,0.0,,1.0,,0.0,,0.0,,4.0,-4.0,-2.0,-1.0,0.0,0.0,-1.0,0.0,0.0,0.0
congo,OPG120,EBC-145175,,76.0,,0.0,,2.0,,2.0,,0.0,,0.0,,1.0,,0.0,,0.0,,5.0,-5.0,-2.0,-2.0,0.0,0.0,-1.0,0.0,0.0,0.0
congo,OPG120,EBC-145226,16.0,,0.0,,85.0,,156.0,,0.0,,0.0,,4.0,,3.0,,0.0,,248.0,,248.0,156.0,85.0,0.0,3.0,4.0,0.0,0.0,0.0
congo,OPG120,EBC-148031,49.0,,0.0,,92.0,,193.0,,0.0,,0.0,,0.0,,2.0,,0.0,,287.0,,287.0,193.0,92.0,0.0,2.0,0.0,0.0,0.0,0.0
congo,OPG120,EBC-149094,58.0,,0.0,,61.0,,166.0,,0.0,,4.0,,1.0,,5.0,,0.0,,237.0,,237.0,166.0,61.0,0.0,5.0,1.0,4.0,0.0,0.0
congo,OPG120,EBC-149125,92.0,,0.0,,112.0,,113.0,,0.0,,4.0,,2.0,,8.0,,0.0,,239.0,,239.0,113.0,112.0,0.0,8.0,2.0,4.0,0.0,0.0
congo,OPG120,EBC-151178,,93.0,,0.0,,3.0,,0.0,,0.0,,0.0,,0.0,,0.0,,0.0,,3.0,-3.0,0.0,-3.0,0.0,0.0,0.0,0.0,0.0,0.0
congo,OPG120,EBC-155082,50.0,,0.0,,35.0,,154.0,,0.0,,1.0,,2.0,,1.0,,0.0,,193.0,,193.0,154.0,35.0,0.0,1.0,2.0,1.0,0.0,0.0
congo,OPG120,EBC-157206,,20.0,,0.0,,6.0,,3.0,,0.0,,1.0,,1.0,,0.0,,0.0,,11.0,-11.0,-3.0,-6.0,0.0,0.0,-1.0,-1.0,0.0,0.0
congo,OPG120,EBC-157248,42.0,,0.0,,79.0,,149.0,,0.0,,1.0,,2.0,,11.0,,0.0,,242.0,,242.0,149.0,79.0,0.0,11.0,2.0,1.0,0.0,0.0
congo,OPG120,EBC-158036,,41.0,,0.0,,3.0,,2.0,,0.0,,1.0,,1.0,,0.0,,0.0,,7.0,-7.0,-2.0,-3.0,0.0,0.0,-1.0,-1.0,0.0,0.0
congo,OPG120,EBC-159021,,8.0,,0.0,,0.0,,5.0,,0.0,,0.0,,1.0,,0.0,,0.0,,6.0,-6.0,-5.0,0.0,0.0,0.0,-1.0,0.0,0.0,0.0
congo,OPG120,EBC-160036,3.0,,3.0,,24.0,,92.0,,0.0,,2.0,,0.0,,1.0,,0.0,,122.0,,122.0,92.0,24.0,0.0,1.0,0.0,2.0,3.0,0.0
congo,OPG120,EBC-180260,77.0,,0.0,,29.0,,154.0,,0.0,,2.0,,0.0,,5.0,,0.0,,190.0,,190.0,154.0,29.0,0.0,5.0,0.0,2.0,0.0,0.0
congo,OPG120,EBC-186029,63.0,,0.0,,64.0,,172.0,,0.0,,4.0,,0.0,,6.0,,0.0,,246.0,,246.0,172.0,64.0,0.0,6.0,0.0,4.0,0.0,0.0
congo,OPG120,EBC-200021,,65.0,,0.0,,4.0,,1.0,,0.0,,0.0,,1.0,,0.0,,0.0,,6.0,-6.0,-1.0,-4.0,0.0,0.0,-1.0,0.0,0.0,0.0
congo,OPG120,EBC-216028,20.0,,0.0,,36.0,,175.0,,0.0,,2.0,,4.0,,5.0,,0.0,,222.0,,222.0,175.0,36.0,0.0,5.0,4.0,2.0,0.0,0.0
congo,OPG120,EBC-217022,24.0,,1.0,,53.0,,119.0,,0.0,,1.0,,0.0,,11.0,,0.0,,185.0,,185.0,119.0,53.0,0.0,11.0,0.0,1.0,1.0,0.0
congo,OPG120,EBC-218034,90.0,,0.0,,28.0,,152.0,,0.0,,3.0,,0.0,,4.0,,0.0,,187.0,,187.0,152.0,28.0,0.0,4.0,0.0,3.0,0.0,0.0
congo,OPG120,EBC-218037,13.0,,0.0,,38.0,,159.0,,0.0,,3.0,,3.0,,2.0,,0.0,,205.0,,205.0,159.0,38.0,0.0,2.0,3.0,3.0,0.0,0.0
congo,OPG120,EBC-218043,5.0,,0.0,,65.0,,167.0,,0.0,,4.0,,5.0,,17.0,,0.0,,258.0,,258.0,167.0,65.0,0.0,17.0,5.0,4.0,0.0,0.0
congo,OPG120,EBC-23629,73.0,,0.0,,41.0,,184.0,,0.0,,1.0,,0.0,,5.0,,0.0,,231.0,,231.0,184.0,41.0,0.0,5.0,0.0,1.0,0.0,0.0
congo,OPG120,EBC-24059,,52.0,,0.0,,5.0,,3.0,,0.0,,0.0,,1.0,,1.0,,0.0,,10.0,-10.0,-3.0,-5.0,0.0,-1.0,-1.0,0.0,0.0,0.0
congo,OPG120,EBC-244029,43.0,,0.0,,52.0,,175.0,,0.0,,2.0,,3.0,,7.0,,0.0,,239.0,,239.0,175.0,52.0,0.0,7.0,3.0,2.0,0.0,0.0
congo,OPG120,EBC-252122,8.0,,8.0,,51.0,,146.0,,0.0,,3.0,,1.0,,8.0,,0.0,,217.0,,217.0,146.0,51.0,0.0,8.0,1.0,3.0,8.0,0.0
congo,OPG120,EBC-26505,,53.0,,0.0,,3.0,,0.0,,0.0,,1.0,,0.0,,0.0,,0.0,,4.0,-4.0,0.0,-3.0,0.0,0.0,0.0,-1.0,0.0,0.0
congo,OPG120,EBC-26770,32.0,,0.0,,35.0,,162.0,,0.0,,0.0,,0.0,,0.0,,0.0,,197.0,,197.0,162.0,35.0,0.0,0.0,0.0,0.0,0.0,0.0
congo,OPG120,EBC-27078,39.0,,0.0,,16.0,,226.0,,0.0,,0.0,,0.0,,2.0,,0.0,,244.0,,244.0,226.0,16.0,0.0,2.0,0.0,0.0,0.0,0.0
congo,OPG120,EBC-27184,33.0,,0.0,,12.0,,232.0,,0.0,,0.0,,0.0,,5.0,,0.0,,249.0,,249.0,232.0,12.0,0.0,5.0,0.0,0.0,0.0,0.0
congo,OPG120,EBC-27265,7.0,,8.0,,24.0,,145.0,,0.0,,2.0,,3.0,,1.0,,0.0,,183.0,,183.0,145.0,24.0,0.0,1.0,3.0,2.0,8.0,0.0
congo,OPG120,EBC-27288,46.0,,16.0,,78.0,,113.0,,0.0,,1.0,,2.0,,13.0,,0.0,,223.0,,223.0,113.0,78.0,0.0,13.0,2.0,1.0,16.0,0.0
congo,OPG120,EBC-27345,4.0,,9.0,,39.0,,127.0,,0.0,,3.0,,0.0,,3.0,,0.0,,181.0,,181.0,127.0,39.0,0.0,3.0,0.0,3.0,9.0,0.0
congo,OPG120,EBC-27367,89.0,,18.0,,84.0,,116.0,,0.0,,2.0,,0.0,,16.0,,0.0,,236.0,,236.0,116.0,84.0,0.0,16.0,0.0,2.0,18.0,0.0
congo,OPG120,EBC-27428,2.0,,0.0,,70.0,,179.0,,0.0,,2.0,,1.0,,18.0,,0.0,,270.0,,270.0,179.0,70.0,0.0,18.0,1.0,2.0,0.0,0.0
congo,OPG120,EBC-287042,64.0,,0.0,,67.0,,175.0,,0.0,,1.0,,1.0,,7.0,,0.0,,251.0,,251.0,175.0,67.0,0.0,7.0,1.0,1.0,0.0,0.0
congo,OPG120,EBC-287052,80.0,,0.0,,80.0,,163.0,,0.0,,1.0,,0.0,,7.0,,0.0,,251.0,,251.0,163.0,80.0,0.0,7.0,0.0,1.0,0.0,0.0
congo,OPG120,EBC-287070,10.0,,0.0,,41.0,,194.0,,0.0,,1.0,,0.0,,4.0,,0.0,,240.0,,240.0,194.0,41.0,0.0,4.0,0.0,1.0,0.0,0.0
congo,OPG120,EBC-289056,,46.0,,0.0,,4.0,,5.0,,0.0,,2.0,,0.0,,1.0,,0.0,,12.0,-12.0,-5.0,-4.0,0.0,-1.0,0.0,-2.0,0.0,0.0
congo,OPG120,EBC-289112,36.0,,0.0,,38.0,,184.0,,0.0,,2.0,,6.0,,6.0,,0.0,,236.0,,236.0,184.0,38.0,0.0,6.0,6.0,2.0,0.0,0.0
congo,OPG120,EBC-290041,19.0,,3.0,,159.0,,132.0,,0.0,,1.0,,1.0,,25.0,,0.0,,321.0,,321.0,132.0,159.0,0.0,25.0,1.0,1.0,3.0,0.0
congo,OPG120,EBC-290057,85.0,,0.0,,68.0,,137.0,,0.0,,1.0,,0.0,,5.0,,0.0,,211.0,,211.0,137.0,68.0,0.0,5.0,0.0,1.0,0.0,0.0
congo,OPG120,EBC-290077,96.0,,4.0,,33.0,,168.0,,0.0,,4.0,,0.0,,3.0,,0.0,,212.0,,212.0,168.0,33.0,0.0,3.0,0.0,4.0,4.0,0.0
congo,OPG120,EBC-291056,23.0,,0.0,,30.0,,187.0,,0.0,,2.0,,0.0,,2.0,,0.0,,221.0,,221.0,187.0,30.0,0.0,2.0,0.0,2.0,0.0,0.0
congo,OPG120,EBC-291131,,33.0,,0.0,,2.0,,0.0,,0.0,,1.0,,0.0,,0.0,,0.0,,3.0,-3.0,0.0,-2.0,0.0,0.0,0.0,-1.0,0.0,0.0
congo,OPG120,EBC-291135,100.0,,0.0,,54.0,,165.0,,0.0,,5.0,,4.0,,8.0,,0.0,,236.0,,236.0,165.0,54.0,0.0,8.0,4.0,5.0,0.0,0.0
congo,OPG120,EBC-291159,48.0,,0.0,,41.0,,214.0,,0.0,,3.0,,3.0,,4.0,,0.0,,265.0,,265.0,214.0,41.0,0.0,4.0,3.0,3.0,0.0,0.0
congo,OPG120,EBC-292060,14.0,,2.0,,33.0,,104.0,,0.0,,4.0,,0.0,,2.0,,0.0,,145.0,,145.0,104.0,33.0,0.0,2.0,0.0,4.0,2.0,0.0
congo,OPG120,EBC-292064,99.0,,4.0,,36.0,,158.0,,0.0,,0.0,,1.0,,6.0,,0.0,,205.0,,205.0,158.0,36.0,0.0,6.0,1.0,0.0,4.0,0.0
congo,OPG120,EBC-303272,52.0,,0.0,,56.0,,168.0,,0.0,,1.0,,3.0,,1.0,,0.0,,229.0,,229.0,168.0,56.0,0.0,1.0,3.0,1.0,0.0,0.0
congo,OPG120,EBC-306048,25.0,,11.0,,89.0,,101.0,,0.0,,1.0,,2.0,,8.0,,0.0,,212.0,,212.0,101.0,89.0,0.0,8.0,2.0,1.0,11.0,0.0
congo,OPG120,EBC-309072,68.0,,2.0,,96.0,,145.0,,0.0,,11.0,,1.0,,11.0,,0.0,,266.0,,266.0,145.0,96.0,0.0,11.0,1.0,11.0,2.0,0.0
congo,OPG120,EBC-44165,70.0,,0.0,,62.0,,95.0,,0.0,,1.0,,1.0,,4.0,,0.0,,163.0,,163.0,95.0,62.0,0.0,4.0,1.0,1.0,0.0,0.0
congo,OPG120,EBC-44189,,68.0,,0.0,,6.0,,3.0,,0.0,,0.0,,1.0,,1.0,,0.0,,11.0,-11.0,-3.0,-6.0,0.0,-1.0,-1.0,0.0,0.0,0.0
congo,OPG120,EBC-44358,84.0,,9.0,,69.0,,119.0,,0.0,,2.0,,0.0,,12.0,,0.0,,211.0,,211.0,119.0,69.0,0.0,12.0,0.0,2.0,9.0,0.0
congo,OPG120,EBC-46024,72.0,,2.0,,78.0,,147.0,,0.0,,2.0,,0.0,,10.0,,0.0,,239.0,,239.0,147.0,78.0,0.0,10.0,0.0,2.0,2.0,0.0
congo,OPG120,EBC-46057,17.0,,0.0,,57.0,,218.0,,0.0,,1.0,,1.0,,4.0,,0.0,,281.0,,281.0,218.0,57.0,0.0,4.0,1.0,1.0,0.0,0.0
congo,OPG120,EBC-46196,,97.0,,0.0,,0.0,,7.0,,0.0,,0.0,,2.0,,0.0,,0.0,,9.0,-9.0,-7.0,0.0,0.0,0.0,-2.0,0.0,0.0,0.0
congo,OPG120,EBC-46294,9.0,,3.0,,151.0,,141.0,,0.0,,2.0,,1.0,,16.0,,0.0,,314.0,,314.0,141.0,151.0,0.0,16.0,1.0,2.0,3.0,0.0
congo,OPG120,EBC-47114,55.0,,9.0,,51.0,,132.0,,0.0,,2.0,,0.0,,10.0,,0.0,,204.0,,204.0,132.0,51.0,0.0,10.0,0.0,2.0,9.0,0.0
congo,OPG120,EBC-47119,56.0,,0.0,,138.0,,135.0,,0.0,,2.0,,2.0,,16.0,,0.0,,293.0,,293.0,135.0,138.0,0.0,16.0,2.0,2.0,0.0,0.0
congo,OPG120,EBC-47188,,69.0,,0.0,,5.0,,4.0,,0.0,,0.0,,1.0,,1.0,,0.0,,11.0,-11.0,-4.0,-5.0,0.0,-1.0,-1.0,0.0,0.0,0.0
congo,OPG120,EBC-47288,,81.0,,0.0,,5.0,,2.0,,0.0,,1.0,,0.0,,0.0,,0.0,,8.0,-8.0,-2.0,-5.0,0.0,0.0,0.0,-1.0,0.0,0.0
congo,OPG120,EBC-48186,30.0,,20.0,,49.0,,109.0,,0.0,,1.0,,0.0,,0.0,,0.0,,179.0,,179.0,109.0,49.0,0.0,0.0,0.0,1.0,20.0,0.0
congo,OPG120,EBC-63089,21.0,,3.0,,134.0,,138.0,,0.0,,3.0,,0.0,,13.0,,0.0,,291.0,,291.0,138.0,134.0,0.0,13.0,0.0,3.0,3.0,0.0
congo,OPG120,EBC-84050,27.0,,6.0,,97.0,,110.0,,0.0,,0.0,,0.0,,16.0,,0.0,,229.0,,229.0,110.0,97.0,0.0,16.0,0.0,0.0,6.0,0.0
congo,OPG154,EBC-00676,,30.0,,1.0,,2.0,,2.0,,0.0,,0.0,,0.0,,0.0,,0.0,,5.0,-5.0,-2.0,-2.0,0.0,0.0,0.0,0.0,-1.0,0.0
congo,OPG154,EBC-00699,,37.0,,0.0,,0.0,,2.0,,0.0,,0.0,,0.0,,0.0,,0.0,,2.0,-2.0,-2.0,0.0,0.0,0.0,0.0,0.0,0.0,0.0
congo,OPG154,EBC-00711,14.0,,0.0,,10.0,,158.0,,0.0,,2.0,,0.0,,8.0,,0.0,,178.0,,178.0,158.0,10.0,0.0,8.0,0.0,2.0,0.0,0.0
congo,OPG154,EBC-02025,,4.0,,0.0,,1.0,,2.0,,0.0,,0.0,,0.0,,0.0,,0.0,,3.0,-3.0,-2.0,-1.0,0.0,0.0,0.0,0.0,0.0,0.0
congo,OPG154,EBC-02079,4.0,,0.0,,34.0,,125.0,,0.0,,0.0,,2.0,,9.0,,0.0,,170.0,,170.0,125.0,34.0,0.0,9.0,2.0,0.0,0.0,0.0
congo,OPG154,EBC-02080,59.0,,0.0,,17.0,,120.0,,0.0,,0.0,,0.0,,3.0,,0.0,,140.0,,140.0,120.0,17.0,0.0,3.0,0.0,0.0,0.0,0.0
congo,OPG154,EBC-03100,,5.0,,0.0,,1.0,,0.0,,0.0,,0.0,,0.0,,0.0,,0.0,,1.0,-1.0,0.0,-1.0,0.0,0.0,0.0,0.0,0.0,0.0
congo,OPG154,EBC-03122,,47.0,,0.0,,1.0,,0.0,,0.0,,0.0,,0.0,,0.0,,0.0,,1.0,-1.0,0.0,-1.0,0.0,0.0,0.0,0.0,0.0,0.0
congo,OPG154,EBC-03159,,51.0,,0.0,,0.0,,1.0,,0.0,,0.0,,0.0,,2.0,,0.0,,3.0,-3.0,-1.0,0.0,0.0,-2.0,0.0,0.0,0.0,0.0
congo,OPG154,EBC-03170,,100.0,,0.0,,1.0,,0.0,,0.0,,0.0,,0.0,,0.0,,0.0,,1.0,-1.0,0.0,-1.0,0.0,0.0,0.0,0.0,0.0,0.0
congo,OPG154,EBC-03255,,85.0,,0.0,,1.0,,0.0,,0.0,,0.0,,0.0,,1.0,,0.0,,2.0,-2.0,0.0,-1.0,0.0,-1.0,0.0,0.0,0.0,0.0
congo,OPG154,EBC-03338,,92.0,,0.0,,0.0,,1.0,,0.0,,0.0,,0.0,,0.0,,0.0,,1.0,-1.0,-1.0,0.0,0.0,0.0,0.0,0.0,0.0,0.0
congo,OPG154,EBC-03422,,94.0,,0.0,,0.0,,1.0,,0.0,,0.0,,0.0,,2.0,,0.0,,3.0,-3.0,-1.0,0.0,0.0,-2.0,0.0,0.0,0.0,0.0
congo,OPG154,EBC-03567,,88.0,,0.0,,0.0,,1.0,,0.0,,0.0,,0.0,,0.0,,0.0,,1.0,-1.0,-1.0,0.0,0.0,0.0,0.0,0.0,0.0,0.0
congo,OPG154,EBC-03694,,40.0,,0.0,,0.0,,4.0,,0.0,,0.0,,0.0,,0.0,,0.0,,4.0,-4.0,-4.0,0.0,0.0,0.0,0.0,0.0,0.0,0.0
congo,OPG154,EBC-03738,,45.0,,0.0,,0.0,,1.0,,0.0,,0.0,,0.0,,1.0,,0.0,,2.0,-2.0,-1.0,0.0,0.0,-1.0,0.0,0.0,0.0,0.0
congo,OPG154,EBC-03838,81.0,,0.0,,18.0,,147.0,,0.0,,0.0,,0.0,,0.0,,0.0,,165.0,,165.0,147.0,18.0,0.0,0.0,0.0,0.0,0.0,0.0
congo,OPG154,EBC-03852,41.0,,0.0,,16.0,,149.0,,0.0,,1.0,,1.0,,0.0,,0.0,,167.0,,167.0,149.0,16.0,0.0,0.0,1.0,1.0,0.0,0.0
congo,OPG154,EBC-03865,5.0,,0.0,,2.0,,193.0,,0.0,,3.0,,0.0,,0.0,,0.0,,198.0,,198.0,193.0,2.0,0.0,0.0,0.0,3.0,0.0,0.0
congo,OPG154,EBC-03874,,25.0,,0.0,,0.0,,3.0,,0.0,,0.0,,0.0,,0.0,,0.0,,3.0,-3.0,-3.0,0.0,0.0,0.0,0.0,0.0,0.0,0.0
congo,OPG154,EBC-04013,,99.0,,0.0,,0.0,,2.0,,0.0,,0.0,,0.0,,2.0,,0.0,,4.0,-4.0,-2.0,0.0,0.0,-2.0,0.0,0.0,0.0,0.0
congo,OPG154,EBC-04018,,95.0,,0.0,,1.0,,1.0,,0.0,,0.0,,0.0,,0.0,,0.0,,2.0,-2.0,-1.0,-1.0,0.0,0.0,0.0,0.0,0.0,0.0
congo,OPG154,EBC-04173,,52.0,,0.0,,1.0,,1.0,,0.0,,0.0,,0.0,,0.0,,0.0,,2.0,-2.0,-1.0,-1.0,0.0,0.0,0.0,0.0,0.0,0.0
congo,OPG154,EBC-04305,,22.0,,0.0,,2.0,,0.0,,0.0,,0.0,,0.0,,0.0,,0.0,,2.0,-2.0,0.0,-2.0,0.0,0.0,0.0,0.0,0.0,0.0
congo,OPG154,EBC-04407,,34.0,,0.0,,1.0,,2.0,,0.0,,0.0,,0.0,,0.0,,0.0,,3.0,-3.0,-2.0,-1.0,0.0,0.0,0.0,0.0,0.0,0.0
congo,OPG154,EBC-06061,53.0,,0.0,,33.0,,108.0,,0.0,,5.0,,3.0,,7.0,,0.0,,156.0,,156.0,108.0,33.0,0.0,7.0,3.0,5.0,0.0,0.0
congo,OPG154,EBC-06062,72.0,,0.0,,28.0,,172.0,,0.0,,1.0,,0.0,,15.0,,0.0,,216.0,,216.0,172.0,28.0,0.0,15.0,0.0,1.0,0.0,0.0
congo,OPG154,EBC-06111,25.0,,0.0,,17.0,,160.0,,0.0,,0.0,,1.0,,2.0,,0.0,,180.0,,180.0,160.0,17.0,0.0,2.0,1.0,0.0,0.0,0.0
congo,OPG154,EBC-06211,,46.0,,0.0,,0.0,,1.0,,0.0,,0.0,,0.0,,1.0,,0.0,,2.0,-2.0,-1.0,0.0,0.0,-1.0,0.0,0.0,0.0,0.0
congo,OPG154,EBC-06218,,82.0,,0.0,,0.0,,1.0,,0.0,,0.0,,0.0,,0.0,,0.0,,1.0,-1.0,-1.0,0.0,0.0,0.0,0.0,0.0,0.0,0.0
congo,OPG154,EBC-06262,,49.0,,0.0,,0.0,,3.0,,0.0,,0.0,,0.0,,0.0,,0.0,,3.0,-3.0,-3.0,0.0,0.0,0.0,0.0,0.0,0.0,0.0
congo,OPG154,EBC-06514,,91.0,,0.0,,0.0,,1.0,,0.0,,0.0,,0.0,,2.0,,0.0,,3.0,-3.0,-1.0,0.0,0.0,-2.0,0.0,0.0,0.0,0.0
congo,OPG154,EBC-06569,,1.0,,0.0,,1.0,,1.0,,0.0,,0.0,,0.0,,0.0,,0.0,,2.0,-2.0,-1.0,-1.0,0.0,0.0,0.0,0.0,0.0,0.0
congo,OPG154,EBC-06591,,73.0,,0.0,,0.0,,2.0,,0.0,,0.0,,0.0,,0.0,,0.0,,2.0,-2.0,-2.0,0.0,0.0,0.0,0.0,0.0,0.0,0.0
congo,OPG154,EBC-06694,,16.0,,0.0,,0.0,,3.0,,0.0,,0.0,,0.0,,0.0,,0.0,,3.0,-3.0,-3.0,0.0,0.0,0.0,0.0,0.0,0.0,0.0
congo,OPG154,EBC-06754,,39.0,,0.0,,1.0,,3.0,,0.0,,0.0,,0.0,,0.0,,0.0,,4.0,-4.0,-3.0,-1.0,0.0,0.0,0.0,0.0,0.0,0.0
congo,OPG154,EBC-06802,,71.0,,0.0,,1.0,,3.0,,0.0,,0.0,,0.0,,0.0,,0.0,,4.0,-4.0,-3.0,-1.0,0.0,0.0,0.0,0.0,0.0,0.0
congo,OPG154,EBC-06968,,68.0,,0.0,,0.0,,3.0,,0.0,,0.0,,0.0,,2.0,,0.0,,5.0,-5.0,-3.0,0.0,0.0,-2.0,0.0,0.0,0.0,0.0
congo,OPG154,EBC-06996,,31.0,,0.0,,0.0,,2.0,,0.0,,0.0,,0.0,,0.0,,0.0,,2.0,-2.0,-2.0,0.0,0.0,0.0,0.0,0.0,0.0,0.0
congo,OPG154,EBC-07067,,33.0,,0.0,,1.0,,2.0,,0.0,,0.0,,0.0,,0.0,,0.0,,3.0,-3.0,-2.0,-1.0,0.0,0.0,0.0,0.0,0.0,0.0
congo,OPG154,EBC-07074,,70.0,,0.0,,1.0,,2.0,,0.0,,0.0,,0.0,,1.0,,0.0,,4.0,-4.0,-2.0,-1.0,0.0,-1.0,0.0,0.0,0.0,0.0
congo,OPG154,EBC-07163,,67.0,,0.0,,0.0,,2.0,,0.0,,0.0,,0.0,,1.0,,0.0,,3.0,-3.0,-2.0,0.0,0.0,-1.0,0.0,0.0,0.0,0.0
congo,OPG154,EBC-07205,,76.0,,0.0,,0.0,,1.0,,0.0,,0.0,,0.0,,0.0,,0.0,,1.0,-1.0,-1.0,0.0,0.0,0.0,0.0,0.0,0.0,0.0
congo,OPG154,EBC-07236,92.0,,0.0,,12.0,,179.0,,0.0,,0.0,,0.0,,4.0,,0.0,,195.0,,195.0,179.0,12.0,0.0,4.0,0.0,0.0,0.0,0.0
congo,OPG154,EBC-07249,32.0,,0.0,,14.0,,138.0,,0.0,,1.0,,1.0,,0.0,,0.0,,154.0,,154.0,138.0,14.0,0.0,0.0,1.0,1.0,0.0,0.0
congo,OPG154,EBC-07250,83.0,,0.0,,14.0,,150.0,,0.0,,1.0,,1.0,,0.0,,0.0,,166.0,,166.0,150.0,14.0,0.0,0.0,1.0,1.0,0.0,0.0
congo,OPG154,EBC-07256,,26.0,,0.0,,0.0,,3.0,,0.0,,0.0,,1.0,,0.0,,0.0,,4.0,-4.0,-3.0,0.0,0.0,0.0,-1.0,0.0,0.0,0.0
congo,OPG154,EBC-07301,26.0,,0.0,,10.0,,175.0,,0.0,,1.0,,3.0,,8.0,,0.0,,197.0,,197.0,175.0,10.0,0.0,8.0,3.0,1.0,0.0,0.0
congo,OPG154,EBC-07355,,8.0,,0.0,,0.0,,5.0,,0.0,,0.0,,0.0,,0.0,,0.0,,5.0,-5.0,-5.0,0.0,0.0,0.0,0.0,0.0,0.0,0.0
congo,OPG154,EBC-07421,49.0,,2.0,,10.0,,129.0,,0.0,,4.0,,2.0,,5.0,,0.0,,152.0,,152.0,129.0,10.0,0.0,5.0,2.0,4.0,2.0,0.0
congo,OPG154,EBC-07488,,60.0,,0.0,,0.0,,3.0,,0.0,,0.0,,0.0,,1.0,,0.0,,4.0,-4.0,-3.0,0.0,0.0,-1.0,0.0,0.0,0.0,0.0
congo,OPG154,EBC-07528,91.0,,0.0,,12.0,,177.0,,0.0,,0.0,,0.0,,6.0,,0.0,,195.0,,195.0,177.0,12.0,0.0,6.0,0.0,0.0,0.0,0.0
congo,OPG154,EBC-07536,,10.0,,0.0,,0.0,,3.0,,0.0,,0.0,,0.0,,1.0,,0.0,,4.0,-4.0,-3.0,0.0,0.0,-1.0,0.0,0.0,0.0,0.0
congo,OPG154,EBC-07670,34.0,,0.0,,35.0,,164.0,,0.0,,0.0,,0.0,,2.0,,0.0,,201.0,,201.0,164.0,35.0,0.0,2.0,0.0,0.0,0.0,0.0
congo,OPG154,EBC-07719,,28.0,,0.0,,0.0,,4.0,,0.0,,0.0,,0.0,,0.0,,0.0,,4.0,-4.0,-4.0,0.0,0.0,0.0,0.0,0.0,0.0,0.0
congo,OPG154,EBC-07742,,42.0,,0.0,,1.0,,5.0,,0.0,,0.0,,0.0,,0.0,,0.0,,6.0,-6.0,-5.0,-1.0,0.0,0.0,0.0,0.0,0.0,0.0
congo,OPG154,EBC-07863,,84.0,,0.0,,0.0,,0.0,,0.0,,0.0,,0.0,,0.0,,0.0,,0.0,0.0,0.0,0.0,0.0,0.0,0.0,0.0,0.0,0.0
congo,OPG154,EBC-07967,,53.0,,0.0,,0.0,,3.0,,0.0,,0.0,,0.0,,0.0,,0.0,,3.0,-3.0,-3.0,0.0,0.0,0.0,0.0,0.0,0.0,0.0
congo,OPG154,EBC-07988,40.0,,1.0,,57.0,,178.0,,0.0,,1.0,,3.0,,33.0,,0.0,,273.0,,273.0,178.0,57.0,0.0,33.0,3.0,1.0,1.0,0.0
congo,OPG154,EBC-08090,,83.0,,0.0,,2.0,,0.0,,0.0,,0.0,,0.0,,0.0,,0.0,,2.0,-2.0,0.0,-2.0,0.0,0.0,0.0,0.0,0.0,0.0
congo,OPG154,EBC-08250,,36.0,,0.0,,0.0,,1.0,,0.0,,0.0,,0.0,,0.0,,0.0,,1.0,-1.0,-1.0,0.0,0.0,0.0,0.0,0.0,0.0,0.0
congo,OPG154,EBC-08319,,81.0,,0.0,,0.0,,4.0,,0.0,,0.0,,0.0,,0.0,,0.0,,4.0,-4.0,-4.0,0.0,0.0,0.0,0.0,0.0,0.0,0.0
congo,OPG154,EBC-08356,,79.0,,0.0,,1.0,,6.0,,0.0,,0.0,,0.0,,0.0,,0.0,,7.0,-7.0,-6.0,-1.0,0.0,0.0,0.0,0.0,0.0,0.0
congo,OPG154,EBC-08507,,74.0,,0.0,,1.0,,0.0,,0.0,,0.0,,0.0,,0.0,,0.0,,1.0,-1.0,0.0,-1.0,0.0,0.0,0.0,0.0,0.0,0.0
congo,OPG154,EBC-08587,30.0,,0.0,,18.0,,122.0,,0.0,,0.0,,0.0,,0.0,,0.0,,140.0,,140.0,122.0,18.0,0.0,0.0,0.0,0.0,0.0,0.0
congo,OPG154,EBC-08615,85.0,,0.0,,69.0,,123.0,,0.0,,0.0,,0.0,,10.0,,0.0,,202.0,,202.0,123.0,69.0,0.0,10.0,0.0,0.0,0.0,0.0
congo,OPG154,EBC-08641,,7.0,,0.0,,1.0,,4.0,,0.0,,0.0,,0.0,,2.0,,0.0,,7.0,-7.0,-4.0,-1.0,0.0,-2.0,0.0,0.0,0.0,0.0
congo,OPG154,EBC-08722,,77.0,,0.0,,1.0,,4.0,,0.0,,0.0,,0.0,,1.0,,0.0,,6.0,-6.0,-4.0,-1.0,0.0,-1.0,0.0,0.0,0.0,0.0
congo,OPG154,EBC-08787,44.0,,0.0,,17.0,,172.0,,0.0,,0.0,,1.0,,1.0,,0.0,,191.0,,191.0,172.0,17.0,0.0,1.0,1.0,0.0,0.0,0.0
congo,OPG154,EBC-08788,39.0,,0.0,,28.0,,151.0,,0.0,,1.0,,2.0,,7.0,,0.0,,189.0,,189.0,151.0,28.0,0.0,7.0,2.0,1.0,0.0,0.0
congo,OPG154,EBC-08807,,54.0,,0.0,,0.0,,3.0,,0.0,,0.0,,0.0,,1.0,,0.0,,4.0,-4.0,-3.0,0.0,0.0,-1.0,0.0,0.0,0.0,0.0
congo,OPG154,EBC-08822,73.0,,0.0,,47.0,,149.0,,0.0,,0.0,,1.0,,3.0,,0.0,,200.0,,200.0,149.0,47.0,0.0,3.0,1.0,0.0,0.0,0.0
congo,OPG154,EBC-08915,21.0,,0.0,,28.0,,194.0,,0.0,,1.0,,1.0,,8.0,,0.0,,232.0,,232.0,194.0,28.0,0.0,8.0,1.0,1.0,0.0,0.0
congo,OPG154,EBC-08951,,75.0,,0.0,,0.0,,4.0,,0.0,,0.0,,0.0,,0.0,,0.0,,4.0,-4.0,-4.0,0.0,0.0,0.0,0.0,0.0,0.0,0.0
congo,OPG154,EBC-08956,,65.0,,0.0,,0.0,,3.0,,0.0,,0.0,,0.0,,1.0,,0.0,,4.0,-4.0,-3.0,0.0,0.0,-1.0,0.0,0.0,0.0,0.0
congo,OPG154,EBC-09039,,41.0,,0.0,,0.0,,1.0,,0.0,,0.0,,0.0,,1.0,,0.0,,2.0,-2.0,-1.0,0.0,0.0,-1.0,0.0,0.0,0.0,0.0
congo,OPG154,EBC-09050,,57.0,,0.0,,0.0,,5.0,,0.0,,0.0,,0.0,,0.0,,0.0,,5.0,-5.0,-5.0,0.0,0.0,0.0,0.0,0.0,0.0,0.0
congo,OPG154,EBC-09098,58.0,,0.0,,25.0,,170.0,,0.0,,2.0,,0.0,,4.0,,0.0,,201.0,,201.0,170.0,25.0,0.0,4.0,0.0,2.0,0.0,0.0
congo,OPG154,EBC-09224,,27.0,,0.0,,0.0,,1.0,,0.0,,0.0,,1.0,,0.0,,0.0,,2.0,-2.0,-1.0,0.0,0.0,0.0,-1.0,0.0,0.0,0.0
congo,OPG154,EBC-09225,,9.0,,0.0,,0.0,,2.0,,0.0,,0.0,,0.0,,2.0,,0.0,,4.0,-4.0,-2.0,0.0,0.0,-2.0,0.0,0.0,0.0,0.0
congo,OPG154,EBC-101110,,62.0,,0.0,,2.0,,1.0,,0.0,,0.0,,0.0,,1.0,,0.0,,4.0,-4.0,-1.0,-2.0,0.0,-1.0,0.0,0.0,0.0,0.0
congo,OPG154,EBC-11034,,90.0,,0.0,,0.0,,2.0,,0.0,,0.0,,0.0,,1.0,,0.0,,3.0,-3.0,-2.0,0.0,0.0,-1.0,0.0,0.0,0.0,0.0
congo,OPG154,EBC-11041,63.0,,0.0,,34.0,,134.0,,0.0,,0.0,,1.0,,3.0,,0.0,,172.0,,172.0,134.0,34.0,0.0,3.0,1.0,0.0,0.0,0.0
congo,OPG154,EBC-11069,48.0,,0.0,,45.0,,156.0,,0.0,,0.0,,1.0,,4.0,,0.0,,206.0,,206.0,156.0,45.0,0.0,4.0,1.0,0.0,0.0,0.0
congo,OPG154,EBC-11281,23.0,,13.0,,20.0,,122.0,,0.0,,0.0,,0.0,,4.0,,0.0,,159.0,,159.0,122.0,20.0,0.0,4.0,0.0,0.0,13.0,0.0
congo,OPG154,EBC-11364,24.0,,5.0,,49.0,,81.0,,0.0,,3.0,,4.0,,9.0,,0.0,,151.0,,151.0,81.0,49.0,0.0,9.0,4.0,3.0,5.0,0.0
congo,OPG154,EBC-11367,90.0,,0.0,,51.0,,142.0,,0.0,,2.0,,2.0,,6.0,,0.0,,203.0,,203.0,142.0,51.0,0.0,6.0,2.0,2.0,0.0,0.0
congo,OPG154,EBC-11433,97.0,,3.0,,61.0,,117.0,,0.0,,0.0,,0.0,,10.0,,0.0,,191.0,,191.0,117.0,61.0,0.0,10.0,0.0,0.0,3.0,0.0
congo,OPG154,EBC-118037,54.0,,0.0,,40.0,,126.0,,0.0,,0.0,,0.0,,14.0,,0.0,,180.0,,180.0,126.0,40.0,0.0,14.0,0.0,0.0,0.0,0.0
congo,OPG154,EBC-12063,52.0,,0.0,,78.0,,91.0,,0.0,,3.0,,1.0,,21.0,,0.0,,194.0,,194.0,91.0,78.0,0.0,21.0,1.0,3.0,0.0,0.0
congo,OPG154,EBC-12273,19.0,,0.0,,40.0,,158.0,,0.0,,0.0,,2.0,,4.0,,0.0,,204.0,,204.0,158.0,40.0,0.0,4.0,2.0,0.0,0.0,0.0
congo,OPG154,EBC-12341,,59.0,,0.0,,0.0,,2.0,,0.0,,0.0,,0.0,,0.0,,0.0,,2.0,-2.0,-2.0,0.0,0.0,0.0,0.0,0.0,0.0,0.0
congo,OPG154,EBC-12537,,96.0,,0.0,,0.0,,2.0,,0.0,,0.0,,0.0,,3.0,,0.0,,5.0,-5.0,-2.0,0.0,0.0,-3.0,0.0,0.0,0.0,0.0
congo,OPG154,EBC-12821,18.0,,0.0,,59.0,,114.0,,0.0,,0.0,,2.0,,3.0,,0.0,,178.0,,178.0,114.0,59.0,0.0,3.0,2.0,0.0,0.0,0.0
congo,OPG154,EBC-12878,88.0,,0.0,,76.0,,146.0,,0.0,,2.0,,0.0,,21.0,,0.0,,245.0,,245.0,146.0,76.0,0.0,21.0,0.0,2.0,0.0,0.0
congo,OPG154,EBC-12884,66.0,,8.0,,32.0,,83.0,,0.0,,3.0,,1.0,,18.0,,0.0,,145.0,,145.0,83.0,32.0,0.0,18.0,1.0,3.0,8.0,0.0
congo,OPG154,EBC-12986,,24.0,,0.0,,0.0,,6.0,,0.0,,0.0,,0.0,,1.0,,0.0,,7.0,-7.0,-6.0,0.0,0.0,-1.0,0.0,0.0,0.0,0.0
congo,OPG154,EBC-13061,70.0,,0.0,,54.0,,100.0,,0.0,,2.0,,2.0,,6.0,,0.0,,164.0,,164.0,100.0,54.0,0.0,6.0,2.0,2.0,0.0,0.0
congo,OPG154,EBC-13071,95.0,,0.0,,24.0,,165.0,,0.0,,0.0,,1.0,,1.0,,0.0,,191.0,,191.0,165.0,24.0,0.0,1.0,1.0,0.0,0.0,0.0
congo,OPG154,EBC-13127,47.0,,0.0,,51.0,,211.0,,0.0,,0.0,,1.0,,3.0,,0.0,,266.0,,266.0,211.0,51.0,0.0,3.0,1.0,0.0,0.0,0.0
congo,OPG154,EBC-13145,,69.0,,0.0,,0.0,,2.0,,0.0,,0.0,,0.0,,0.0,,0.0,,2.0,-2.0,-2.0,0.0,0.0,0.0,0.0,0.0,0.0,0.0
congo,OPG154,EBC-13184,46.0,,3.0,,57.0,,150.0,,0.0,,0.0,,0.0,,22.0,,0.0,,232.0,,232.0,150.0,57.0,0.0,22.0,0.0,0.0,3.0,0.0
congo,OPG154,EBC-13436,,48.0,,0.0,,3.0,,0.0,,0.0,,0.0,,0.0,,0.0,,0.0,,3.0,-3.0,0.0,-3.0,0.0,0.0,0.0,0.0,0.0,0.0
congo,OPG154,EBC-13579,71.0,,0.0,,71.0,,116.0,,0.0,,0.0,,0.0,,9.0,,0.0,,196.0,,196.0,116.0,71.0,0.0,9.0,0.0,0.0,0.0,0.0
congo,OPG154,EBC-13607,3.0,,0.0,,70.0,,170.0,,0.0,,1.0,,0.0,,22.0,,0.0,,263.0,,263.0,170.0,70.0,0.0,22.0,0.0,1.0,0.0,0.0
congo,OPG154,EBC-13814,86.0,,0.0,,18.0,,146.0,,0.0,,0.0,,0.0,,4.0,,0.0,,168.0,,168.0,146.0,18.0,0.0,4.0,0.0,0.0,0.0,0.0
congo,OPG154,EBC-13851,94.0,,0.0,,46.0,,162.0,,0.0,,0.0,,2.0,,1.0,,0.0,,211.0,,211.0,162.0,46.0,0.0,1.0,2.0,0.0,0.0,0.0
congo,OPG154,EBC-13974,,18.0,,0.0,,1.0,,1.0,,1.0,,0.0,,0.0,,0.0,,0.0,,3.0,-3.0,-1.0,-1.0,0.0,0.0,0.0,0.0,0.0,-1.0
congo,OPG154,EBC-14147,28.0,,0.0,,44.0,,126.0,,0.0,,1.0,,1.0,,4.0,,0.0,,176.0,,176.0,126.0,44.0,0.0,4.0,1.0,1.0,0.0,0.0
congo,OPG154,EBC-14210,79.0,,0.0,,26.0,,153.0,,0.0,,2.0,,0.0,,3.0,,0.0,,184.0,,184.0,153.0,26.0,0.0,3.0,0.0,2.0,0.0,0.0
congo,OPG154,EBC-14214,50.0,,0.0,,26.0,,186.0,,0.0,,1.0,,0.0,,9.0,,0.0,,222.0,,222.0,186.0,26.0,0.0,9.0,0.0,1.0,0.0,0.0
congo,OPG154,EBC-14434,,38.0,,0.0,,1.0,,0.0,,0.0,,0.0,,0.0,,0.0,,0.0,,1.0,-1.0,0.0,-1.0,0.0,0.0,0.0,0.0,0.0,0.0
congo,OPG154,EBC-145173,,72.0,,1.0,,0.0,,1.0,,0.0,,0.0,,0.0,,1.0,,0.0,,3.0,-3.0,-1.0,0.0,0.0,-1.0,0.0,0.0,-1.0,0.0
congo,OPG154,EBC-145189,,19.0,,0.0,,0.0,,3.0,,0.0,,0.0,,0.0,,1.0,,0.0,,4.0,-4.0,-3.0,0.0,0.0,-1.0,0.0,0.0,0.0,0.0
congo,OPG154,EBC-145226,16.0,,0.0,,71.0,,153.0,,0.0,,0.0,,3.0,,6.0,,0.0,,233.0,,233.0,153.0,71.0,0.0,6.0,3.0,0.0,0.0,0.0
congo,OPG154,EBC-148031,60.0,,0.0,,63.0,,176.0,,0.0,,4.0,,1.0,,7.0,,0.0,,251.0,,251.0,176.0,63.0,0.0,7.0,1.0,4.0,0.0,0.0
congo,OPG154,EBC-148045,,78.0,,0.0,,0.0,,2.0,,0.0,,0.0,,0.0,,1.0,,0.0,,3.0,-3.0,-2.0,0.0,0.0,-1.0,0.0,0.0,0.0,0.0
congo,OPG154,EBC-14819,,14.0,,0.0,,0.0,,6.0,,0.0,,0.0,,0.0,,1.0,,0.0,,7.0,-7.0,-6.0,0.0,0.0,-1.0,0.0,0.0,0.0,0.0
congo,OPG154,EBC-14842,,11.0,,0.0,,1.0,,0.0,,0.0,,0.0,,0.0,,0.0,,0.0,,1.0,-1.0,0.0,-1.0,0.0,0.0,0.0,0.0,0.0,0.0
congo,OPG154,EBC-149094,10.0,,0.0,,32.0,,150.0,,0.0,,2.0,,1.0,,8.0,,0.0,,193.0,,193.0,150.0,32.0,0.0,8.0,1.0,2.0,0.0,0.0
congo,OPG154,EBC-157172,,66.0,,1.0,,0.0,,5.0,,0.0,,0.0,,1.0,,0.0,,0.0,,7.0,-7.0,-5.0,0.0,0.0,0.0,-1.0,0.0,-1.0,0.0
congo,OPG154,EBC-157188,,15.0,,0.0,,0.0,,4.0,,0.0,,0.0,,0.0,,0.0,,0.0,,4.0,-4.0,-4.0,0.0,0.0,0.0,0.0,0.0,0.0,0.0
congo,OPG154,EBC-157209,77.0,,0.0,,19.0,,186.0,,0.0,,2.0,,1.0,,13.0,,0.0,,221.0,,221.0,186.0,19.0,0.0,13.0,1.0,2.0,0.0,0.0
congo,OPG154,EBC-157213,99.0,,6.0,,48.0,,114.0,,0.0,,0.0,,2.0,,23.0,,0.0,,193.0,,193.0,114.0,48.0,0.0,23.0,2.0,0.0,6.0,0.0
congo,OPG154,EBC-157218,96.0,,8.0,,67.0,,128.0,,0.0,,3.0,,2.0,,13.0,,0.0,,221.0,,221.0,128.0,67.0,0.0,13.0,2.0,3.0,8.0,0.0
congo,OPG154,EBC-157222,57.0,,0.0,,36.0,,124.0,,0.0,,0.0,,0.0,,0.0,,0.0,,160.0,,160.0,124.0,36.0,0.0,0.0,0.0,0.0,0.0,0.0
congo,OPG154,EBC-160036,2.0,,2.0,,26.0,,136.0,,0.0,,2.0,,0.0,,1.0,,0.0,,167.0,,167.0,136.0,26.0,0.0,1.0,0.0,2.0,2.0,0.0
congo,OPG154,EBC-17121,62.0,,0.0,,48.0,,111.0,,0.0,,2.0,,1.0,,10.0,,0.0,,172.0,,172.0,111.0,48.0,0.0,10.0,1.0,2.0,0.0,0.0
congo,OPG154,EBC-180260,67.0,,0.0,,22.0,,140.0,,0.0,,1.0,,2.0,,2.0,,0.0,,167.0,,167.0,140.0,22.0,0.0,2.0,2.0,1.0,0.0,0.0
congo,OPG154,EBC-216028,43.0,,0.0,,20.0,,179.0,,0.0,,1.0,,2.0,,5.0,,0.0,,207.0,,207.0,179.0,20.0,0.0,5.0,2.0,1.0,0.0,0.0
congo,OPG154,EBC-217022,56.0,,4.0,,41.0,,106.0,,0.0,,2.0,,0.0,,16.0,,0.0,,169.0,,169.0,106.0,41.0,0.0,16.0,0.0,2.0,4.0,0.0
congo,OPG154,EBC-218037,37.0,,0.0,,26.0,,124.0,,0.0,,3.0,,3.0,,5.0,,0.0,,161.0,,161.0,124.0,26.0,0.0,5.0,3.0,3.0,0.0,0.0
congo,OPG154,EBC-218043,1.0,,0.0,,38.0,,180.0,,0.0,,3.0,,3.0,,12.0,,0.0,,236.0,,236.0,180.0,38.0,0.0,12.0,3.0,3.0,0.0,0.0
congo,OPG154,EBC-221084,38.0,,0.0,,48.0,,100.0,,0.0,,1.0,,3.0,,8.0,,0.0,,160.0,,160.0,100.0,48.0,0.0,8.0,3.0,1.0,0.0,0.0
congo,OPG154,EBC-23629,15.0,,0.0,,29.0,,154.0,,0.0,,0.0,,2.0,,2.0,,0.0,,187.0,,187.0,154.0,29.0,0.0,2.0,2.0,0.0,0.0,0.0
congo,OPG154,EBC-24042,6.0,,0.0,,0.0,,323.0,,0.0,,0.0,,0.0,,0.0,,0.0,,323.0,,323.0,323.0,0.0,0.0,0.0,0.0,0.0,0.0,0.0
congo,OPG154,EBC-244029,31.0,,0.0,,43.0,,153.0,,0.0,,0.0,,0.0,,2.0,,0.0,,198.0,,198.0,153.0,43.0,0.0,2.0,0.0,0.0,0.0,0.0
congo,OPG154,EBC-249057,75.0,,0.0,,24.0,,162.0,,0.0,,3.0,,1.0,,4.0,,0.0,,194.0,,194.0,162.0,24.0,0.0,4.0,1.0,3.0,0.0,0.0
congo,OPG154,EBC-251173,22.0,,0.0,,47.0,,142.0,,0.0,,2.0,,2.0,,7.0,,0.0,,200.0,,200.0,142.0,47.0,0.0,7.0,2.0,2.0,0.0,0.0
congo,OPG154,EBC-252093,36.0,,0.0,,41.0,,112.0,,0.0,,0.0,,3.0,,9.0,,0.0,,165.0,,165.0,112.0,41.0,0.0,9.0,3.0,0.0,0.0,0.0
congo,OPG154,EBC-252122,87.0,,6.0,,54.0,,120.0,,0.0,,3.0,,2.0,,7.0,,0.0,,192.0,,192.0,120.0,54.0,0.0,7.0,2.0,3.0,6.0,0.0
congo,OPG154,EBC-253180,98.0,,6.0,,65.0,,108.0,,0.0,,0.0,,3.0,,9.0,,0.0,,191.0,,191.0,108.0,65.0,0.0,9.0,3.0,0.0,6.0,0.0
congo,OPG154,EBC-255053,78.0,,0.0,,27.0,,163.0,,0.0,,1.0,,1.0,,2.0,,0.0,,194.0,,194.0,163.0,27.0,0.0,2.0,1.0,1.0,0.0,0.0
congo,OPG154,EBC-255056,74.0,,0.0,,21.0,,169.0,,0.0,,1.0,,1.0,,3.0,,0.0,,195.0,,195.0,169.0,21.0,0.0,3.0,1.0,1.0,0.0,0.0
congo,OPG154,EBC-26080,,87.0,,0.0,,1.0,,3.0,,0.0,,0.0,,0.0,,0.0,,0.0,,4.0,-4.0,-3.0,-1.0,0.0,0.0,0.0,0.0,0.0,0.0
congo,OPG154,EBC-26139,,20.0,,0.0,,0.0,,0.0,,0.0,,0.0,,0.0,,0.0,,0.0,,0.0,0.0,0.0,0.0,0.0,0.0,0.0,0.0,0.0,0.0
congo,OPG154,EBC-26171,,21.0,,0.0,,1.0,,0.0,,0.0,,0.0,,0.0,,2.0,,0.0,,3.0,-3.0,0.0,-1.0,0.0,-2.0,0.0,0.0,0.0,0.0
congo,OPG154,EBC-26175,,86.0,,0.0,,2.0,,0.0,,0.0,,0.0,,0.0,,0.0,,0.0,,2.0,-2.0,0.0,-2.0,0.0,0.0,0.0,0.0,0.0,0.0
congo,OPG154,EBC-26180,,89.0,,0.0,,1.0,,0.0,,1.0,,0.0,,0.0,,0.0,,0.0,,2.0,-2.0,0.0,-1.0,0.0,0.0,0.0,0.0,0.0,-1.0
congo,OPG154,EBC-26290,,93.0,,0.0,,0.0,,4.0,,0.0,,0.0,,0.0,,0.0,,0.0,,4.0,-4.0,-4.0,0.0,0.0,0.0,0.0,0.0,0.0,0.0
congo,OPG154,EBC-265042,82.0,,0.0,,29.0,,170.0,,0.0,,2.0,,4.0,,2.0,,0.0,,207.0,,207.0,170.0,29.0,0.0,2.0,4.0,2.0,0.0,0.0
congo,OPG154,EBC-26647,,64.0,,0.0,,1.0,,3.0,,0.0,,0.0,,0.0,,0.0,,0.0,,4.0,-4.0,-3.0,-1.0,0.0,0.0,0.0,0.0,0.0,0.0
congo,OPG154,EBC-26656,,29.0,,0.0,,0.0,,1.0,,0.0,,0.0,,0.0,,0.0,,0.0,,1.0,-1.0,-1.0,0.0,0.0,0.0,0.0,0.0,0.0,0.0
congo,OPG154,EBC-26770,35.0,,0.0,,15.0,,150.0,,0.0,,0.0,,2.0,,0.0,,0.0,,167.0,,167.0,150.0,15.0,0.0,0.0,2.0,0.0,0.0,0.0
congo,OPG154,EBC-27035,69.0,,0.0,,36.0,,167.0,,0.0,,0.0,,0.0,,1.0,,0.0,,204.0,,204.0,167.0,36.0,0.0,1.0,0.0,0.0,0.0,0.0
congo,OPG154,EBC-27184,93.0,,0.0,,9.0,,188.0,,0.0,,0.0,,0.0,,3.0,,0.0,,200.0,,200.0,188.0,9.0,0.0,3.0,0.0,0.0,0.0,0.0
congo,OPG154,EBC-27265,11.0,,3.0,,13.0,,129.0,,0.0,,0.0,,5.0,,1.0,,0.0,,151.0,,151.0,129.0,13.0,0.0,1.0,5.0,0.0,3.0,0.0
congo,OPG154,EBC-27345,12.0,,14.0,,22.0,,114.0,,0.0,,0.0,,1.0,,2.0,,0.0,,153.0,,153.0,114.0,22.0,0.0,2.0,1.0,0.0,14.0,0.0
congo,OPG154,EBC-27428,8.0,,0.0,,52.0,,137.0,,0.0,,0.0,,4.0,,1.0,,0.0,,194.0,,194.0,137.0,52.0,0.0,1.0,4.0,0.0,0.0,0.0
congo,OPG154,EBC-28042,,35.0,,0.0,,0.0,,1.0,,0.0,,0.0,,0.0,,0.0,,0.0,,1.0,-1.0,-1.0,0.0,0.0,0.0,0.0,0.0,0.0,0.0
congo,OPG154,EBC-28050,,61.0,,0.0,,0.0,,4.0,,0.0,,0.0,,0.0,,1.0,,0.0,,5.0,-5.0,-4.0,0.0,0.0,-1.0,0.0,0.0,0.0,0.0
congo,OPG154,EBC-28055,,3.0,,0.0,,1.0,,0.0,,4.0,,0.0,,0.0,,0.0,,0.0,,5.0,-5.0,0.0,-1.0,0.0,0.0,0.0,0.0,0.0,-4.0
congo,OPG154,EBC-286055,51.0,,0.0,,45.0,,143.0,,0.0,,4.0,,2.0,,5.0,,0.0,,199.0,,199.0,143.0,45.0,0.0,5.0,2.0,4.0,0.0,0.0
congo,OPG154,EBC-287064,100.0,,0.0,,33.0,,164.0,,0.0,,2.0,,0.0,,9.0,,0.0,,208.0,,208.0,164.0,33.0,0.0,9.0,0.0,2.0,0.0,0.0
congo,OPG154,EBC-287070,61.0,,0.0,,46.0,,166.0,,0.0,,2.0,,0.0,,2.0,,0.0,,216.0,,216.0,166.0,46.0,0.0,2.0,0.0,2.0,0.0,0.0
congo,OPG154,EBC-287104,45.0,,0.0,,35.0,,148.0,,0.0,,2.0,,1.0,,10.0,,0.0,,196.0,,196.0,148.0,35.0,0.0,10.0,1.0,2.0,0.0,0.0
congo,OPG154,EBC-288044,55.0,,0.0,,36.0,,162.0,,0.0,,3.0,,3.0,,11.0,,0.0,,215.0,,215.0,162.0,36.0,0.0,11.0,3.0,3.0,0.0,0.0
congo,OPG154,EBC-289112,33.0,,0.0,,27.0,,163.0,,0.0,,2.0,,4.0,,10.0,,0.0,,206.0,,206.0,163.0,27.0,0.0,10.0,4.0,2.0,0.0,0.0
congo,OPG154,EBC-290041,17.0,,3.0,,80.0,,168.0,,0.0,,3.0,,5.0,,20.0,,0.0,,279.0,,279.0,168.0,80.0,0.0,20.0,5.0,3.0,3.0,0.0
congo,OPG154,EBC-290082,76.0,,0.0,,26.0,,137.0,,0.0,,2.0,,1.0,,5.0,,0.0,,171.0,,171.0,137.0,26.0,0.0,5.0,1.0,2.0,0.0,0.0
congo,OPG154,EBC-291056,64.0,,0.0,,28.0,,175.0,,0.0,,0.0,,0.0,,11.0,,0.0,,214.0,,214.0,175.0,28.0,0.0,11.0,0.0,0.0,0.0,0.0
congo,OPG154,EBC-291059,89.0,,0.0,,44.0,,159.0,,0.0,,3.0,,1.0,,11.0,,0.0,,218.0,,218.0,159.0,44.0,0.0,11.0,1.0,3.0,0.0,0.0
congo,OPG154,EBC-291159,80.0,,0.0,,35.0,,194.0,,0.0,,1.0,,2.0,,9.0,,0.0,,241.0,,241.0,194.0,35.0,0.0,9.0,2.0,1.0,0.0,0.0
congo,OPG154,EBC-291167,42.0,,8.0,,73.0,,88.0,,0.0,,3.0,,2.0,,12.0,,0.0,,186.0,,186.0,88.0,73.0,0.0,12.0,2.0,3.0,8.0,0.0
congo,OPG154,EBC-292061,,63.0,,0.0,,2.0,,2.0,,0.0,,0.0,,0.0,,0.0,,0.0,,4.0,-4.0,-2.0,-2.0,0.0,0.0,0.0,0.0,0.0,0.0
congo,OPG154,EBC-30021,,2.0,,0.0,,3.0,,1.0,,0.0,,0.0,,0.0,,1.0,,0.0,,5.0,-5.0,-1.0,-3.0,0.0,-1.0,0.0,0.0,0.0,0.0
congo,OPG154,EBC-303208,,6.0,,0.0,,0.0,,3.0,,0.0,,0.0,,0.0,,0.0,,0.0,,3.0,-3.0,-3.0,0.0,0.0,0.0,0.0,0.0,0.0,0.0
congo,OPG154,EBC-303243,,58.0,,0.0,,2.0,,2.0,,0.0,,0.0,,0.0,,1.0,,0.0,,5.0,-5.0,-2.0,-2.0,0.0,-1.0,0.0,0.0,0.0,0.0
congo,OPG154,EBC-303277,,23.0,,0.0,,2.0,,1.0,,0.0,,0.0,,0.0,,1.0,,0.0,,4.0,-4.0,-1.0,-2.0,0.0,-1.0,0.0,0.0,0.0,0.0
congo,OPG154,EBC-303279,,56.0,,0.0,,0.0,,4.0,,0.0,,0.0,,0.0,,2.0,,0.0,,6.0,-6.0,-4.0,0.0,0.0,-2.0,0.0,0.0,0.0,0.0
congo,OPG154,EBC-306048,68.0,,11.0,,40.0,,75.0,,0.0,,4.0,,1.0,,19.0,,0.0,,150.0,,150.0,75.0,40.0,0.0,19.0,1.0,4.0,11.0,0.0
congo,OPG154,EBC-309072,20.0,,2.0,,46.0,,119.0,,0.0,,1.0,,3.0,,13.0,,0.0,,184.0,,184.0,119.0,46.0,0.0,13.0,3.0,1.0,2.0,0.0
congo,OPG154,EBC-312048,,32.0,,0.0,,1.0,,3.0,,0.0,,0.0,,0.0,,0.0,,0.0,,4.0,-4.0,-3.0,-1.0,0.0,0.0,0.0,0.0,0.0,0.0
congo,OPG154,EBC-312060,,13.0,,0.0,,0.0,,2.0,,0.0,,0.0,,1.0,,0.0,,0.0,,3.0,-3.0,-2.0,0.0,0.0,0.0,-1.0,0.0,0.0,0.0
congo,OPG154,EBC-352059,,80.0,,0.0,,0.0,,3.0,,0.0,,0.0,,0.0,,0.0,,0.0,,3.0,-3.0,-3.0,0.0,0.0,0.0,0.0,0.0,0.0,0.0
congo,OPG154,EBC-361045,,17.0,,0.0,,2.0,,0.0,,0.0,,0.0,,0.0,,0.0,,0.0,,2.0,-2.0,0.0,-2.0,0.0,0.0,0.0,0.0,0.0,0.0
congo,OPG154,EBC-367046,,98.0,,0.0,,1.0,,3.0,,0.0,,0.0,,0.0,,0.0,,0.0,,4.0,-4.0,-3.0,-1.0,0.0,0.0,0.0,0.0,0.0,0.0
congo,OPG154,EBC-372050,,44.0,,0.0,,0.0,,3.0,,0.0,,0.0,,0.0,,0.0,,0.0,,3.0,-3.0,-3.0,0.0,0.0,0.0,0.0,0.0,0.0,0.0
congo,OPG154,EBC-44358,,55.0,,0.0,,2.0,,2.0,,0.0,,0.0,,0.0,,0.0,,0.0,,4.0,-4.0,-2.0,-2.0,0.0,0.0,0.0,0.0,0.0,0.0
congo,OPG154,EBC-46057,7.0,,0.0,,41.0,,177.0,,0.0,,2.0,,0.0,,11.0,,0.0,,231.0,,231.0,177.0,41.0,0.0,11.0,0.0,2.0,0.0,0.0
congo,OPG154,EBC-46203,,97.0,,0.0,,1.0,,3.0,,0.0,,0.0,,0.0,,0.0,,0.0,,4.0,-4.0,-3.0,-1.0,0.0,0.0,0.0,0.0,0.0,0.0
congo,OPG154,EBC-46294,29.0,,0.0,,91.0,,112.0,,0.0,,2.0,,2.0,,18.0,,0.0,,225.0,,225.0,112.0,91.0,0.0,18.0,2.0,2.0,0.0,0.0
congo,OPG154,EBC-47334,,43.0,,0.0,,0.0,,3.0,,0.0,,0.0,,0.0,,0.0,,0.0,,3.0,-3.0,-3.0,0.0,0.0,0.0,0.0,0.0,0.0,0.0
congo,OPG154,EBC-47582,,50.0,,0.0,,0.0,,0.0,,0.0,,0.0,,0.0,,1.0,,0.0,,1.0,-1.0,0.0,0.0,0.0,-1.0,0.0,0.0,0.0,0.0
congo,OPG154,EBC-48064,,12.0,,0.0,,0.0,,0.0,,0.0,,0.0,,0.0,,2.0,,0.0,,2.0,-2.0,0.0,0.0,0.0,-2.0,0.0,0.0,0.0,0.0
congo,OPG154,EBC-48186,9.0,,14.0,,26.0,,114.0,,0.0,,0.0,,0.0,,4.0,,0.0,,158.0,,158.0,114.0,26.0,0.0,4.0,0.0,0.0,14.0,0.0
congo,OPG154,EBC-63089,13.0,,1.0,,102.0,,127.0,,0.0,,2.0,,3.0,,16.0,,0.0,,251.0,,251.0,127.0,102.0,0.0,16.0,3.0,2.0,1.0,0.0
congo,OPG154,EBC-71073,84.0,,0.0,,88.0,,166.0,,0.0,,4.0,,1.0,,7.0,,0.0,,266.0,,266.0,166.0,88.0,0.0,7.0,1.0,4.0,0.0,0.0
congo,OPG154,EBC-73021,65.0,,1.0,,31.0,,120.0,,0.0,,0.0,,4.0,,14.0,,0.0,,170.0,,170.0,120.0,31.0,0.0,14.0,4.0,0.0,1.0,0.0
congo,OPG154,EBC-84050,27.0,,2.0,,60.0,,114.0,,0.0,,3.0,,3.0,,23.0,,0.0,,205.0,,205.0,114.0,60.0,0.0,23.0,3.0,3.0,2.0,0.0
congo,OPG174,EBC-00633,,35.0,,0.0,,5.0,,0.0,,0.0,,0.0,,0.0,,0.0,,0.0,,5.0,-5.0,0.0,-5.0,0.0,0.0,0.0,0.0,0.0,0.0
congo,OPG174,EBC-00646,,62.0,,0.0,,3.0,,11.0,,0.0,,0.0,,2.0,,0.0,,0.0,,16.0,-16.0,-11.0,-3.0,0.0,0.0,-2.0,0.0,0.0,0.0
congo,OPG174,EBC-00663,,10.0,,0.0,,1.0,,9.0,,0.0,,0.0,,0.0,,1.0,,0.0,,11.0,-11.0,-9.0,-1.0,0.0,-1.0,0.0,0.0,0.0,0.0
congo,OPG174,EBC-00711,30.0,,0.0,,16.0,,129.0,,0.0,,0.0,,0.0,,2.0,,0.0,,147.0,,147.0,129.0,16.0,0.0,2.0,0.0,0.0,0.0,0.0
congo,OPG174,EBC-02039,,63.0,,0.0,,1.0,,6.0,,0.0,,0.0,,2.0,,0.0,,0.0,,9.0,-9.0,-6.0,-1.0,0.0,0.0,-2.0,0.0,0.0,0.0
congo,OPG174,EBC-02041,,39.0,,0.0,,1.0,,1.0,,0.0,,0.0,,0.0,,0.0,,0.0,,2.0,-2.0,-1.0,-1.0,0.0,0.0,0.0,0.0,0.0,0.0
congo,OPG174,EBC-02079,31.0,,0.0,,16.0,,100.0,,0.0,,0.0,,0.0,,3.0,,0.0,,119.0,,119.0,100.0,16.0,0.0,3.0,0.0,0.0,0.0,0.0
congo,OPG174,EBC-02080,79.0,,0.0,,27.0,,76.0,,0.0,,1.0,,0.0,,2.0,,0.0,,106.0,,106.0,76.0,27.0,0.0,2.0,0.0,1.0,0.0,0.0
congo,OPG174,EBC-03570,,80.0,,0.0,,3.0,,3.0,,0.0,,0.0,,0.0,,0.0,,0.0,,6.0,-6.0,-3.0,-3.0,0.0,0.0,0.0,0.0,0.0,0.0
congo,OPG174,EBC-03625,,84.0,,0.0,,1.0,,6.0,,0.0,,0.0,,0.0,,0.0,,0.0,,7.0,-7.0,-6.0,-1.0,0.0,0.0,0.0,0.0,0.0,0.0
congo,OPG174,EBC-03826,,44.0,,0.0,,2.0,,4.0,,0.0,,0.0,,1.0,,0.0,,0.0,,7.0,-7.0,-4.0,-2.0,0.0,0.0,-1.0,0.0,0.0,0.0
congo,OPG174,EBC-03893,,34.0,,0.0,,1.0,,6.0,,0.0,,0.0,,0.0,,1.0,,0.0,,8.0,-8.0,-6.0,-1.0,0.0,-1.0,0.0,0.0,0.0,0.0
congo,OPG174,EBC-03910,,15.0,,0.0,,4.0,,0.0,,0.0,,0.0,,0.0,,0.0,,0.0,,4.0,-4.0,0.0,-4.0,0.0,0.0,0.0,0.0,0.0,0.0
congo,OPG174,EBC-03919,,9.0,,0.0,,4.0,,4.0,,0.0,,1.0,,1.0,,0.0,,0.0,,10.0,-10.0,-4.0,-4.0,0.0,0.0,-1.0,-1.0,0.0,0.0
congo,OPG174,EBC-04247,,82.0,,0.0,,1.0,,7.0,,0.0,,0.0,,0.0,,1.0,,0.0,,9.0,-9.0,-7.0,-1.0,0.0,-1.0,0.0,0.0,0.0,0.0
congo,OPG174,EBC-06038,,86.0,,0.0,,2.0,,5.0,,0.0,,0.0,,0.0,,0.0,,0.0,,7.0,-7.0,-5.0,-2.0,0.0,0.0,0.0,0.0,0.0,0.0
congo,OPG174,EBC-06061,42.0,,0.0,,54.0,,110.0,,0.0,,3.0,,0.0,,11.0,,0.0,,178.0,,178.0,110.0,54.0,0.0,11.0,0.0,3.0,0.0,0.0
congo,OPG174,EBC-06062,59.0,,0.0,,67.0,,177.0,,0.0,,0.0,,0.0,,6.0,,0.0,,250.0,,250.0,177.0,67.0,0.0,6.0,0.0,0.0,0.0,0.0
congo,OPG174,EBC-06092,16.0,,0.0,,58.0,,88.0,,0.0,,1.0,,0.0,,4.0,,0.0,,151.0,,151.0,88.0,58.0,0.0,4.0,0.0,1.0,0.0,0.0
congo,OPG174,EBC-06116,,67.0,,0.0,,3.0,,6.0,,0.0,,0.0,,0.0,,0.0,,0.0,,9.0,-9.0,-6.0,-3.0,0.0,0.0,0.0,0.0,0.0,0.0
congo,OPG174,EBC-06369,,61.0,,0.0,,0.0,,7.0,,0.0,,0.0,,0.0,,1.0,,0.0,,8.0,-8.0,-7.0,0.0,0.0,-1.0,0.0,0.0,0.0,0.0
congo,OPG174,EBC-06844,,57.0,,0.0,,3.0,,3.0,,0.0,,0.0,,2.0,,0.0,,0.0,,8.0,-8.0,-3.0,-3.0,0.0,0.0,-2.0,0.0,0.0,0.0
congo,OPG174,EBC-07122,,53.0,,0.0,,1.0,,8.0,,0.0,,0.0,,0.0,,0.0,,0.0,,9.0,-9.0,-8.0,-1.0,0.0,0.0,0.0,0.0,0.0,0.0
congo,OPG174,EBC-07157,22.0,,0.0,,25.0,,42.0,,0.0,,1.0,,0.0,,2.0,,0.0,,70.0,,70.0,42.0,25.0,0.0,2.0,0.0,1.0,0.0,0.0
congo,OPG174,EBC-07289,,11.0,,0.0,,2.0,,3.0,,0.0,,0.0,,0.0,,0.0,,0.0,,5.0,-5.0,-3.0,-2.0,0.0,0.0,0.0,0.0,0.0,0.0
congo,OPG174,EBC-07315,,26.0,,0.0,,2.0,,4.0,,0.0,,0.0,,0.0,,0.0,,0.0,,6.0,-6.0,-4.0,-2.0,0.0,0.0,0.0,0.0,0.0,0.0
congo,OPG174,EBC-07355,,64.0,,0.0,,2.0,,4.0,,0.0,,0.0,,1.0,,0.0,,0.0,,7.0,-7.0,-4.0,-2.0,0.0,0.0,-1.0,0.0,0.0,0.0
congo,OPG174,EBC-07382,,66.0,,0.0,,2.0,,3.0,,0.0,,0.0,,0.0,,0.0,,0.0,,5.0,-5.0,-3.0,-2.0,0.0,0.0,0.0,0.0,0.0,0.0
congo,OPG174,EBC-07462,98.0,,0.0,,37.0,,146.0,,0.0,,0.0,,0.0,,13.0,,0.0,,196.0,,196.0,146.0,37.0,0.0,13.0,0.0,0.0,0.0,0.0
congo,OPG174,EBC-07543,,28.0,,0.0,,3.0,,6.0,,0.0,,0.0,,2.0,,1.0,,0.0,,12.0,-12.0,-6.0,-3.0,0.0,-1.0,-2.0,0.0,0.0,0.0
congo,OPG174,EBC-07573,,77.0,,0.0,,3.0,,7.0,,0.0,,0.0,,1.0,,0.0,,0.0,,11.0,-11.0,-7.0,-3.0,0.0,0.0,-1.0,0.0,0.0,0.0
congo,OPG174,EBC-07674,,73.0,,0.0,,1.0,,11.0,,0.0,,0.0,,1.0,,0.0,,0.0,,13.0,-13.0,-11.0,-1.0,0.0,0.0,-1.0,0.0,0.0,0.0
congo,OPG174,EBC-07721,,81.0,,0.0,,1.0,,6.0,,0.0,,0.0,,0.0,,0.0,,0.0,,7.0,-7.0,-6.0,-1.0,0.0,0.0,0.0,0.0,0.0,0.0
congo,OPG174,EBC-07787,,22.0,,0.0,,0.0,,8.0,,0.0,,0.0,,0.0,,1.0,,0.0,,9.0,-9.0,-8.0,0.0,0.0,-1.0,0.0,0.0,0.0,0.0
congo,OPG174,EBC-07862,,21.0,,0.0,,7.0,,0.0,,0.0,,0.0,,0.0,,0.0,,0.0,,7.0,-7.0,0.0,-7.0,0.0,0.0,0.0,0.0,0.0,0.0
congo,OPG174,EBC-07864,,97.0,,0.0,,3.0,,6.0,,0.0,,0.0,,1.0,,0.0,,0.0,,10.0,-10.0,-6.0,-3.0,0.0,0.0,-1.0,0.0,0.0,0.0
congo,OPG174,EBC-07872,73.0,,0.0,,63.0,,169.0,,0.0,,1.0,,0.0,,0.0,,0.0,,233.0,,233.0,169.0,63.0,0.0,0.0,0.0,1.0,0.0,0.0
congo,OPG174,EBC-07893,,29.0,,0.0,,1.0,,7.0,,0.0,,0.0,,1.0,,0.0,,0.0,,9.0,-9.0,-7.0,-1.0,0.0,0.0,-1.0,0.0,0.0,0.0
congo,OPG174,EBC-07935,,52.0,,0.0,,2.0,,2.0,,0.0,,0.0,,2.0,,0.0,,0.0,,6.0,-6.0,-2.0,-2.0,0.0,0.0,-2.0,0.0,0.0,0.0
congo,OPG174,EBC-07936,,33.0,,0.0,,2.0,,3.0,,0.0,,0.0,,2.0,,0.0,,0.0,,7.0,-7.0,-3.0,-2.0,0.0,0.0,-2.0,0.0,0.0,0.0
congo,OPG174,EBC-07940,65.0,,6.0,,76.0,,113.0,,0.0,,1.0,,0.0,,7.0,,0.0,,203.0,,203.0,113.0,76.0,0.0,7.0,0.0,1.0,6.0,0.0
congo,OPG174,EBC-07988,32.0,46.0,3.0,0.0,80.0,4.0,172.0,9.0,0.0,0.0,1.0,1.0,0.0,3.0,29.0,0.0,0.0,0.0,285.0,17.0,268.0,163.0,76.0,0.0,29.0,-3.0,0.0,3.0,0.0
congo,OPG174,EBC-08012,,93.0,,0.0,,2.0,,4.0,,0.0,,1.0,,1.0,,0.0,,0.0,,8.0,-8.0,-4.0,-2.0,0.0,0.0,-1.0,-1.0,0.0,0.0
congo,OPG174,EBC-08023,,20.0,,0.0,,4.0,,0.0,,0.0,,0.0,,0.0,,0.0,,0.0,,4.0,-4.0,0.0,-4.0,0.0,0.0,0.0,0.0,0.0,0.0
congo,OPG174,EBC-08147,,95.0,,0.0,,0.0,,7.0,,0.0,,0.0,,0.0,,1.0,,0.0,,8.0,-8.0,-7.0,0.0,0.0,-1.0,0.0,0.0,0.0,0.0
congo,OPG174,EBC-08344,,41.0,,0.0,,1.0,,4.0,,0.0,,0.0,,0.0,,1.0,,0.0,,6.0,-6.0,-4.0,-1.0,0.0,-1.0,0.0,0.0,0.0,0.0
congo,OPG174,EBC-08358,,99.0,,0.0,,3.0,,4.0,,0.0,,0.0,,1.0,,1.0,,0.0,,9.0,-9.0,-4.0,-3.0,0.0,-1.0,-1.0,0.0,0.0,0.0
congo,OPG174,EBC-08737,,43.0,,0.0,,2.0,,5.0,,0.0,,0.0,,0.0,,0.0,,0.0,,7.0,-7.0,-5.0,-2.0,0.0,0.0,0.0,0.0,0.0,0.0
congo,OPG174,EBC-08788,40.0,,0.0,,64.0,,141.0,,0.0,,1.0,,0.0,,11.0,,0.0,,217.0,,217.0,141.0,64.0,0.0,11.0,0.0,1.0,0.0,0.0
congo,OPG174,EBC-08898,,51.0,,0.0,,2.0,,10.0,,0.0,,0.0,,0.0,,0.0,,0.0,,12.0,-12.0,-10.0,-2.0,0.0,0.0,0.0,0.0,0.0,0.0
congo,OPG174,EBC-08908,72.0,,2.0,,100.0,,142.0,,0.0,,1.0,,0.0,,4.0,,0.0,,249.0,,249.0,142.0,100.0,0.0,4.0,0.0,1.0,2.0,0.0
congo,OPG174,EBC-08915,27.0,,0.0,,50.0,,158.0,,0.0,,0.0,,0.0,,8.0,,0.0,,216.0,,216.0,158.0,50.0,0.0,8.0,0.0,0.0,0.0,0.0
congo,OPG174,EBC-08952,,92.0,,0.0,,6.0,,0.0,,0.0,,0.0,,0.0,,0.0,,0.0,,6.0,-6.0,0.0,-6.0,0.0,0.0,0.0,0.0,0.0,0.0
congo,OPG174,EBC-09007,,47.0,,0.0,,1.0,,11.0,,0.0,,0.0,,0.0,,0.0,,0.0,,12.0,-12.0,-11.0,-1.0,0.0,0.0,0.0,0.0,0.0,0.0
congo,OPG174,EBC-09085,75.0,,0.0,,62.0,,119.0,,0.0,,0.0,,1.0,,5.0,,0.0,,187.0,,187.0,119.0,62.0,0.0,5.0,1.0,0.0,0.0,0.0
congo,OPG174,EBC-09098,,32.0,,0.0,,3.0,,8.0,,0.0,,0.0,,0.0,,0.0,,0.0,,11.0,-11.0,-8.0,-3.0,0.0,0.0,0.0,0.0,0.0,0.0
congo,OPG174,EBC-09132,52.0,,2.0,,41.0,,74.0,,0.0,,1.0,,1.0,,3.0,,0.0,,122.0,,122.0,74.0,41.0,0.0,3.0,1.0,1.0,2.0,0.0
congo,OPG174,EBC-09156,,31.0,,1.0,,1.0,,6.0,,0.0,,0.0,,1.0,,0.0,,0.0,,9.0,-9.0,-6.0,-1.0,0.0,0.0,-1.0,0.0,-1.0,0.0
congo,OPG174,EBC-09186,,42.0,,0.0,,2.0,,10.0,,0.0,,0.0,,0.0,,1.0,,0.0,,13.0,-13.0,-10.0,-2.0,0.0,-1.0,0.0,0.0,0.0,0.0
congo,OPG174,EBC-09202,10.0,,0.0,,36.0,,90.0,,0.0,,0.0,,0.0,,6.0,,0.0,,132.0,,132.0,90.0,36.0,0.0,6.0,0.0,0.0,0.0,0.0
congo,OPG174,EBC-11025,,49.0,,0.0,,5.0,,4.0,,0.0,,0.0,,1.0,,0.0,,0.0,,10.0,-10.0,-4.0,-5.0,0.0,0.0,-1.0,0.0,0.0,0.0
congo,OPG174,EBC-11026,,13.0,,0.0,,5.0,,0.0,,0.0,,0.0,,0.0,,0.0,,0.0,,5.0,-5.0,0.0,-5.0,0.0,0.0,0.0,0.0,0.0,0.0
congo,OPG174,EBC-11027,,2.0,,0.0,,5.0,,0.0,,0.0,,0.0,,0.0,,0.0,,0.0,,5.0,-5.0,0.0,-5.0,0.0,0.0,0.0,0.0,0.0,0.0
congo,OPG174,EBC-11029,17.0,,0.0,,74.0,,117.0,,0.0,,1.0,,0.0,,6.0,,0.0,,198.0,,198.0,117.0,74.0,0.0,6.0,0.0,1.0,0.0,0.0
congo,OPG174,EBC-11050,,5.0,,0.0,,5.0,,0.0,,0.0,,0.0,,0.0,,0.0,,0.0,,5.0,-5.0,0.0,-5.0,0.0,0.0,0.0,0.0,0.0,0.0
congo,OPG174,EBC-11061,,38.0,,0.0,,3.0,,7.0,,0.0,,0.0,,0.0,,1.0,,0.0,,11.0,-11.0,-7.0,-3.0,0.0,-1.0,0.0,0.0,0.0,0.0
congo,OPG174,EBC-11160,,69.0,,0.0,,0.0,,8.0,,0.0,,0.0,,1.0,,0.0,,0.0,,9.0,-9.0,-8.0,0.0,0.0,0.0,-1.0,0.0,0.0,0.0
congo,OPG174,EBC-11230,80.0,,0.0,,63.0,,177.0,,0.0,,1.0,,0.0,,5.0,,0.0,,246.0,,246.0,177.0,63.0,0.0,5.0,0.0,1.0,0.0,0.0
congo,OPG174,EBC-11244,,50.0,,0.0,,6.0,,5.0,,0.0,,0.0,,2.0,,0.0,,0.0,,13.0,-13.0,-5.0,-6.0,0.0,0.0,-2.0,0.0,0.0,0.0
congo,OPG174,EBC-11251,,71.0,,0.0,,3.0,,6.0,,0.0,,0.0,,0.0,,2.0,,0.0,,11.0,-11.0,-6.0,-3.0,0.0,-2.0,0.0,0.0,0.0,0.0
congo,OPG174,EBC-11281,9.0,,12.0,,42.0,,106.0,,0.0,,0.0,,0.0,,4.0,,0.0,,164.0,,164.0,106.0,42.0,0.0,4.0,0.0,0.0,12.0,0.0
congo,OPG174,EBC-11320,,87.0,,2.0,,2.0,,1.0,,0.0,,0.0,,1.0,,0.0,,0.0,,6.0,-6.0,-1.0,-2.0,0.0,0.0,-1.0,0.0,-2.0,0.0
congo,OPG174,EBC-11323,,74.0,,0.0,,0.0,,7.0,,0.0,,0.0,,1.0,,0.0,,0.0,,8.0,-8.0,-7.0,0.0,0.0,0.0,-1.0,0.0,0.0,0.0
congo,OPG174,EBC-11364,15.0,,8.0,,29.0,,76.0,,0.0,,0.0,,0.0,,12.0,,0.0,,125.0,,125.0,76.0,29.0,0.0,12.0,0.0,0.0,8.0,0.0
congo,OPG174,EBC-11367,28.0,,0.0,,76.0,,122.0,,0.0,,1.0,,0.0,,14.0,,0.0,,213.0,,213.0,122.0,76.0,0.0,14.0,0.0,1.0,0.0,0.0
congo,OPG174,EBC-11384,91.0,,4.0,,89.0,,124.0,,0.0,,1.0,,0.0,,13.0,,0.0,,231.0,,231.0,124.0,89.0,0.0,13.0,0.0,1.0,4.0,0.0
congo,OPG174,EBC-11433,49.0,,5.0,,71.0,,139.0,,0.0,,0.0,,1.0,,9.0,,0.0,,225.0,,225.0,139.0,71.0,0.0,9.0,1.0,0.0,5.0,0.0
congo,OPG174,EBC-11442,61.0,,0.0,,29.0,,27.0,,0.0,,0.0,,0.0,,2.0,,0.0,,58.0,,58.0,27.0,29.0,0.0,2.0,0.0,0.0,0.0,0.0
congo,OPG174,EBC-118033,51.0,,2.0,,46.0,,110.0,,0.0,,1.0,,1.0,,5.0,,0.0,,165.0,,165.0,110.0,46.0,0.0,5.0,1.0,1.0,2.0,0.0
congo,OPG174,EBC-12035,90.0,,0.0,,81.0,,113.0,,0.0,,2.0,,0.0,,1.0,,0.0,,197.0,,197.0,113.0,81.0,0.0,1.0,0.0,2.0,0.0,0.0
congo,OPG174,EBC-12065,,23.0,,0.0,,1.0,,6.0,,0.0,,0.0,,1.0,,1.0,,0.0,,9.0,-9.0,-6.0,-1.0,0.0,-1.0,-1.0,0.0,0.0,0.0
congo,OPG174,EBC-12152,,30.0,,1.0,,2.0,,7.0,,0.0,,0.0,,0.0,,0.0,,0.0,,10.0,-10.0,-7.0,-2.0,0.0,0.0,0.0,0.0,-1.0,0.0
congo,OPG174,EBC-12163,,6.0,,0.0,,6.0,,0.0,,0.0,,0.0,,0.0,,0.0,,0.0,,6.0,-6.0,0.0,-6.0,0.0,0.0,0.0,0.0,0.0,0.0
congo,OPG174,EBC-12179,,100.0,,0.0,,0.0,,0.0,,0.0,,0.0,,0.0,,0.0,,0.0,,0.0,0.0,0.0,0.0,0.0,0.0,0.0,0.0,0.0,0.0
congo,OPG174,EBC-12705,,78.0,,1.0,,1.0,,5.0,,0.0,,0.0,,0.0,,0.0,,0.0,,7.0,-7.0,-5.0,-1.0,0.0,0.0,0.0,0.0,-1.0,0.0
congo,OPG174,EBC-12821,62.0,,0.0,,109.0,,122.0,,0.0,,0.0,,0.0,,20.0,,0.0,,251.0,,251.0,122.0,109.0,0.0,20.0,0.0,0.0,0.0,0.0
congo,OPG174,EBC-12827,,40.0,,0.0,,5.0,,6.0,,0.0,,0.0,,1.0,,1.0,,0.0,,13.0,-13.0,-6.0,-5.0,0.0,-1.0,-1.0,0.0,0.0,0.0
congo,OPG174,EBC-12878,99.0,,0.0,,115.0,,152.0,,0.0,,0.0,,1.0,,8.0,,0.0,,276.0,,276.0,152.0,115.0,0.0,8.0,1.0,0.0,0.0,0.0
congo,OPG174,EBC-13002,60.0,,14.0,,71.0,,128.0,,0.0,,1.0,,1.0,,16.0,,0.0,,231.0,,231.0,128.0,71.0,0.0,16.0,1.0,1.0,14.0,0.0
congo,OPG174,EBC-13028,,65.0,,0.0,,2.0,,4.0,,0.0,,0.0,,1.0,,0.0,,0.0,,7.0,-7.0,-4.0,-2.0,0.0,0.0,-1.0,0.0,0.0,0.0
congo,OPG174,EBC-131022,100.0,,8.0,,73.0,,115.0,,0.0,,0.0,,0.0,,4.0,,0.0,,200.0,,200.0,115.0,73.0,0.0,4.0,0.0,0.0,8.0,0.0
congo,OPG174,EBC-13120,41.0,,0.0,,61.0,,119.0,,0.0,,1.0,,2.0,,9.0,,0.0,,192.0,,192.0,119.0,61.0,0.0,9.0,2.0,1.0,0.0,0.0
congo,OPG174,EBC-13127,50.0,,0.0,,78.0,,185.0,,0.0,,0.0,,0.0,,9.0,,0.0,,272.0,,272.0,185.0,78.0,0.0,9.0,0.0,0.0,0.0,0.0
congo,OPG174,EBC-13184,24.0,,9.0,,88.0,,150.0,,0.0,,0.0,,0.0,,4.0,,0.0,,251.0,,251.0,150.0,88.0,0.0,4.0,0.0,0.0,9.0,0.0
congo,OPG174,EBC-13250,33.0,,15.0,,47.0,,97.0,,0.0,,0.0,,3.0,,4.0,,0.0,,166.0,,166.0,97.0,47.0,0.0,4.0,3.0,0.0,15.0,0.0
congo,OPG174,EBC-13376,,17.0,,0.0,,4.0,,0.0,,0.0,,0.0,,0.0,,0.0,,0.0,,4.0,-4.0,0.0,-4.0,0.0,0.0,0.0,0.0,0.0,0.0
congo,OPG174,EBC-13379,74.0,,0.0,,83.0,,140.0,,0.0,,0.0,,0.0,,13.0,,0.0,,236.0,,236.0,140.0,83.0,0.0,13.0,0.0,0.0,0.0,0.0
congo,OPG174,EBC-13579,19.0,,0.0,,101.0,,174.0,,0.0,,0.0,,0.0,,8.0,,0.0,,283.0,,283.0,174.0,101.0,0.0,8.0,0.0,0.0,0.0,0.0
congo,OPG174,EBC-13607,13.0,,0.0,,85.0,,166.0,,0.0,,1.0,,1.0,,9.0,,0.0,,262.0,,262.0,166.0,85.0,0.0,9.0,1.0,1.0,0.0,0.0
congo,OPG174,EBC-13716,66.0,,0.0,,30.0,,98.0,,0.0,,0.0,,0.0,,1.0,,0.0,,129.0,,129.0,98.0,30.0,0.0,1.0,0.0,0.0,0.0,0.0
congo,OPG174,EBC-13774,77.0,,5.0,,70.0,,123.0,,0.0,,2.0,,0.0,,6.0,,0.0,,206.0,,206.0,123.0,70.0,0.0,6.0,0.0,2.0,5.0,0.0
congo,OPG174,EBC-13827,58.0,,19.0,,86.0,,98.0,,0.0,,1.0,,0.0,,7.0,,0.0,,211.0,,211.0,98.0,86.0,0.0,7.0,0.0,1.0,19.0,0.0
congo,OPG174,EBC-13852,,4.0,,1.0,,4.0,,0.0,,0.0,,0.0,,0.0,,0.0,,0.0,,5.0,-5.0,0.0,-4.0,0.0,0.0,0.0,0.0,-1.0,0.0
congo,OPG174,EBC-14142,,76.0,,0.0,,2.0,,4.0,,0.0,,0.0,,0.0,,0.0,,0.0,,6.0,-6.0,-4.0,-2.0,0.0,0.0,0.0,0.0,0.0,0.0
congo,OPG174,EBC-14147,89.0,,5.0,,33.0,,46.0,,0.0,,0.0,,1.0,,3.0,,0.0,,88.0,,88.0,46.0,33.0,0.0,3.0,1.0,0.0,5.0,0.0
congo,OPG174,EBC-14214,55.0,,6.0,,46.0,,179.0,,0.0,,0.0,,0.0,,8.0,,0.0,,239.0,,239.0,179.0,46.0,0.0,8.0,0.0,0.0,6.0,0.0
congo,OPG174,EBC-145068,,36.0,,0.0,,5.0,,2.0,,0.0,,0.0,,0.0,,0.0,,0.0,,7.0,-7.0,-2.0,-5.0,0.0,0.0,0.0,0.0,0.0,0.0
congo,OPG174,EBC-145084,,79.0,,0.0,,1.0,,9.0,,0.0,,0.0,,0.0,,0.0,,0.0,,10.0,-10.0,-9.0,-1.0,0.0,0.0,0.0,0.0,0.0,0.0
congo,OPG174,EBC-145226,12.0,,0.0,,79.0,,140.0,,0.0,,1.0,,0.0,,11.0,,0.0,,231.0,,231.0,140.0,79.0,0.0,11.0,0.0,1.0,0.0,0.0
congo,OPG174,EBC-148031,20.0,,0.0,,76.0,,188.0,,0.0,,0.0,,0.0,,19.0,,0.0,,283.0,,283.0,188.0,76.0,0.0,19.0,0.0,0.0,0.0,0.0
congo,OPG174,EBC-149090,,60.0,,0.0,,5.0,,1.0,,0.0,,0.0,,1.0,,0.0,,0.0,,7.0,-7.0,-1.0,-5.0,0.0,0.0,-1.0,0.0,0.0,0.0
congo,OPG174,EBC-149094,7.0,,0.0,,28.0,,114.0,,0.0,,0.0,,0.0,,1.0,,0.0,,143.0,,143.0,114.0,28.0,0.0,1.0,0.0,0.0,0.0,0.0
congo,OPG174,EBC-150066,64.0,,0.0,,61.0,,178.0,,0.0,,2.0,,0.0,,8.0,,0.0,,249.0,,249.0,178.0,61.0,0.0,8.0,0.0,2.0,0.0,0.0
congo,OPG174,EBC-151174,,59.0,,0.0,,3.0,,2.0,,0.0,,0.0,,0.0,,0.0,,0.0,,5.0,-5.0,-2.0,-3.0,0.0,0.0,0.0,0.0,0.0,0.0
congo,OPG174,EBC-152142,,3.0,,0.0,,4.0,,0.0,,0.0,,0.0,,0.0,,0.0,,0.0,,4.0,-4.0,0.0,-4.0,0.0,0.0,0.0,0.0,0.0,0.0
congo,OPG174,EBC-157073,76.0,,0.0,,26.0,,173.0,,0.0,,0.0,,1.0,,5.0,,0.0,,205.0,,205.0,173.0,26.0,0.0,5.0,1.0,0.0,0.0,0.0
congo,OPG174,EBC-157208,,25.0,,0.0,,1.0,,7.0,,0.0,,0.0,,1.0,,0.0,,0.0,,9.0,-9.0,-7.0,-1.0,0.0,0.0,-1.0,0.0,0.0,0.0
congo,OPG174,EBC-157213,67.0,,7.0,,83.0,,112.0,,0.0,,0.0,,1.0,,8.0,,0.0,,211.0,,211.0,112.0,83.0,0.0,8.0,1.0,0.0,7.0,0.0
congo,OPG174,EBC-157219,85.0,,2.0,,46.0,,82.0,,0.0,,1.0,,1.0,,8.0,,0.0,,140.0,,140.0,82.0,46.0,0.0,8.0,1.0,1.0,2.0,0.0
congo,OPG174,EBC-157222,25.0,,0.0,,13.0,,56.0,,0.0,,0.0,,0.0,,1.0,,0.0,,70.0,,70.0,56.0,13.0,0.0,1.0,0.0,0.0,0.0,0.0
congo,OPG174,EBC-157249,,27.0,,0.0,,1.0,,3.0,,0.0,,2.0,,0.0,,0.0,,0.0,,6.0,-6.0,-3.0,-1.0,0.0,0.0,0.0,-2.0,0.0,0.0
congo,OPG174,EBC-160036,1.0,,2.0,,12.0,,51.0,,0.0,,2.0,,0.0,,0.0,,0.0,,67.0,,67.0,51.0,12.0,0.0,0.0,0.0,2.0,2.0,0.0
congo,OPG174,EBC-17121,70.0,,0.0,,19.0,,46.0,,0.0,,1.0,,0.0,,1.0,,0.0,,67.0,,67.0,46.0,19.0,0.0,1.0,0.0,1.0,0.0,0.0
congo,OPG174,EBC-198037,93.0,,16.0,,63.0,,110.0,,0.0,,2.0,,0.0,,15.0,,0.0,,206.0,,206.0,110.0,63.0,0.0,15.0,0.0,2.0,16.0,0.0
congo,OPG174,EBC-208024,,56.0,,0.0,,3.0,,4.0,,0.0,,0.0,,3.0,,0.0,,0.0,,10.0,-10.0,-4.0,-3.0,0.0,0.0,-3.0,0.0,0.0,0.0
congo,OPG174,EBC-217022,18.0,,6.0,,26.0,,79.0,,0.0,,0.0,,0.0,,4.0,,0.0,,115.0,,115.0,79.0,26.0,0.0,4.0,0.0,0.0,6.0,0.0
congo,OPG174,EBC-218037,84.0,,0.0,,44.0,,121.0,,0.0,,1.0,,2.0,,7.0,,0.0,,175.0,,175.0,121.0,44.0,0.0,7.0,2.0,1.0,0.0,0.0
congo,OPG174,EBC-218043,3.0,,0.0,,44.0,,145.0,,0.0,,3.0,,0.0,,9.0,,0.0,,201.0,,201.0,145.0,44.0,0.0,9.0,0.0,3.0,0.0,0.0
congo,OPG174,EBC-220032,97.0,,0.0,,41.0,,61.0,,0.0,,3.0,,1.0,,7.0,,0.0,,113.0,,113.0,61.0,41.0,0.0,7.0,1.0,3.0,0.0,0.0
congo,OPG174,EBC-221135,,91.0,,0.0,,3.0,,5.0,,0.0,,0.0,,1.0,,0.0,,0.0,,9.0,-9.0,-5.0,-3.0,0.0,0.0,-1.0,0.0,0.0,0.0
congo,OPG174,EBC-225024,,75.0,,0.0,,4.0,,7.0,,0.0,,0.0,,1.0,,0.0,,0.0,,12.0,-12.0,-7.0,-4.0,0.0,0.0,-1.0,0.0,0.0,0.0
congo,OPG174,EBC-23629,36.0,,0.0,,47.0,,144.0,,0.0,,1.0,,0.0,,6.0,,0.0,,198.0,,198.0,144.0,47.0,0.0,6.0,0.0,1.0,0.0,0.0
congo,OPG174,EBC-24042,47.0,,0.0,,0.0,,277.0,,0.0,,0.0,,0.0,,0.0,,0.0,,277.0,,277.0,277.0,0.0,0.0,0.0,0.0,0.0,0.0,0.0
congo,OPG174,EBC-249047,39.0,,9.0,,79.0,,146.0,,0.0,,0.0,,0.0,,9.0,,0.0,,243.0,,243.0,146.0,79.0,0.0,9.0,0.0,0.0,9.0,0.0
congo,OPG174,EBC-251099,,37.0,,0.0,,10.0,,0.0,,0.0,,0.0,,0.0,,0.0,,0.0,,10.0,-10.0,0.0,-10.0,0.0,0.0,0.0,0.0,0.0,0.0
congo,OPG174,EBC-251173,11.0,,0.0,,80.0,,219.0,,0.0,,0.0,,0.0,,16.0,,0.0,,315.0,,315.0,219.0,80.0,0.0,16.0,0.0,0.0,0.0,0.0
congo,OPG174,EBC-251220,,8.0,,0.0,,5.0,,0.0,,0.0,,0.0,,0.0,,0.0,,0.0,,5.0,-5.0,0.0,-5.0,0.0,0.0,0.0,0.0,0.0,0.0
congo,OPG174,EBC-252122,43.0,,4.0,,31.0,,108.0,,0.0,,0.0,,1.0,,9.0,,0.0,,153.0,,153.0,108.0,31.0,0.0,9.0,1.0,0.0,4.0,0.0
congo,OPG174,EBC-253180,78.0,,5.0,,108.0,,103.0,,0.0,,0.0,,0.0,,11.0,,0.0,,227.0,,227.0,103.0,108.0,0.0,11.0,0.0,0.0,5.0,0.0
congo,OPG174,EBC-253291,88.0,,0.0,,67.0,,166.0,,0.0,,0.0,,1.0,,15.0,,0.0,,249.0,,249.0,166.0,67.0,0.0,15.0,1.0,0.0,0.0,0.0
congo,OPG174,EBC-26679,,16.0,,0.0,,7.0,,0.0,,0.0,,0.0,,0.0,,0.0,,0.0,,7.0,-7.0,0.0,-7.0,0.0,0.0,0.0,0.0,0.0,0.0
congo,OPG174,EBC-27122,71.0,,6.0,,78.0,,100.0,,0.0,,1.0,,0.0,,6.0,,0.0,,191.0,,191.0,100.0,78.0,0.0,6.0,0.0,1.0,6.0,0.0
congo,OPG174,EBC-27226,96.0,,0.0,,51.0,,130.0,,0.0,,2.0,,0.0,,7.0,,0.0,,190.0,,190.0,130.0,51.0,0.0,7.0,0.0,2.0,0.0,0.0
congo,OPG174,EBC-27265,44.0,,6.0,,28.0,,125.0,,0.0,,0.0,,0.0,,0.0,,0.0,,159.0,,159.0,125.0,28.0,0.0,0.0,0.0,0.0,6.0,0.0
congo,OPG174,EBC-27288,83.0,,6.0,,111.0,,104.0,,0.0,,0.0,,0.0,,3.0,,0.0,,224.0,,224.0,104.0,111.0,0.0,3.0,0.0,0.0,6.0,0.0
congo,OPG174,EBC-27345,35.0,,16.0,,43.0,,124.0,,0.0,,0.0,,0.0,,2.0,,0.0,,185.0,,185.0,124.0,43.0,0.0,2.0,0.0,0.0,16.0,0.0
congo,OPG174,EBC-27347,63.0,,4.0,,136.0,,73.0,,0.0,,1.0,,0.0,,13.0,,0.0,,227.0,,227.0,73.0,136.0,0.0,13.0,0.0,1.0,4.0,0.0
congo,OPG174,EBC-27428,5.0,,0.0,,70.0,,151.0,,0.0,,0.0,,0.0,,20.0,,0.0,,241.0,,241.0,151.0,70.0,0.0,20.0,0.0,0.0,0.0,0.0
congo,OPG174,EBC-277061,,48.0,,0.0,,5.0,,0.0,,0.0,,0.0,,0.0,,0.0,,0.0,,5.0,-5.0,0.0,-5.0,0.0,0.0,0.0,0.0,0.0,0.0
congo,OPG174,EBC-277093,,18.0,,0.0,,8.0,,0.0,,0.0,,0.0,,0.0,,0.0,,0.0,,8.0,-8.0,0.0,-8.0,0.0,0.0,0.0,0.0,0.0,0.0
congo,OPG174,EBC-280050,,94.0,,0.0,,0.0,,3.0,,2.0,,0.0,,0.0,,0.0,,0.0,,5.0,-5.0,-3.0,0.0,0.0,0.0,0.0,0.0,0.0,-2.0
congo,OPG174,EBC-28064,,68.0,,0.0,,1.0,,7.0,,0.0,,0.0,,2.0,,0.0,,0.0,,10.0,-10.0,-7.0,-1.0,0.0,0.0,-2.0,0.0,0.0,0.0
congo,OPG174,EBC-287042,86.0,,0.0,,54.0,,154.0,,0.0,,1.0,,0.0,,6.0,,0.0,,215.0,,215.0,154.0,54.0,0.0,6.0,0.0,1.0,0.0,0.0
congo,OPG174,EBC-287070,81.0,,0.0,,40.0,,166.0,,0.0,,0.0,,0.0,,1.0,,0.0,,207.0,,207.0,166.0,40.0,0.0,1.0,0.0,0.0,0.0,0.0
congo,OPG174,EBC-290041,8.0,,2.0,,100.0,,148.0,,0.0,,1.0,,0.0,,10.0,,0.0,,261.0,,261.0,148.0,100.0,0.0,10.0,0.0,1.0,2.0,0.0
congo,OPG174,EBC-29034,,98.0,,0.0,,4.0,,4.0,,0.0,,0.0,,1.0,,0.0,,0.0,,9.0,-9.0,-4.0,-4.0,0.0,0.0,-1.0,0.0,0.0,0.0
congo,OPG174,EBC-29056,,89.0,,0.0,,4.0,,0.0,,0.0,,0.0,,0.0,,2.0,,0.0,,6.0,-6.0,0.0,-4.0,0.0,-2.0,0.0,0.0,0.0,0.0
congo,OPG174,EBC-291159,82.0,,0.0,,37.0,,208.0,,0.0,,0.0,,0.0,,7.0,,0.0,,252.0,,252.0,208.0,37.0,0.0,7.0,0.0,0.0,0.0,0.0
congo,OPG174,EBC-291167,87.0,,9.0,,78.0,,88.0,,0.0,,0.0,,0.0,,17.0,,0.0,,192.0,,192.0,88.0,78.0,0.0,17.0,0.0,0.0,9.0,0.0
congo,OPG174,EBC-30021,,70.0,,0.0,,1.0,,1.0,,0.0,,0.0,,0.0,,1.0,,0.0,,3.0,-3.0,-1.0,-1.0,0.0,-1.0,0.0,0.0,0.0,0.0
congo,OPG174,EBC-306045,,90.0,,0.0,,2.0,,8.0,,0.0,,0.0,,1.0,,0.0,,0.0,,11.0,-11.0,-8.0,-2.0,0.0,0.0,-1.0,0.0,0.0,0.0
congo,OPG174,EBC-306048,26.0,,6.0,,83.0,,95.0,,0.0,,0.0,,0.0,,10.0,,0.0,,194.0,,194.0,95.0,83.0,0.0,10.0,0.0,0.0,6.0,0.0
congo,OPG174,EBC-309070,92.0,,11.0,,46.0,,105.0,,0.0,,0.0,,0.0,,9.0,,0.0,,171.0,,171.0,105.0,46.0,0.0,9.0,0.0,0.0,11.0,0.0
congo,OPG174,EBC-309072,34.0,,0.0,,75.0,,130.0,,0.0,,1.0,,0.0,,12.0,,0.0,,218.0,,218.0,130.0,75.0,0.0,12.0,0.0,1.0,0.0,0.0
congo,OPG174,EBC-312078,,24.0,,0.0,,1.0,,7.0,,0.0,,0.0,,1.0,,1.0,,0.0,,10.0,-10.0,-7.0,-1.0,0.0,-1.0,-1.0,0.0,0.0,0.0
congo,OPG174,EBC-331067,54.0,,10.0,,33.0,,60.0,,0.0,,2.0,,3.0,,1.0,,0.0,,109.0,,109.0,60.0,33.0,0.0,1.0,3.0,2.0,10.0,0.0
congo,OPG174,EBC-346050,,85.0,,0.0,,2.0,,3.0,,0.0,,0.0,,2.0,,1.0,,0.0,,8.0,-8.0,-3.0,-2.0,0.0,-1.0,-2.0,0.0,0.0,0.0
congo,OPG174,EBC-365075,,55.0,,0.0,,1.0,,0.0,,0.0,,0.0,,0.0,,0.0,,0.0,,1.0,-1.0,0.0,-1.0,0.0,0.0,0.0,0.0,0.0,0.0
congo,OPG174,EBC-367046,,96.0,,0.0,,2.0,,3.0,,0.0,,0.0,,0.0,,0.0,,0.0,,5.0,-5.0,-3.0,-2.0,0.0,0.0,0.0,0.0,0.0,0.0
congo,OPG174,EBC-43021,95.0,,4.0,,68.0,,105.0,,0.0,,0.0,,0.0,,6.0,,0.0,,183.0,,183.0,105.0,68.0,0.0,6.0,0.0,0.0,4.0,0.0
congo,OPG174,EBC-44133,,7.0,,0.0,,5.0,,0.0,,0.0,,0.0,,0.0,,0.0,,0.0,,5.0,-5.0,0.0,-5.0,0.0,0.0,0.0,0.0,0.0,0.0
congo,OPG174,EBC-44134,,1.0,,0.0,,5.0,,0.0,,0.0,,0.0,,0.0,,0.0,,0.0,,5.0,-5.0,0.0,-5.0,0.0,0.0,0.0,0.0,0.0,0.0
congo,OPG174,EBC-44365,,83.0,,0.0,,2.0,,7.0,,0.0,,0.0,,2.0,,0.0,,0.0,,11.0,-11.0,-7.0,-2.0,0.0,0.0,-2.0,0.0,0.0,0.0
congo,OPG174,EBC-44384,94.0,,9.0,,88.0,,144.0,,0.0,,0.0,,0.0,,9.0,,0.0,,250.0,,250.0,144.0,88.0,0.0,9.0,0.0,0.0,9.0,0.0
congo,OPG174,EBC-44401,38.0,,5.0,,72.0,,165.0,,0.0,,1.0,,0.0,,14.0,,0.0,,257.0,,257.0,165.0,72.0,0.0,14.0,0.0,1.0,5.0,0.0
congo,OPG174,EBC-44402,37.0,,7.0,,85.0,,144.0,,0.0,,1.0,,0.0,,19.0,,0.0,,256.0,,256.0,144.0,85.0,0.0,19.0,0.0,1.0,7.0,0.0
congo,OPG174,EBC-46024,45.0,,2.0,,86.0,,134.0,,0.0,,1.0,,0.0,,11.0,,0.0,,234.0,,234.0,134.0,86.0,0.0,11.0,0.0,1.0,2.0,0.0
congo,OPG174,EBC-46057,6.0,,0.0,,53.0,,182.0,,0.0,,0.0,,0.0,,8.0,,0.0,,243.0,,243.0,182.0,53.0,0.0,8.0,0.0,0.0,0.0,0.0
congo,OPG174,EBC-46200,21.0,,7.0,,88.0,,154.0,,0.0,,2.0,,0.0,,7.0,,0.0,,258.0,,258.0,154.0,88.0,0.0,7.0,0.0,2.0,7.0,0.0
congo,OPG174,EBC-46286,68.0,12.0,0.0,0.0,111.0,2.0,137.0,8.0,0.0,0.0,2.0,0.0,0.0,2.0,7.0,0.0,0.0,0.0,257.0,12.0,245.0,129.0,109.0,0.0,7.0,-2.0,2.0,0.0,0.0
congo,OPG174,EBC-46294,2.0,,1.0,,134.0,,142.0,,0.0,,0.0,,0.0,,14.0,,0.0,,291.0,,291.0,142.0,134.0,0.0,14.0,0.0,0.0,1.0,0.0
congo,OPG174,EBC-47073,29.0,,6.0,,71.0,,117.0,,0.0,,1.0,,0.0,,11.0,,0.0,,206.0,,206.0,117.0,71.0,0.0,11.0,0.0,1.0,6.0,0.0
congo,OPG174,EBC-47094,69.0,,4.0,,20.0,,70.0,,0.0,,0.0,,0.0,,8.0,,0.0,,102.0,,102.0,70.0,20.0,0.0,8.0,0.0,0.0,4.0,0.0
congo,OPG174,EBC-47119,53.0,,0.0,,134.0,,123.0,,0.0,,0.0,,0.0,,26.0,,0.0,,283.0,,283.0,123.0,134.0,0.0,26.0,0.0,0.0,0.0,0.0
congo,OPG174,EBC-47437,,72.0,,0.0,,5.0,,0.0,,0.0,,0.0,,0.0,,0.0,,0.0,,5.0,-5.0,0.0,-5.0,0.0,0.0,0.0,0.0,0.0,0.0
congo,OPG174,EBC-48186,48.0,,17.0,,40.0,,101.0,,0.0,,0.0,,0.0,,2.0,,0.0,,160.0,,160.0,101.0,40.0,0.0,2.0,0.0,0.0,17.0,0.0
congo,OPG174,EBC-48187,,14.0,,0.0,,13.0,,3.0,,0.0,,0.0,,0.0,,0.0,,0.0,,16.0,-16.0,-3.0,-13.0,0.0,0.0,0.0,0.0,0.0,0.0
congo,OPG174,EBC-48188,14.0,,0.0,,22.0,,44.0,,0.0,,0.0,,0.0,,3.0,,0.0,,69.0,,69.0,44.0,22.0,0.0,3.0,0.0,0.0,0.0,0.0
congo,OPG174,EBC-50059,,58.0,,0.0,,5.0,,8.0,,0.0,,0.0,,1.0,,0.0,,0.0,,14.0,-14.0,-8.0,-5.0,0.0,0.0,-1.0,0.0,0.0,0.0
congo,OPG174,EBC-50088,56.0,,0.0,,57.0,,132.0,,0.0,,2.0,,0.0,,2.0,,0.0,,193.0,,193.0,132.0,57.0,0.0,2.0,0.0,2.0,0.0,0.0
congo,OPG174,EBC-50093,,19.0,,0.0,,5.0,,0.0,,0.0,,0.0,,0.0,,0.0,,0.0,,5.0,-5.0,0.0,-5.0,0.0,0.0,0.0,0.0,0.0,0.0
congo,OPG174,EBC-54045,46.0,,0.0,,40.0,,49.0,,0.0,,0.0,,0.0,,7.0,,0.0,,96.0,,96.0,49.0,40.0,0.0,7.0,0.0,0.0,0.0,0.0
congo,OPG174,EBC-63089,4.0,,0.0,,108.0,,126.0,,0.0,,0.0,,0.0,,17.0,,0.0,,251.0,,251.0,126.0,108.0,0.0,17.0,0.0,0.0,0.0,0.0
congo,OPG174,EBC-71073,57.0,,0.0,,85.0,,146.0,,0.0,,1.0,,0.0,,18.0,,0.0,,250.0,,250.0,146.0,85.0,0.0,18.0,0.0,1.0,0.0,0.0
congo,OPG174,EBC-84050,23.0,,3.0,,65.0,,88.0,,0.0,,0.0,,2.0,,4.0,,0.0,,162.0,,162.0,88.0,65.0,0.0,4.0,2.0,0.0,3.0,0.0
congo,OPG174,EBC-97044,,54.0,,0.0,,6.0,,14.0,,0.0,,0.0,,0.0,,1.0,,0.0,,21.0,-21.0,-14.0,-6.0,0.0,-1.0,0.0,0.0,0.0,0.0
congo,OPG174,EBC-97116,,45.0,,0.0,,5.0,,10.0,,0.0,,0.0,,1.0,,1.0,,0.0,,17.0,-17.0,-10.0,-5.0,0.0,-1.0,-1.0,0.0,0.0,0.0
congo,OPG174,EBC-99033,,88.0,,0.0,,1.0,,5.0,,0.0,,0.0,,2.0,,1.0,,0.0,,9.0,-9.0,-5.0,-1.0,0.0,-1.0,-2.0,0.0,0.0,0.0
congo,OPG198,EBC-00538,,73.0,,0.0,,2.0,,2.0,,0.0,,0.0,,0.0,,0.0,,0.0,,4.0,-4.0,-2.0,-2.0,0.0,0.0,0.0,0.0,0.0,0.0
congo,OPG198,EBC-00541,,81.0,,0.0,,3.0,,4.0,,0.0,,0.0,,0.0,,0.0,,0.0,,7.0,-7.0,-4.0,-3.0,0.0,0.0,0.0,0.0,0.0,0.0
congo,OPG198,EBC-00570,,94.0,,0.0,,2.0,,0.0,,0.0,,0.0,,0.0,,0.0,,0.0,,2.0,-2.0,0.0,-2.0,0.0,0.0,0.0,0.0,0.0,0.0
congo,OPG198,EBC-00571,,35.0,,0.0,,2.0,,2.0,,0.0,,0.0,,0.0,,0.0,,0.0,,4.0,-4.0,-2.0,-2.0,0.0,0.0,0.0,0.0,0.0,0.0
congo,OPG198,EBC-00575,,22.0,,0.0,,2.0,,3.0,,0.0,,0.0,,0.0,,0.0,,0.0,,5.0,-5.0,-3.0,-2.0,0.0,0.0,0.0,0.0,0.0,0.0
congo,OPG198,EBC-00578,,92.0,,0.0,,2.0,,4.0,,0.0,,0.0,,0.0,,0.0,,0.0,,6.0,-6.0,-4.0,-2.0,0.0,0.0,0.0,0.0,0.0,0.0
congo,OPG198,EBC-00633,,34.0,,0.0,,4.0,,0.0,,0.0,,0.0,,0.0,,0.0,,0.0,,4.0,-4.0,0.0,-4.0,0.0,0.0,0.0,0.0,0.0,0.0
congo,OPG198,EBC-00647,,57.0,,0.0,,2.0,,5.0,,0.0,,0.0,,0.0,,1.0,,0.0,,8.0,-8.0,-5.0,-2.0,0.0,-1.0,0.0,0.0,0.0,0.0
congo,OPG198,EBC-00670,,24.0,,0.0,,2.0,,9.0,,0.0,,0.0,,0.0,,0.0,,0.0,,11.0,-11.0,-9.0,-2.0,0.0,0.0,0.0,0.0,0.0,0.0
congo,OPG198,EBC-02055,,79.0,,0.0,,3.0,,9.0,,0.0,,0.0,,0.0,,0.0,,0.0,,12.0,-12.0,-9.0,-3.0,0.0,0.0,0.0,0.0,0.0,0.0
congo,OPG198,EBC-02079,22.0,,0.0,,46.0,,124.0,,0.0,,0.0,,0.0,,21.0,,0.0,,191.0,,191.0,124.0,46.0,0.0,21.0,0.0,0.0,0.0,0.0
congo,OPG198,EBC-02080,17.0,,0.0,,37.0,,92.0,,0.0,,0.0,,0.0,,5.0,,0.0,,134.0,,134.0,92.0,37.0,0.0,5.0,0.0,0.0,0.0,0.0
congo,OPG198,EBC-03034,,43.0,,0.0,,1.0,,0.0,,0.0,,0.0,,0.0,,0.0,,0.0,,1.0,-1.0,0.0,-1.0,0.0,0.0,0.0,0.0,0.0,0.0
congo,OPG198,EBC-03044,,72.0,,0.0,,2.0,,2.0,,0.0,,0.0,,0.0,,0.0,,0.0,,4.0,-4.0,-2.0,-2.0,0.0,0.0,0.0,0.0,0.0,0.0
congo,OPG198,EBC-03075,,65.0,,0.0,,2.0,,4.0,,0.0,,0.0,,0.0,,0.0,,0.0,,6.0,-6.0,-4.0,-2.0,0.0,0.0,0.0,0.0,0.0,0.0
congo,OPG198,EBC-03112,,71.0,,0.0,,2.0,,0.0,,0.0,,0.0,,0.0,,0.0,,0.0,,2.0,-2.0,0.0,-2.0,0.0,0.0,0.0,0.0,0.0,0.0
congo,OPG198,EBC-03162,,76.0,,0.0,,2.0,,2.0,,0.0,,0.0,,0.0,,0.0,,0.0,,4.0,-4.0,-2.0,-2.0,0.0,0.0,0.0,0.0,0.0,0.0
congo,OPG198,EBC-03207,,78.0,,0.0,,2.0,,2.0,,0.0,,0.0,,0.0,,0.0,,0.0,,4.0,-4.0,-2.0,-2.0,0.0,0.0,0.0,0.0,0.0,0.0
congo,OPG198,EBC-03271,,95.0,,0.0,,1.0,,0.0,,0.0,,0.0,,0.0,,0.0,,0.0,,1.0,-1.0,0.0,-1.0,0.0,0.0,0.0,0.0,0.0,0.0
congo,OPG198,EBC-03319,,63.0,,0.0,,0.0,,3.0,,0.0,,0.0,,0.0,,1.0,,0.0,,4.0,-4.0,-3.0,0.0,0.0,-1.0,0.0,0.0,0.0,0.0
congo,OPG198,EBC-03334,,40.0,,0.0,,2.0,,3.0,,0.0,,0.0,,0.0,,1.0,,0.0,,6.0,-6.0,-3.0,-2.0,0.0,-1.0,0.0,0.0,0.0,0.0
congo,OPG198,EBC-03550,,27.0,,0.0,,1.0,,4.0,,0.0,,0.0,,0.0,,1.0,,0.0,,6.0,-6.0,-4.0,-1.0,0.0,-1.0,0.0,0.0,0.0,0.0
congo,OPG198,EBC-03554,,2.0,,0.0,,2.0,,5.0,,0.0,,0.0,,0.0,,0.0,,0.0,,7.0,-7.0,-5.0,-2.0,0.0,0.0,0.0,0.0,0.0,0.0
congo,OPG198,EBC-03589,,5.0,,0.0,,2.0,,5.0,,0.0,,0.0,,0.0,,0.0,,0.0,,7.0,-7.0,-5.0,-2.0,0.0,0.0,0.0,0.0,0.0,0.0
congo,OPG198,EBC-03682,,36.0,,0.0,,2.0,,6.0,,0.0,,0.0,,0.0,,0.0,,0.0,,8.0,-8.0,-6.0,-2.0,0.0,0.0,0.0,0.0,0.0,0.0
congo,OPG198,EBC-03774,,28.0,,0.0,,3.0,,3.0,,0.0,,0.0,,0.0,,0.0,,0.0,,6.0,-6.0,-3.0,-3.0,0.0,0.0,0.0,0.0,0.0,0.0
congo,OPG198,EBC-03838,51.0,,0.0,,23.0,,146.0,,0.0,,4.0,,0.0,,4.0,,0.0,,177.0,,177.0,146.0,23.0,0.0,4.0,0.0,4.0,0.0,0.0
congo,OPG198,EBC-03865,60.0,,0.0,,27.0,,183.0,,0.0,,1.0,,0.0,,2.0,,0.0,,213.0,,213.0,183.0,27.0,0.0,2.0,0.0,1.0,0.0,0.0
congo,OPG198,EBC-03896,,23.0,,0.0,,2.0,,6.0,,0.0,,0.0,,0.0,,0.0,,0.0,,8.0,-8.0,-6.0,-2.0,0.0,0.0,0.0,0.0,0.0,0.0
congo,OPG198,EBC-03910,,1.0,,0.0,,3.0,,1.0,,0.0,,0.0,,0.0,,0.0,,0.0,,4.0,-4.0,-1.0,-3.0,0.0,0.0,0.0,0.0,0.0,0.0
congo,OPG198,EBC-03931,,68.0,,0.0,,2.0,,0.0,,0.0,,0.0,,0.0,,0.0,,0.0,,2.0,-2.0,0.0,-2.0,0.0,0.0,0.0,0.0,0.0,0.0
congo,OPG198,EBC-03971,,99.0,,0.0,,1.0,,1.0,,0.0,,0.0,,0.0,,0.0,,0.0,,2.0,-2.0,-1.0,-1.0,0.0,0.0,0.0,0.0,0.0,0.0
congo,OPG198,EBC-04032,,58.0,,0.0,,2.0,,1.0,,0.0,,0.0,,0.0,,0.0,,0.0,,3.0,-3.0,-1.0,-2.0,0.0,0.0,0.0,0.0,0.0,0.0
congo,OPG198,EBC-04117,,85.0,,1.0,,2.0,,4.0,,0.0,,0.0,,0.0,,1.0,,0.0,,8.0,-8.0,-4.0,-2.0,0.0,-1.0,0.0,0.0,-1.0,0.0
congo,OPG198,EBC-04135,,96.0,,0.0,,2.0,,3.0,,0.0,,0.0,,0.0,,0.0,,0.0,,5.0,-5.0,-3.0,-2.0,0.0,0.0,0.0,0.0,0.0,0.0
congo,OPG198,EBC-04368,,16.0,,0.0,,2.0,,5.0,,0.0,,0.0,,0.0,,0.0,,0.0,,7.0,-7.0,-5.0,-2.0,0.0,0.0,0.0,0.0,0.0,0.0
congo,OPG198,EBC-06061,13.0,,0.0,,52.0,,129.0,,0.0,,3.0,,0.0,,23.0,,0.0,,207.0,,207.0,129.0,52.0,0.0,23.0,0.0,3.0,0.0,0.0
congo,OPG198,EBC-06062,100.0,,0.0,,65.0,,174.0,,0.0,,0.0,,0.0,,12.0,,0.0,,251.0,,251.0,174.0,65.0,0.0,12.0,0.0,0.0,0.0,0.0
congo,OPG198,EBC-06225,,56.0,,0.0,,2.0,,3.0,,0.0,,0.0,,0.0,,0.0,,0.0,,5.0,-5.0,-3.0,-2.0,0.0,0.0,0.0,0.0,0.0,0.0
congo,OPG198,EBC-06227,,47.0,,0.0,,1.0,,5.0,,0.0,,0.0,,0.0,,0.0,,0.0,,6.0,-6.0,-5.0,-1.0,0.0,0.0,0.0,0.0,0.0,0.0
congo,OPG198,EBC-06298,,66.0,,0.0,,1.0,,2.0,,0.0,,0.0,,0.0,,0.0,,0.0,,3.0,-3.0,-2.0,-1.0,0.0,0.0,0.0,0.0,0.0,0.0
congo,OPG198,EBC-06362,,93.0,,0.0,,3.0,,2.0,,0.0,,0.0,,0.0,,0.0,,0.0,,5.0,-5.0,-2.0,-3.0,0.0,0.0,0.0,0.0,0.0,0.0
congo,OPG198,EBC-06379,,29.0,,0.0,,1.0,,5.0,,0.0,,0.0,,0.0,,0.0,,0.0,,6.0,-6.0,-5.0,-1.0,0.0,0.0,0.0,0.0,0.0,0.0
congo,OPG198,EBC-06474,,20.0,,0.0,,2.0,,0.0,,0.0,,0.0,,1.0,,0.0,,0.0,,3.0,-3.0,0.0,-2.0,0.0,0.0,-1.0,0.0,0.0,0.0
congo,OPG198,EBC-06482,,15.0,,0.0,,2.0,,2.0,,0.0,,0.0,,0.0,,0.0,,0.0,,4.0,-4.0,-2.0,-2.0,0.0,0.0,0.0,0.0,0.0,0.0
congo,OPG198,EBC-06508,,86.0,,0.0,,2.0,,4.0,,0.0,,0.0,,0.0,,0.0,,0.0,,6.0,-6.0,-4.0,-2.0,0.0,0.0,0.0,0.0,0.0,0.0
congo,OPG198,EBC-06585,,98.0,,0.0,,2.0,,7.0,,0.0,,1.0,,0.0,,0.0,,0.0,,10.0,-10.0,-7.0,-2.0,0.0,0.0,0.0,-1.0,0.0,0.0
congo,OPG198,EBC-06596,,80.0,,0.0,,1.0,,5.0,,0.0,,0.0,,0.0,,0.0,,0.0,,6.0,-6.0,-5.0,-1.0,0.0,0.0,0.0,0.0,0.0,0.0
congo,OPG198,EBC-06624,,52.0,,0.0,,4.0,,8.0,,0.0,,0.0,,0.0,,0.0,,0.0,,12.0,-12.0,-8.0,-4.0,0.0,0.0,0.0,0.0,0.0,0.0
congo,OPG198,EBC-06687,,32.0,,0.0,,1.0,,4.0,,0.0,,1.0,,0.0,,0.0,,0.0,,6.0,-6.0,-4.0,-1.0,0.0,0.0,0.0,-1.0,0.0,0.0
congo,OPG198,EBC-06711,,38.0,,0.0,,2.0,,3.0,,0.0,,0.0,,0.0,,0.0,,0.0,,5.0,-5.0,-3.0,-2.0,0.0,0.0,0.0,0.0,0.0,0.0
congo,OPG198,EBC-06727,,6.0,,0.0,,2.0,,3.0,,0.0,,0.0,,0.0,,0.0,,0.0,,5.0,-5.0,-3.0,-2.0,0.0,0.0,0.0,0.0,0.0,0.0
congo,OPG198,EBC-06746,,83.0,,0.0,,2.0,,2.0,,0.0,,0.0,,0.0,,1.0,,0.0,,5.0,-5.0,-2.0,-2.0,0.0,-1.0,0.0,0.0,0.0,0.0
congo,OPG198,EBC-06902,97.0,,0.0,,75.0,,157.0,,0.0,,1.0,,0.0,,7.0,,0.0,,240.0,,240.0,157.0,75.0,0.0,7.0,0.0,1.0,0.0,0.0
congo,OPG198,EBC-07117,,26.0,,0.0,,2.0,,1.0,,0.0,,0.0,,0.0,,1.0,,0.0,,4.0,-4.0,-1.0,-2.0,0.0,-1.0,0.0,0.0,0.0,0.0
congo,OPG198,EBC-07210,,69.0,,0.0,,2.0,,8.0,,0.0,,0.0,,0.0,,0.0,,0.0,,10.0,-10.0,-8.0,-2.0,0.0,0.0,0.0,0.0,0.0,0.0
congo,OPG198,EBC-07238,,42.0,,0.0,,1.0,,3.0,,0.0,,0.0,,0.0,,0.0,,0.0,,4.0,-4.0,-3.0,-1.0,0.0,0.0,0.0,0.0,0.0,0.0
congo,OPG198,EBC-07269,,97.0,,0.0,,1.0,,4.0,,0.0,,0.0,,2.0,,0.0,,0.0,,7.0,-7.0,-4.0,-1.0,0.0,0.0,-2.0,0.0,0.0,0.0
congo,OPG198,EBC-07421,29.0,,2.0,,26.0,,130.0,,0.0,,3.0,,1.0,,3.0,,0.0,,165.0,,165.0,130.0,26.0,0.0,3.0,1.0,3.0,2.0,0.0
congo,OPG198,EBC-07472,,33.0,,0.0,,3.0,,2.0,,0.0,,0.0,,0.0,,1.0,,0.0,,6.0,-6.0,-2.0,-3.0,0.0,-1.0,0.0,0.0,0.0,0.0
congo,OPG198,EBC-07670,46.0,,0.0,,79.0,,162.0,,0.0,,0.0,,0.0,,8.0,,0.0,,249.0,,249.0,162.0,79.0,0.0,8.0,0.0,0.0,0.0,0.0
congo,OPG198,EBC-07688,,46.0,,0.0,,2.0,,7.0,,0.0,,0.0,,0.0,,0.0,,0.0,,9.0,-9.0,-7.0,-2.0,0.0,0.0,0.0,0.0,0.0,0.0
congo,OPG198,EBC-08084,,55.0,,0.0,,4.0,,6.0,,0.0,,0.0,,0.0,,0.0,,0.0,,10.0,-10.0,-6.0,-4.0,0.0,0.0,0.0,0.0,0.0,0.0
congo,OPG198,EBC-08181,,70.0,,0.0,,2.0,,4.0,,0.0,,0.0,,0.0,,0.0,,0.0,,6.0,-6.0,-4.0,-2.0,0.0,0.0,0.0,0.0,0.0,0.0
congo,OPG198,EBC-08203,,90.0,,0.0,,1.0,,1.0,,0.0,,0.0,,0.0,,0.0,,0.0,,2.0,-2.0,-1.0,-1.0,0.0,0.0,0.0,0.0,0.0,0.0
congo,OPG198,EBC-08557,,51.0,,1.0,,0.0,,1.0,,0.0,,0.0,,0.0,,1.0,,0.0,,3.0,-3.0,-1.0,0.0,0.0,-1.0,0.0,0.0,-1.0,0.0
congo,OPG198,EBC-08560,,31.0,,0.0,,3.0,,11.0,,0.0,,0.0,,1.0,,0.0,,0.0,,15.0,-15.0,-11.0,-3.0,0.0,0.0,-1.0,0.0,0.0,0.0
congo,OPG198,EBC-08573,83.0,,3.0,,92.0,,132.0,,0.0,,5.0,,0.0,,30.0,,0.0,,262.0,,262.0,132.0,92.0,0.0,30.0,0.0,5.0,3.0,0.0
congo,OPG198,EBC-08587,76.0,,0.0,,30.0,,155.0,,0.0,,0.0,,0.0,,0.0,,0.0,,185.0,,185.0,155.0,30.0,0.0,0.0,0.0,0.0,0.0,0.0
congo,OPG198,EBC-08730,,89.0,,0.0,,1.0,,8.0,,0.0,,0.0,,0.0,,0.0,,0.0,,9.0,-9.0,-8.0,-1.0,0.0,0.0,0.0,0.0,0.0,0.0
congo,OPG198,EBC-08788,95.0,,0.0,,71.0,,151.0,,0.0,,1.0,,1.0,,7.0,,0.0,,231.0,,231.0,151.0,71.0,0.0,7.0,1.0,1.0,0.0,0.0
congo,OPG198,EBC-08908,53.0,,2.0,,86.0,,163.0,,0.0,,0.0,,0.0,,11.0,,0.0,,262.0,,262.0,163.0,86.0,0.0,11.0,0.0,0.0,2.0,0.0
congo,OPG198,EBC-08915,48.0,,0.0,,50.0,,171.0,,0.0,,1.0,,0.0,,10.0,,0.0,,232.0,,232.0,171.0,50.0,0.0,10.0,0.0,1.0,0.0,0.0
congo,OPG198,EBC-09014,81.0,,16.0,,85.0,,131.0,,0.0,,5.0,,0.0,,16.0,,0.0,,253.0,,253.0,131.0,85.0,0.0,16.0,0.0,5.0,16.0,0.0
congo,OPG198,EBC-11025,50.0,53.0,0.0,0.0,72.0,2.0,93.0,9.0,0.0,0.0,2.0,0.0,2.0,0.0,14.0,0.0,0.0,0.0,183.0,11.0,172.0,84.0,70.0,0.0,14.0,2.0,2.0,0.0,0.0
congo,OPG198,EBC-11027,,30.0,,1.0,,4.0,,0.0,,0.0,,0.0,,0.0,,0.0,,0.0,,5.0,-5.0,0.0,-4.0,0.0,0.0,0.0,0.0,-1.0,0.0
congo,OPG198,EBC-11050,,4.0,,0.0,,3.0,,0.0,,0.0,,0.0,,0.0,,0.0,,0.0,,3.0,-3.0,0.0,-3.0,0.0,0.0,0.0,0.0,0.0,0.0
congo,OPG198,EBC-11069,68.0,,0.0,,73.0,,145.0,,0.0,,0.0,,0.0,,13.0,,0.0,,231.0,,231.0,145.0,73.0,0.0,13.0,0.0,0.0,0.0,0.0
congo,OPG198,EBC-11191,80.0,,0.0,,137.0,,126.0,,0.0,,2.0,,0.0,,17.0,,0.0,,282.0,,282.0,126.0,137.0,0.0,17.0,0.0,2.0,0.0,0.0
congo,OPG198,EBC-11226,,25.0,,1.0,,1.0,,2.0,,0.0,,0.0,,0.0,,1.0,,0.0,,5.0,-5.0,-2.0,-1.0,0.0,-1.0,0.0,0.0,-1.0,0.0
congo,OPG198,EBC-11230,77.0,,0.0,,103.0,,154.0,,0.0,,4.0,,0.0,,16.0,,0.0,,277.0,,277.0,154.0,103.0,0.0,16.0,0.0,4.0,0.0,0.0
congo,OPG198,EBC-11260,10.0,,0.0,,61.0,,85.0,,0.0,,2.0,,0.0,,12.0,,0.0,,160.0,,160.0,85.0,61.0,0.0,12.0,0.0,2.0,0.0,0.0
congo,OPG198,EBC-11281,36.0,,23.0,,28.0,,120.0,,0.0,,0.0,,0.0,,1.0,,0.0,,172.0,,172.0,120.0,28.0,0.0,1.0,0.0,0.0,23.0,0.0
congo,OPG198,EBC-11364,8.0,,11.0,,67.0,,95.0,,0.0,,3.0,,1.0,,22.0,,0.0,,199.0,,199.0,95.0,67.0,0.0,22.0,1.0,3.0,11.0,0.0
congo,OPG198,EBC-11382,74.0,,13.0,,111.0,,74.0,,0.0,,0.0,,2.0,,8.0,,0.0,,208.0,,208.0,74.0,111.0,0.0,8.0,2.0,0.0,13.0,0.0
congo,OPG198,EBC-11433,14.0,,7.0,,107.0,,137.0,,0.0,,5.0,,2.0,,15.0,,0.0,,273.0,,273.0,137.0,107.0,0.0,15.0,2.0,5.0,7.0,0.0
congo,OPG198,EBC-12036,64.0,,0.0,,87.0,,142.0,,0.0,,3.0,,2.0,,27.0,,0.0,,261.0,,261.0,142.0,87.0,0.0,27.0,2.0,3.0,0.0,0.0
congo,OPG198,EBC-12063,47.0,,0.0,,121.0,,105.0,,0.0,,0.0,,1.0,,27.0,,0.0,,254.0,,254.0,105.0,121.0,0.0,27.0,1.0,0.0,0.0,0.0
congo,OPG198,EBC-12079,79.0,,0.0,,80.0,,142.0,,0.0,,2.0,,1.0,,23.0,,0.0,,248.0,,248.0,142.0,80.0,0.0,23.0,1.0,2.0,0.0,0.0
congo,OPG198,EBC-12087,,87.0,,0.0,,1.0,,4.0,,0.0,,0.0,,0.0,,1.0,,0.0,,6.0,-6.0,-4.0,-1.0,0.0,-1.0,0.0,0.0,0.0,0.0
congo,OPG198,EBC-12285,,100.0,,0.0,,3.0,,5.0,,0.0,,0.0,,0.0,,0.0,,0.0,,8.0,-8.0,-5.0,-3.0,0.0,0.0,0.0,0.0,0.0,0.0
congo,OPG198,EBC-12442,55.0,,5.0,,75.0,,130.0,,0.0,,0.0,,1.0,,17.0,,0.0,,228.0,,228.0,130.0,75.0,0.0,17.0,1.0,0.0,5.0,0.0
congo,OPG198,EBC-12508,75.0,,0.0,,60.0,,188.0,,0.0,,5.0,,3.0,,16.0,,0.0,,272.0,,272.0,188.0,60.0,0.0,16.0,3.0,5.0,0.0,0.0
congo,OPG198,EBC-12783,,9.0,,1.0,,2.0,,7.0,,0.0,,0.0,,0.0,,0.0,,0.0,,10.0,-10.0,-7.0,-2.0,0.0,0.0,0.0,0.0,-1.0,0.0
congo,OPG198,EBC-12821,3.0,,0.0,,114.0,,123.0,,0.0,,1.0,,0.0,,17.0,,0.0,,255.0,,255.0,123.0,114.0,0.0,17.0,0.0,1.0,0.0,0.0
congo,OPG198,EBC-12884,44.0,,9.0,,61.0,,96.0,,0.0,,6.0,,1.0,,18.0,,0.0,,191.0,,191.0,96.0,61.0,0.0,18.0,1.0,6.0,9.0,0.0
congo,OPG198,EBC-13024,,50.0,,0.0,,6.0,,9.0,,0.0,,0.0,,0.0,,0.0,,0.0,,15.0,-15.0,-9.0,-6.0,0.0,0.0,0.0,0.0,0.0,0.0
congo,OPG198,EBC-13032,,17.0,,1.0,,2.0,,5.0,,0.0,,0.0,,0.0,,0.0,,0.0,,8.0,-8.0,-5.0,-2.0,0.0,0.0,0.0,0.0,-1.0,0.0
congo,OPG198,EBC-13061,21.0,,0.0,,69.0,,78.0,,0.0,,5.0,,0.0,,29.0,,0.0,,181.0,,181.0,78.0,69.0,0.0,29.0,0.0,5.0,0.0,0.0
congo,OPG198,EBC-131022,99.0,,18.0,,82.0,,122.0,,0.0,,0.0,,0.0,,21.0,,0.0,,243.0,,243.0,122.0,82.0,0.0,21.0,0.0,0.0,18.0,0.0
congo,OPG198,EBC-13120,69.0,,0.0,,100.0,,124.0,,0.0,,3.0,,2.0,,30.0,,0.0,,259.0,,259.0,124.0,100.0,0.0,30.0,2.0,3.0,0.0,0.0
congo,OPG198,EBC-13141,,75.0,,0.0,,2.0,,0.0,,0.0,,0.0,,0.0,,0.0,,0.0,,2.0,-2.0,0.0,-2.0,0.0,0.0,0.0,0.0,0.0,0.0
congo,OPG198,EBC-13169,,64.0,,0.0,,2.0,,2.0,,0.0,,0.0,,1.0,,0.0,,0.0,,5.0,-5.0,-2.0,-2.0,0.0,0.0,-1.0,0.0,0.0,0.0
congo,OPG198,EBC-13190,,49.0,,0.0,,3.0,,11.0,,0.0,,0.0,,0.0,,0.0,,0.0,,14.0,-14.0,-11.0,-3.0,0.0,0.0,0.0,0.0,0.0,0.0
congo,OPG198,EBC-13376,,3.0,,0.0,,1.0,,0.0,,0.0,,0.0,,0.0,,0.0,,0.0,,1.0,-1.0,0.0,-1.0,0.0,0.0,0.0,0.0,0.0,0.0
congo,OPG198,EBC-13379,40.0,,0.0,,76.0,,163.0,,0.0,,1.0,,0.0,,30.0,,0.0,,270.0,,270.0,163.0,76.0,0.0,30.0,0.0,1.0,0.0,0.0
congo,OPG198,EBC-13476,,54.0,,1.0,,2.0,,2.0,,0.0,,0.0,,0.0,,1.0,,0.0,,6.0,-6.0,-2.0,-2.0,0.0,-1.0,0.0,0.0,-1.0,0.0
congo,OPG198,EBC-13607,1.0,,0.0,,76.0,,210.0,,0.0,,1.0,,0.0,,25.0,,0.0,,312.0,,312.0,210.0,76.0,0.0,25.0,0.0,1.0,0.0,0.0
congo,OPG198,EBC-13677,,67.0,,0.0,,2.0,,7.0,,0.0,,0.0,,0.0,,0.0,,0.0,,9.0,-9.0,-7.0,-2.0,0.0,0.0,0.0,0.0,0.0,0.0
congo,OPG198,EBC-13852,,10.0,,0.0,,3.0,,0.0,,0.0,,0.0,,0.0,,0.0,,0.0,,3.0,-3.0,0.0,-3.0,0.0,0.0,0.0,0.0,0.0,0.0
congo,OPG198,EBC-14147,23.0,,1.0,,67.0,,90.0,,0.0,,2.0,,0.0,,11.0,,0.0,,171.0,,171.0,90.0,67.0,0.0,11.0,0.0,2.0,1.0,0.0
congo,OPG198,EBC-14163,90.0,,0.0,,155.0,,94.0,,0.0,,2.0,,1.0,,33.0,,0.0,,285.0,,285.0,94.0,155.0,0.0,33.0,1.0,2.0,0.0,0.0
congo,OPG198,EBC-145226,6.0,,0.0,,88.0,,186.0,,0.0,,2.0,,0.0,,15.0,,0.0,,291.0,,291.0,186.0,88.0,0.0,15.0,0.0,2.0,0.0,0.0
congo,OPG198,EBC-148031,30.0,,0.0,,95.0,,172.0,,0.0,,0.0,,2.0,,30.0,,0.0,,299.0,,299.0,172.0,95.0,0.0,30.0,2.0,0.0,0.0,0.0
congo,OPG198,EBC-148040,66.0,,5.0,,89.0,,124.0,,0.0,,3.0,,2.0,,16.0,,0.0,,239.0,,239.0,124.0,89.0,0.0,16.0,2.0,3.0,5.0,0.0
congo,OPG198,EBC-148041,88.0,,0.0,,86.0,,136.0,,0.0,,3.0,,0.0,,31.0,,0.0,,256.0,,256.0,136.0,86.0,0.0,31.0,0.0,3.0,0.0,0.0
congo,OPG198,EBC-149028,58.0,,0.0,,82.0,,161.0,,0.0,,4.0,,2.0,,21.0,,0.0,,270.0,,270.0,161.0,82.0,0.0,21.0,2.0,4.0,0.0,0.0
congo,OPG198,EBC-149094,12.0,,0.0,,51.0,,166.0,,0.0,,1.0,,0.0,,10.0,,0.0,,228.0,,228.0,166.0,51.0,0.0,10.0,0.0,1.0,0.0,0.0
congo,OPG198,EBC-149164,65.0,,3.0,,84.0,,124.0,,0.0,,2.0,,3.0,,29.0,,0.0,,245.0,,245.0,124.0,84.0,0.0,29.0,3.0,2.0,3.0,0.0
congo,OPG198,EBC-151028,,59.0,,0.0,,1.0,,7.0,,0.0,,0.0,,0.0,,0.0,,0.0,,8.0,-8.0,-7.0,-1.0,0.0,0.0,0.0,0.0,0.0,0.0
congo,OPG198,EBC-151029,,60.0,,0.0,,1.0,,7.0,,0.0,,0.0,,0.0,,0.0,,0.0,,8.0,-8.0,-7.0,-1.0,0.0,0.0,0.0,0.0,0.0,0.0
congo,OPG198,EBC-152142,,44.0,,0.0,,2.0,,1.0,,0.0,,0.0,,0.0,,0.0,,0.0,,3.0,-3.0,-1.0,-2.0,0.0,0.0,0.0,0.0,0.0,0.0
congo,OPG198,EBC-154070,34.0,,4.0,,53.0,,113.0,,0.0,,1.0,,0.0,,19.0,,0.0,,190.0,,190.0,113.0,53.0,0.0,19.0,0.0,1.0,4.0,0.0
congo,OPG198,EBC-157193,,7.0,,0.0,,2.0,,7.0,,0.0,,0.0,,0.0,,0.0,,0.0,,9.0,-9.0,-7.0,-2.0,0.0,0.0,0.0,0.0,0.0,0.0
congo,OPG198,EBC-157209,87.0,62.0,0.0,0.0,52.0,2.0,165.0,4.0,0.0,0.0,1.0,0.0,3.0,0.0,17.0,0.0,0.0,0.0,238.0,6.0,232.0,161.0,50.0,0.0,17.0,3.0,1.0,0.0,0.0
congo,OPG198,EBC-157218,94.0,,9.0,,102.0,,108.0,,0.0,,0.0,,0.0,,16.0,,0.0,,235.0,,235.0,108.0,102.0,0.0,16.0,0.0,0.0,9.0,0.0
congo,OPG198,EBC-157235,,8.0,,0.0,,3.0,,5.0,,0.0,,0.0,,0.0,,0.0,,0.0,,8.0,-8.0,-5.0,-3.0,0.0,0.0,0.0,0.0,0.0,0.0
congo,OPG198,EBC-157241,96.0,,3.0,,80.0,,128.0,,0.0,,2.0,,1.0,,7.0,,0.0,,221.0,,221.0,128.0,80.0,0.0,7.0,1.0,2.0,3.0,0.0
congo,OPG198,EBC-157249,39.0,,0.0,,67.0,,136.0,,0.0,,0.0,,1.0,,27.0,,0.0,,231.0,,231.0,136.0,67.0,0.0,27.0,1.0,0.0,0.0,0.0
congo,OPG198,EBC-157251,,37.0,,0.0,,4.0,,6.0,,0.0,,0.0,,0.0,,0.0,,0.0,,10.0,-10.0,-6.0,-4.0,0.0,0.0,0.0,0.0,0.0,0.0
congo,OPG198,EBC-160036,2.0,,3.0,,55.0,,140.0,,0.0,,6.0,,0.0,,7.0,,0.0,,211.0,,211.0,140.0,55.0,0.0,7.0,0.0,6.0,3.0,0.0
congo,OPG198,EBC-17116,,74.0,,0.0,,2.0,,6.0,,0.0,,0.0,,0.0,,0.0,,0.0,,8.0,-8.0,-6.0,-2.0,0.0,0.0,0.0,0.0,0.0,0.0
congo,OPG198,EBC-189022,,77.0,,0.0,,2.0,,1.0,,0.0,,0.0,,0.0,,0.0,,0.0,,3.0,-3.0,-1.0,-2.0,0.0,0.0,0.0,0.0,0.0,0.0
congo,OPG198,EBC-198037,20.0,,14.0,,68.0,,100.0,,0.0,,1.0,,0.0,,16.0,,0.0,,199.0,,199.0,100.0,68.0,0.0,16.0,0.0,1.0,14.0,0.0
congo,OPG198,EBC-216028,63.0,,0.0,,57.0,,162.0,,0.0,,1.0,,1.0,,10.0,,0.0,,231.0,,231.0,162.0,57.0,0.0,10.0,1.0,1.0,0.0,0.0
congo,OPG198,EBC-217022,43.0,,11.0,,77.0,,113.0,,0.0,,5.0,,0.0,,39.0,,0.0,,245.0,,245.0,113.0,77.0,0.0,39.0,0.0,5.0,11.0,0.0
congo,OPG198,EBC-218037,92.0,,0.0,,50.0,,121.0,,0.0,,2.0,,2.0,,14.0,,0.0,,189.0,,189.0,121.0,50.0,0.0,14.0,2.0,2.0,0.0,0.0
congo,OPG198,EBC-218043,5.0,,0.0,,79.0,,155.0,,0.0,,7.0,,1.0,,27.0,,0.0,,269.0,,269.0,155.0,79.0,0.0,27.0,1.0,7.0,0.0,0.0
congo,OPG198,EBC-221084,91.0,,0.0,,94.0,,110.0,,0.0,,2.0,,2.0,,21.0,,0.0,,229.0,,229.0,110.0,94.0,0.0,21.0,2.0,2.0,0.0,0.0
congo,OPG198,EBC-230024,,19.0,,1.0,,1.0,,7.0,,0.0,,0.0,,0.0,,0.0,,0.0,,9.0,-9.0,-7.0,-1.0,0.0,0.0,0.0,0.0,-1.0,0.0
congo,OPG198,EBC-235024,85.0,,0.0,,66.0,,175.0,,0.0,,4.0,,2.0,,33.0,,0.0,,280.0,,280.0,175.0,66.0,0.0,33.0,2.0,4.0,0.0,0.0
congo,OPG198,EBC-244029,45.0,,0.0,,79.0,,162.0,,0.0,,2.0,,0.0,,12.0,,0.0,,255.0,,255.0,162.0,79.0,0.0,12.0,0.0,2.0,0.0,0.0
congo,OPG198,EBC-251173,18.0,,0.0,,76.0,,188.0,,0.0,,2.0,,0.0,,15.0,,0.0,,281.0,,281.0,188.0,76.0,0.0,15.0,0.0,2.0,0.0,0.0
congo,OPG198,EBC-251220,,11.0,,0.0,,2.0,,0.0,,0.0,,0.0,,0.0,,0.0,,0.0,,2.0,-2.0,0.0,-2.0,0.0,0.0,0.0,0.0,0.0,0.0
congo,OPG198,EBC-252072,,91.0,,0.0,,1.0,,3.0,,0.0,,0.0,,0.0,,0.0,,0.0,,4.0,-4.0,-3.0,-1.0,0.0,0.0,0.0,0.0,0.0,0.0
congo,OPG198,EBC-252122,15.0,,18.0,,58.0,,138.0,,0.0,,7.0,,1.0,,14.0,,0.0,,236.0,,236.0,138.0,58.0,0.0,14.0,1.0,7.0,18.0,0.0
congo,OPG198,EBC-253205,86.0,,0.0,,90.0,,167.0,,0.0,,0.0,,0.0,,10.0,,0.0,,267.0,,267.0,167.0,90.0,0.0,10.0,0.0,0.0,0.0,0.0
congo,OPG198,EBC-253245,,21.0,,1.0,,0.0,,9.0,,0.0,,0.0,,1.0,,0.0,,0.0,,11.0,-11.0,-9.0,0.0,0.0,0.0,-1.0,0.0,-1.0,0.0
congo,OPG198,EBC-253302,,61.0,,0.0,,1.0,,7.0,,0.0,,0.0,,0.0,,0.0,,0.0,,8.0,-8.0,-7.0,-1.0,0.0,0.0,0.0,0.0,0.0,0.0
congo,OPG198,EBC-27035,54.0,,0.0,,74.0,,151.0,,0.0,,0.0,,0.0,,13.0,,0.0,,238.0,,238.0,151.0,74.0,0.0,13.0,0.0,0.0,0.0,0.0
congo,OPG198,EBC-27042,32.0,,2.0,,72.0,,101.0,,0.0,,2.0,,0.0,,24.0,,0.0,,201.0,,201.0,101.0,72.0,0.0,24.0,0.0,2.0,2.0,0.0
congo,OPG198,EBC-27184,61.0,,0.0,,18.0,,195.0,,0.0,,0.0,,0.0,,4.0,,0.0,,217.0,,217.0,195.0,18.0,0.0,4.0,0.0,0.0,0.0,0.0
congo,OPG198,EBC-27265,7.0,,9.0,,33.0,,152.0,,0.0,,1.0,,3.0,,1.0,,0.0,,199.0,,199.0,152.0,33.0,0.0,1.0,3.0,1.0,9.0,0.0
congo,OPG198,EBC-27284,82.0,,0.0,,54.0,,219.0,,0.0,,0.0,,2.0,,8.0,,0.0,,283.0,,283.0,219.0,54.0,0.0,8.0,2.0,0.0,0.0,0.0
congo,OPG198,EBC-27288,41.0,,17.0,,75.0,,117.0,,0.0,,0.0,,1.0,,15.0,,0.0,,225.0,,225.0,117.0,75.0,0.0,15.0,1.0,0.0,17.0,0.0
congo,OPG198,EBC-27345,37.0,,14.0,,45.0,,141.0,,0.0,,0.0,,0.0,,4.0,,0.0,,204.0,,204.0,141.0,45.0,0.0,4.0,0.0,0.0,14.0,0.0
congo,OPG198,EBC-27347,52.0,,4.0,,155.0,,79.0,,0.0,,2.0,,1.0,,23.0,,0.0,,264.0,,264.0,79.0,155.0,0.0,23.0,1.0,2.0,4.0,0.0
congo,OPG198,EBC-27367,67.0,,16.0,,86.0,,111.0,,0.0,,2.0,,0.0,,27.0,,0.0,,242.0,,242.0,111.0,86.0,0.0,27.0,0.0,2.0,16.0,0.0
congo,OPG198,EBC-27428,11.0,,0.0,,120.0,,118.0,,0.0,,2.0,,2.0,,24.0,,0.0,,266.0,,266.0,118.0,120.0,0.0,24.0,2.0,2.0,0.0,0.0
congo,OPG198,EBC-287051,59.0,,0.0,,98.0,,124.0,,0.0,,2.0,,2.0,,17.0,,0.0,,243.0,,243.0,124.0,98.0,0.0,17.0,2.0,2.0,0.0,0.0
congo,OPG198,EBC-287070,35.0,,0.0,,41.0,,207.0,,0.0,,2.0,,0.0,,7.0,,0.0,,257.0,,257.0,207.0,41.0,0.0,7.0,0.0,2.0,0.0,0.0
congo,OPG198,EBC-287071,28.0,,0.0,,49.0,,107.0,,0.0,,3.0,,1.0,,27.0,,0.0,,187.0,,187.0,107.0,49.0,0.0,27.0,1.0,3.0,0.0,0.0
congo,OPG198,EBC-289112,24.0,,0.0,,35.0,,183.0,,0.0,,1.0,,1.0,,12.0,,0.0,,232.0,,232.0,183.0,35.0,0.0,12.0,1.0,1.0,0.0,0.0
congo,OPG198,EBC-290041,9.0,,4.0,,184.0,,115.0,,0.0,,3.0,,2.0,,27.0,,0.0,,335.0,,335.0,115.0,184.0,0.0,27.0,2.0,3.0,4.0,0.0
congo,OPG198,EBC-291059,,88.0,,0.0,,2.0,,11.0,,0.0,,0.0,,0.0,,1.0,,0.0,,14.0,-14.0,-11.0,-2.0,0.0,-1.0,0.0,0.0,0.0,0.0
congo,OPG198,EBC-291154,,45.0,,1.0,,2.0,,7.0,,0.0,,1.0,,0.0,,0.0,,0.0,,11.0,-11.0,-7.0,-2.0,0.0,0.0,0.0,-1.0,-1.0,0.0
congo,OPG198,EBC-291167,72.0,,8.0,,97.0,,96.0,,0.0,,0.0,,0.0,,21.0,,0.0,,222.0,,222.0,96.0,97.0,0.0,21.0,0.0,0.0,8.0,0.0
congo,OPG198,EBC-292060,84.0,,4.0,,45.0,,130.0,,0.0,,2.0,,2.0,,11.0,,0.0,,194.0,,194.0,130.0,45.0,0.0,11.0,2.0,2.0,4.0,0.0
congo,OPG198,EBC-306048,56.0,,14.0,,107.0,,72.0,,0.0,,3.0,,0.0,,19.0,,0.0,,215.0,,215.0,72.0,107.0,0.0,19.0,0.0,3.0,14.0,0.0
congo,OPG198,EBC-309072,26.0,,2.0,,93.0,,121.0,,0.0,,1.0,,0.0,,14.0,,0.0,,231.0,,231.0,121.0,93.0,0.0,14.0,0.0,1.0,2.0,0.0
congo,OPG198,EBC-331067,31.0,,7.0,,62.0,,89.0,,0.0,,3.0,,1.0,,5.0,,0.0,,167.0,,167.0,89.0,62.0,0.0,5.0,1.0,3.0,7.0,0.0
congo,OPG198,EBC-367048,62.0,,0.0,,77.0,,105.0,,0.0,,3.0,,2.0,,22.0,,0.0,,209.0,,209.0,105.0,77.0,0.0,22.0,2.0,3.0,0.0,0.0
congo,OPG198,EBC-44134,,18.0,,1.0,,4.0,,0.0,,0.0,,0.0,,0.0,,0.0,,0.0,,5.0,-5.0,0.0,-4.0,0.0,0.0,0.0,0.0,-1.0,0.0
congo,OPG198,EBC-44151,,12.0,,0.0,,3.0,,2.0,,0.0,,0.0,,0.0,,0.0,,0.0,,5.0,-5.0,-2.0,-3.0,0.0,0.0,0.0,0.0,0.0,0.0
congo,OPG198,EBC-44165,71.0,,0.0,,61.0,,90.0,,0.0,,5.0,,0.0,,12.0,,0.0,,168.0,,168.0,90.0,61.0,0.0,12.0,0.0,5.0,0.0,0.0
congo,OPG198,EBC-44358,93.0,,9.0,,98.0,,107.0,,0.0,,1.0,,0.0,,17.0,,0.0,,232.0,,232.0,107.0,98.0,0.0,17.0,0.0,1.0,9.0,0.0
congo,OPG198,EBC-46057,70.0,,0.0,,69.0,,181.0,,0.0,,3.0,,4.0,,7.0,,0.0,,264.0,,264.0,181.0,69.0,0.0,7.0,4.0,3.0,0.0,0.0
congo,OPG198,EBC-46164,,41.0,,0.0,,2.0,,1.0,,0.0,,0.0,,0.0,,0.0,,0.0,,3.0,-3.0,-1.0,-2.0,0.0,0.0,0.0,0.0,0.0,0.0
congo,OPG198,EBC-46294,19.0,,3.0,,141.0,,170.0,,0.0,,5.0,,1.0,,17.0,,0.0,,337.0,,337.0,170.0,141.0,0.0,17.0,1.0,5.0,3.0,0.0
congo,OPG198,EBC-47024,89.0,,0.0,,93.0,,132.0,,0.0,,1.0,,1.0,,21.0,,0.0,,248.0,,248.0,132.0,93.0,0.0,21.0,1.0,1.0,0.0,0.0
congo,OPG198,EBC-47073,57.0,,12.0,,136.0,,100.0,,0.0,,4.0,,2.0,,28.0,,0.0,,282.0,,282.0,100.0,136.0,0.0,28.0,2.0,4.0,12.0,0.0
congo,OPG198,EBC-47094,42.0,,1.0,,44.0,,115.0,,0.0,,1.0,,0.0,,9.0,,0.0,,170.0,,170.0,115.0,44.0,0.0,9.0,0.0,1.0,1.0,0.0
congo,OPG198,EBC-47103,,84.0,,0.0,,3.0,,6.0,,0.0,,0.0,,1.0,,0.0,,0.0,,10.0,-10.0,-6.0,-3.0,0.0,0.0,-1.0,0.0,0.0,0.0
congo,OPG198,EBC-47119,78.0,,0.0,,157.0,,107.0,,0.0,,5.0,,2.0,,21.0,,0.0,,292.0,,292.0,107.0,157.0,0.0,21.0,2.0,5.0,0.0,0.0
congo,OPG198,EBC-47377,,13.0,,0.0,,5.0,,8.0,,0.0,,0.0,,0.0,,1.0,,0.0,,14.0,-14.0,-8.0,-5.0,0.0,-1.0,0.0,0.0,0.0,0.0
congo,OPG198,EBC-48186,4.0,,12.0,,44.0,,103.0,,0.0,,3.0,,0.0,,3.0,,0.0,,165.0,,165.0,103.0,44.0,0.0,3.0,0.0,3.0,12.0,0.0
congo,OPG198,EBC-48188,73.0,,0.0,,88.0,,140.0,,0.0,,0.0,,1.0,,9.0,,0.0,,238.0,,238.0,140.0,88.0,0.0,9.0,1.0,0.0,0.0,0.0
congo,OPG198,EBC-50104,98.0,,4.0,,129.0,,105.0,,0.0,,2.0,,3.0,,18.0,,0.0,,261.0,,261.0,105.0,129.0,0.0,18.0,3.0,2.0,4.0,0.0
congo,OPG198,EBC-53021,49.0,,4.0,,81.0,,92.0,,0.0,,3.0,,0.0,,15.0,,0.0,,195.0,,195.0,92.0,81.0,0.0,15.0,0.0,3.0,4.0,0.0
congo,OPG198,EBC-58076,38.0,,4.0,,96.0,,114.0,,0.0,,2.0,,0.0,,28.0,,0.0,,244.0,,244.0,114.0,96.0,0.0,28.0,0.0,2.0,4.0,0.0
congo,OPG198,EBC-63089,16.0,,3.0,,132.0,,135.0,,0.0,,0.0,,0.0,,27.0,,0.0,,297.0,,297.0,135.0,132.0,0.0,27.0,0.0,0.0,3.0,0.0
congo,OPG198,EBC-71073,27.0,,0.0,,100.0,,163.0,,0.0,,1.0,,0.0,,26.0,,0.0,,290.0,,290.0,163.0,100.0,0.0,26.0,0.0,1.0,0.0,0.0
congo,OPG198,EBC-73021,,14.0,,1.0,,2.0,,9.0,,0.0,,0.0,,0.0,,1.0,,0.0,,13.0,-13.0,-9.0,-2.0,0.0,-1.0,0.0,0.0,-1.0,0.0
congo,OPG198,EBC-76208,,39.0,,0.0,,1.0,,5.0,,0.0,,0.0,,0.0,,0.0,,0.0,,6.0,-6.0,-5.0,-1.0,0.0,0.0,0.0,0.0,0.0,0.0
congo,OPG198,EBC-77052,,48.0,,0.0,,0.0,,3.0,,0.0,,0.0,,0.0,,0.0,,0.0,,3.0,-3.0,-3.0,0.0,0.0,0.0,0.0,0.0,0.0,0.0
congo,OPG198,EBC-84050,25.0,,5.0,,109.0,,104.0,,0.0,,4.0,,1.0,,39.0,,0.0,,262.0,,262.0,104.0,109.0,0.0,39.0,1.0,4.0,5.0,0.0
congo,OPG198,EBC-84165,,82.0,,0.0,,3.0,,0.0,,0.0,,0.0,,0.0,,0.0,,0.0,,3.0,-3.0,0.0,-3.0,0.0,0.0,0.0,0.0,0.0,0.0
congo,OPG198,EBC-99051,33.0,,4.0,,80.0,,109.0,,0.0,,1.0,,0.0,,20.0,,0.0,,214.0,,214.0,109.0,80.0,0.0,20.0,0.0,1.0,4.0,0.0
congo,OPG199,EBC-00005,,77.0,,0.0,,2.0,,1.0,,0.0,,0.0,,0.0,,0.0,,0.0,,3.0,-3.0,-1.0,-2.0,0.0,0.0,0.0,0.0,0.0,0.0
congo,OPG199,EBC-00541,,63.0,,0.0,,3.0,,1.0,,0.0,,0.0,,0.0,,0.0,,0.0,,4.0,-4.0,-1.0,-3.0,0.0,0.0,0.0,0.0,0.0,0.0
congo,OPG199,EBC-00562,,78.0,,0.0,,4.0,,0.0,,0.0,,0.0,,0.0,,0.0,,0.0,,4.0,-4.0,0.0,-4.0,0.0,0.0,0.0,0.0,0.0,0.0
congo,OPG199,EBC-00588,,89.0,,0.0,,5.0,,7.0,,0.0,,0.0,,2.0,,0.0,,0.0,,14.0,-14.0,-7.0,-5.0,0.0,0.0,-2.0,0.0,0.0,0.0
congo,OPG199,EBC-00640,,24.0,,0.0,,2.0,,7.0,,0.0,,0.0,,0.0,,0.0,,0.0,,9.0,-9.0,-7.0,-2.0,0.0,0.0,0.0,0.0,0.0,0.0
congo,OPG199,EBC-00641,,18.0,,0.0,,2.0,,9.0,,0.0,,0.0,,0.0,,0.0,,0.0,,11.0,-11.0,-9.0,-2.0,0.0,0.0,0.0,0.0,0.0,0.0
congo,OPG199,EBC-00649,100.0,,10.0,,51.0,,79.0,,0.0,,0.0,,0.0,,17.0,,0.0,,157.0,,157.0,79.0,51.0,0.0,17.0,0.0,0.0,10.0,0.0
congo,OPG199,EBC-00651,81.0,,7.0,,72.0,,60.0,,0.0,,0.0,,0.0,,10.0,,0.0,,149.0,,149.0,60.0,72.0,0.0,10.0,0.0,0.0,7.0,0.0
congo,OPG199,EBC-00696,57.0,,6.0,,48.0,,113.0,,0.0,,0.0,,0.0,,6.0,,0.0,,173.0,,173.0,113.0,48.0,0.0,6.0,0.0,0.0,6.0,0.0
congo,OPG199,EBC-00711,18.0,,0.0,,25.0,,132.0,,0.0,,0.0,,0.0,,8.0,,0.0,,165.0,,165.0,132.0,25.0,0.0,8.0,0.0,0.0,0.0,0.0
congo,OPG199,EBC-02025,,62.0,,0.0,,9.0,,0.0,,0.0,,0.0,,0.0,,0.0,,0.0,,9.0,-9.0,0.0,-9.0,0.0,0.0,0.0,0.0,0.0,0.0
congo,OPG199,EBC-02079,26.0,,0.0,,53.0,,103.0,,0.0,,0.0,,0.0,,17.0,,0.0,,173.0,,173.0,103.0,53.0,0.0,17.0,0.0,0.0,0.0,0.0
congo,OPG199,EBC-02080,97.0,,0.0,,56.0,,104.0,,0.0,,0.0,,0.0,,3.0,,0.0,,163.0,,163.0,104.0,56.0,0.0,3.0,0.0,0.0,0.0,0.0
congo,OPG199,EBC-03088,,28.0,,0.0,,2.0,,0.0,,0.0,,0.0,,0.0,,0.0,,0.0,,2.0,-2.0,0.0,-2.0,0.0,0.0,0.0,0.0,0.0,0.0
congo,OPG199,EBC-03091,,48.0,,0.0,,3.0,,0.0,,0.0,,0.0,,0.0,,0.0,,0.0,,3.0,-3.0,0.0,-3.0,0.0,0.0,0.0,0.0,0.0,0.0
congo,OPG199,EBC-03100,,61.0,,0.0,,8.0,,0.0,,0.0,,0.0,,0.0,,0.0,,0.0,,8.0,-8.0,0.0,-8.0,0.0,0.0,0.0,0.0,0.0,0.0
congo,OPG199,EBC-03137,,47.0,,0.0,,3.0,,2.0,,0.0,,0.0,,0.0,,0.0,,0.0,,5.0,-5.0,-2.0,-3.0,0.0,0.0,0.0,0.0,0.0,0.0
congo,OPG199,EBC-03148,,72.0,,0.0,,4.0,,2.0,,0.0,,0.0,,1.0,,0.0,,0.0,,7.0,-7.0,-2.0,-4.0,0.0,0.0,-1.0,0.0,0.0,0.0
congo,OPG199,EBC-03153,,46.0,,1.0,,5.0,,2.0,,0.0,,0.0,,1.0,,0.0,,0.0,,9.0,-9.0,-2.0,-5.0,0.0,0.0,-1.0,0.0,-1.0,0.0
congo,OPG199,EBC-03164,,71.0,,0.0,,3.0,,2.0,,0.0,,0.0,,0.0,,0.0,,0.0,,5.0,-5.0,-2.0,-3.0,0.0,0.0,0.0,0.0,0.0,0.0
congo,OPG199,EBC-03167,,39.0,,0.0,,3.0,,1.0,,0.0,,0.0,,0.0,,0.0,,0.0,,4.0,-4.0,-1.0,-3.0,0.0,0.0,0.0,0.0,0.0,0.0
congo,OPG199,EBC-03196,,49.0,,0.0,,4.0,,3.0,,0.0,,0.0,,1.0,,0.0,,0.0,,8.0,-8.0,-3.0,-4.0,0.0,0.0,-1.0,0.0,0.0,0.0
congo,OPG199,EBC-03209,,68.0,,0.0,,4.0,,2.0,,0.0,,0.0,,0.0,,0.0,,0.0,,6.0,-6.0,-2.0,-4.0,0.0,0.0,0.0,0.0,0.0,0.0
congo,OPG199,EBC-03293,,30.0,,0.0,,2.0,,2.0,,0.0,,0.0,,0.0,,0.0,,0.0,,4.0,-4.0,-2.0,-2.0,0.0,0.0,0.0,0.0,0.0,0.0
congo,OPG199,EBC-03334,,25.0,,0.0,,3.0,,3.0,,0.0,,0.0,,0.0,,1.0,,0.0,,7.0,-7.0,-3.0,-3.0,0.0,-1.0,0.0,0.0,0.0,0.0
congo,OPG199,EBC-03355,,37.0,,0.0,,3.0,,3.0,,0.0,,0.0,,1.0,,0.0,,0.0,,7.0,-7.0,-3.0,-3.0,0.0,0.0,-1.0,0.0,0.0,0.0
congo,OPG199,EBC-03359,,52.0,,0.0,,0.0,,1.0,,0.0,,0.0,,0.0,,0.0,,0.0,,1.0,-1.0,-1.0,0.0,0.0,0.0,0.0,0.0,0.0,0.0
congo,OPG199,EBC-03374,,42.0,,0.0,,2.0,,1.0,,0.0,,0.0,,0.0,,0.0,,0.0,,3.0,-3.0,-1.0,-2.0,0.0,0.0,0.0,0.0,0.0,0.0
congo,OPG199,EBC-03375,,79.0,,0.0,,2.0,,1.0,,0.0,,0.0,,0.0,,0.0,,0.0,,3.0,-3.0,-1.0,-2.0,0.0,0.0,0.0,0.0,0.0,0.0
congo,OPG199,EBC-03383,,13.0,,0.0,,2.0,,4.0,,0.0,,0.0,,0.0,,0.0,,0.0,,6.0,-6.0,-4.0,-2.0,0.0,0.0,0.0,0.0,0.0,0.0
congo,OPG199,EBC-03384,,44.0,,0.0,,3.0,,1.0,,0.0,,0.0,,0.0,,0.0,,0.0,,4.0,-4.0,-1.0,-3.0,0.0,0.0,0.0,0.0,0.0,0.0
congo,OPG199,EBC-03395,,43.0,,0.0,,3.0,,1.0,,0.0,,0.0,,0.0,,0.0,,0.0,,4.0,-4.0,-1.0,-3.0,0.0,0.0,0.0,0.0,0.0,0.0
congo,OPG199,EBC-03399,,41.0,,0.0,,3.0,,3.0,,0.0,,0.0,,0.0,,0.0,,0.0,,6.0,-6.0,-3.0,-3.0,0.0,0.0,0.0,0.0,0.0,0.0
congo,OPG199,EBC-03537,,29.0,,0.0,,1.0,,4.0,,0.0,,0.0,,0.0,,0.0,,0.0,,5.0,-5.0,-4.0,-1.0,0.0,0.0,0.0,0.0,0.0,0.0
congo,OPG199,EBC-03594,,73.0,,0.0,,3.0,,3.0,,0.0,,0.0,,0.0,,0.0,,0.0,,6.0,-6.0,-3.0,-3.0,0.0,0.0,0.0,0.0,0.0,0.0
congo,OPG199,EBC-03602,,40.0,,0.0,,2.0,,2.0,,0.0,,0.0,,0.0,,0.0,,0.0,,4.0,-4.0,-2.0,-2.0,0.0,0.0,0.0,0.0,0.0,0.0
congo,OPG199,EBC-03758,,66.0,,0.0,,3.0,,3.0,,0.0,,0.0,,0.0,,0.0,,0.0,,6.0,-6.0,-3.0,-3.0,0.0,0.0,0.0,0.0,0.0,0.0
congo,OPG199,EBC-03870,,53.0,,0.0,,2.0,,5.0,,0.0,,0.0,,0.0,,0.0,,0.0,,7.0,-7.0,-5.0,-2.0,0.0,0.0,0.0,0.0,0.0,0.0
congo,OPG199,EBC-04015,,64.0,,0.0,,2.0,,0.0,,0.0,,0.0,,0.0,,0.0,,0.0,,2.0,-2.0,0.0,-2.0,0.0,0.0,0.0,0.0,0.0,0.0
congo,OPG199,EBC-04036,,84.0,,0.0,,2.0,,3.0,,0.0,,0.0,,0.0,,0.0,,0.0,,5.0,-5.0,-3.0,-2.0,0.0,0.0,0.0,0.0,0.0,0.0
congo,OPG199,EBC-04040,,75.0,,0.0,,2.0,,3.0,,0.0,,0.0,,0.0,,0.0,,0.0,,5.0,-5.0,-3.0,-2.0,0.0,0.0,0.0,0.0,0.0,0.0
congo,OPG199,EBC-04072,,65.0,,0.0,,2.0,,0.0,,0.0,,0.0,,0.0,,0.0,,0.0,,2.0,-2.0,0.0,-2.0,0.0,0.0,0.0,0.0,0.0,0.0
congo,OPG199,EBC-04093,,20.0,,0.0,,1.0,,1.0,,0.0,,0.0,,0.0,,0.0,,0.0,,2.0,-2.0,-1.0,-1.0,0.0,0.0,0.0,0.0,0.0,0.0
congo,OPG199,EBC-04161,,74.0,,0.0,,3.0,,0.0,,0.0,,0.0,,0.0,,0.0,,0.0,,3.0,-3.0,0.0,-3.0,0.0,0.0,0.0,0.0,0.0,0.0
congo,OPG199,EBC-04295,,57.0,,0.0,,3.0,,2.0,,0.0,,0.0,,0.0,,0.0,,0.0,,5.0,-5.0,-2.0,-3.0,0.0,0.0,0.0,0.0,0.0,0.0
congo,OPG199,EBC-04305,,60.0,,0.0,,9.0,,0.0,,0.0,,0.0,,0.0,,0.0,,0.0,,9.0,-9.0,0.0,-9.0,0.0,0.0,0.0,0.0,0.0,0.0
congo,OPG199,EBC-06061,23.0,,0.0,,79.0,,98.0,,0.0,,2.0,,1.0,,28.0,,0.0,,208.0,,208.0,98.0,79.0,0.0,28.0,1.0,2.0,0.0,0.0
congo,OPG199,EBC-06062,49.0,,0.0,,71.0,,132.0,,0.0,,0.0,,1.0,,7.0,,0.0,,211.0,,211.0,132.0,71.0,0.0,7.0,1.0,0.0,0.0,0.0
congo,OPG199,EBC-06206,,95.0,,0.0,,2.0,,1.0,,0.0,,0.0,,0.0,,0.0,,0.0,,3.0,-3.0,-1.0,-2.0,0.0,0.0,0.0,0.0,0.0,0.0
congo,OPG199,EBC-06246,,32.0,,0.0,,2.0,,9.0,,0.0,,0.0,,1.0,,0.0,,0.0,,12.0,-12.0,-9.0,-2.0,0.0,0.0,-1.0,0.0,0.0,0.0
congo,OPG199,EBC-06315,,76.0,,0.0,,4.0,,0.0,,0.0,,0.0,,0.0,,0.0,,0.0,,4.0,-4.0,0.0,-4.0,0.0,0.0,0.0,0.0,0.0,0.0
congo,OPG199,EBC-06351,,55.0,,0.0,,3.0,,6.0,,0.0,,0.0,,1.0,,0.0,,0.0,,10.0,-10.0,-6.0,-3.0,0.0,0.0,-1.0,0.0,0.0,0.0
congo,OPG199,EBC-06475,,93.0,,0.0,,3.0,,0.0,,0.0,,0.0,,0.0,,0.0,,0.0,,3.0,-3.0,0.0,-3.0,0.0,0.0,0.0,0.0,0.0,0.0
congo,OPG199,EBC-06750,,38.0,,0.0,,2.0,,7.0,,0.0,,0.0,,0.0,,0.0,,0.0,,9.0,-9.0,-7.0,-2.0,0.0,0.0,0.0,0.0,0.0,0.0
congo,OPG199,EBC-06756,,16.0,,0.0,,4.0,,5.0,,0.0,,0.0,,1.0,,0.0,,0.0,,10.0,-10.0,-5.0,-4.0,0.0,0.0,-1.0,0.0,0.0,0.0
congo,OPG199,EBC-06798,,2.0,,0.0,,3.0,,7.0,,0.0,,0.0,,0.0,,0.0,,0.0,,10.0,-10.0,-7.0,-3.0,0.0,0.0,0.0,0.0,0.0,0.0
congo,OPG199,EBC-06802,,91.0,,0.0,,4.0,,7.0,,0.0,,0.0,,0.0,,0.0,,0.0,,11.0,-11.0,-7.0,-4.0,0.0,0.0,0.0,0.0,0.0,0.0
congo,OPG199,EBC-06844,,94.0,,0.0,,6.0,,5.0,,0.0,,0.0,,0.0,,0.0,,0.0,,11.0,-11.0,-5.0,-6.0,0.0,0.0,0.0,0.0,0.0,0.0
congo,OPG199,EBC-06855,,50.0,,0.0,,6.0,,3.0,,0.0,,0.0,,1.0,,1.0,,0.0,,11.0,-11.0,-3.0,-6.0,0.0,-1.0,-1.0,0.0,0.0,0.0
congo,OPG199,EBC-07157,69.0,,0.0,,56.0,,91.0,,0.0,,0.0,,0.0,,21.0,,0.0,,168.0,,168.0,91.0,56.0,0.0,21.0,0.0,0.0,0.0,0.0
congo,OPG199,EBC-07173,,8.0,,0.0,,2.0,,8.0,,0.0,,0.0,,0.0,,0.0,,0.0,,10.0,-10.0,-8.0,-2.0,0.0,0.0,0.0,0.0,0.0,0.0
congo,OPG199,EBC-07175,,12.0,,0.0,,2.0,,9.0,,0.0,,0.0,,0.0,,0.0,,0.0,,11.0,-11.0,-9.0,-2.0,0.0,0.0,0.0,0.0,0.0,0.0
congo,OPG199,EBC-07367,74.0,,0.0,,59.0,,123.0,,0.0,,1.0,,0.0,,16.0,,0.0,,199.0,,199.0,123.0,59.0,0.0,16.0,0.0,1.0,0.0,0.0
congo,OPG199,EBC-07386,,45.0,,0.0,,3.0,,2.0,,0.0,,0.0,,2.0,,1.0,,0.0,,8.0,-8.0,-2.0,-3.0,0.0,-1.0,-2.0,0.0,0.0,0.0
congo,OPG199,EBC-07497,,58.0,,0.0,,4.0,,4.0,,0.0,,0.0,,0.0,,0.0,,0.0,,8.0,-8.0,-4.0,-4.0,0.0,0.0,0.0,0.0,0.0,0.0
congo,OPG199,EBC-07498,,11.0,,1.0,,3.0,,7.0,,0.0,,0.0,,0.0,,0.0,,0.0,,11.0,-11.0,-7.0,-3.0,0.0,0.0,0.0,0.0,-1.0,0.0
congo,OPG199,EBC-07499,,80.0,,1.0,,3.0,,6.0,,0.0,,0.0,,2.0,,0.0,,0.0,,12.0,-12.0,-6.0,-3.0,0.0,0.0,-2.0,0.0,-1.0,0.0
congo,OPG199,EBC-07500,,4.0,,0.0,,3.0,,4.0,,0.0,,0.0,,1.0,,0.0,,0.0,,8.0,-8.0,-4.0,-3.0,0.0,0.0,-1.0,0.0,0.0,0.0
congo,OPG199,EBC-07504,,7.0,,0.0,,3.0,,9.0,,0.0,,0.0,,0.0,,0.0,,0.0,,12.0,-12.0,-9.0,-3.0,0.0,0.0,0.0,0.0,0.0,0.0
congo,OPG199,EBC-07511,,9.0,,0.0,,3.0,,9.0,,0.0,,0.0,,0.0,,0.0,,0.0,,12.0,-12.0,-9.0,-3.0,0.0,0.0,0.0,0.0,0.0,0.0
congo,OPG199,EBC-07516,88.0,,2.0,,77.0,,96.0,,0.0,,3.0,,0.0,,11.0,,0.0,,189.0,,189.0,96.0,77.0,0.0,11.0,0.0,3.0,2.0,0.0
congo,OPG199,EBC-07618,62.0,,12.0,,70.0,,109.0,,0.0,,0.0,,0.0,,15.0,,0.0,,206.0,,206.0,109.0,70.0,0.0,15.0,0.0,0.0,12.0,0.0
congo,OPG199,EBC-07644,,5.0,,0.0,,5.0,,7.0,,0.0,,0.0,,0.0,,0.0,,0.0,,12.0,-12.0,-7.0,-5.0,0.0,0.0,0.0,0.0,0.0,0.0
congo,OPG199,EBC-07647,,67.0,,0.0,,3.0,,2.0,,0.0,,0.0,,0.0,,1.0,,0.0,,6.0,-6.0,-2.0,-3.0,0.0,-1.0,0.0,0.0,0.0,0.0
congo,OPG199,EBC-07677,,6.0,,0.0,,5.0,,6.0,,0.0,,0.0,,2.0,,0.0,,0.0,,13.0,-13.0,-6.0,-5.0,0.0,0.0,-2.0,0.0,0.0,0.0
congo,OPG199,EBC-07836,,83.0,,0.0,,3.0,,8.0,,0.0,,1.0,,0.0,,0.0,,0.0,,12.0,-12.0,-8.0,-3.0,0.0,0.0,0.0,-1.0,0.0,0.0
congo,OPG199,EBC-07988,61.0,,3.0,,115.0,,135.0,,0.0,,1.0,,0.0,,27.0,,0.0,,281.0,,281.0,135.0,115.0,0.0,27.0,0.0,1.0,3.0,0.0
congo,OPG199,EBC-08227,,31.0,,0.0,,4.0,,4.0,,0.0,,0.0,,0.0,,0.0,,0.0,,8.0,-8.0,-4.0,-4.0,0.0,0.0,0.0,0.0,0.0,0.0
congo,OPG199,EBC-08235,,22.0,,0.0,,2.0,,8.0,,0.0,,0.0,,0.0,,0.0,,0.0,,10.0,-10.0,-8.0,-2.0,0.0,0.0,0.0,0.0,0.0,0.0
congo,OPG199,EBC-08307,,26.0,,0.0,,4.0,,6.0,,0.0,,0.0,,0.0,,0.0,,0.0,,10.0,-10.0,-6.0,-4.0,0.0,0.0,0.0,0.0,0.0,0.0
congo,OPG199,EBC-08460,,3.0,,0.0,,0.0,,17.0,,0.0,,0.0,,0.0,,0.0,,0.0,,17.0,-17.0,-17.0,0.0,0.0,0.0,0.0,0.0,0.0,0.0
congo,OPG199,EBC-08480,92.0,,0.0,,76.0,,104.0,,0.0,,0.0,,1.0,,18.0,,0.0,,199.0,,199.0,104.0,76.0,0.0,18.0,1.0,0.0,0.0,0.0
congo,OPG199,EBC-08536,80.0,,0.0,,108.0,,114.0,,0.0,,0.0,,0.0,,14.0,,0.0,,236.0,,236.0,114.0,108.0,0.0,14.0,0.0,0.0,0.0,0.0
congo,OPG199,EBC-08557,,56.0,,1.0,,3.0,,0.0,,0.0,,0.0,,0.0,,2.0,,0.0,,6.0,-6.0,0.0,-3.0,0.0,-2.0,0.0,0.0,-1.0,0.0
congo,OPG199,EBC-08615,15.0,,0.0,,109.0,,80.0,,0.0,,0.0,,0.0,,15.0,,0.0,,204.0,,204.0,80.0,109.0,0.0,15.0,0.0,0.0,0.0,0.0
congo,OPG199,EBC-08710,,21.0,,0.0,,3.0,,9.0,,0.0,,0.0,,0.0,,0.0,,0.0,,12.0,-12.0,-9.0,-3.0,0.0,0.0,0.0,0.0,0.0,0.0
congo,OPG199,EBC-08740,,15.0,,0.0,,3.0,,3.0,,0.0,,0.0,,0.0,,0.0,,0.0,,6.0,-6.0,-3.0,-3.0,0.0,0.0,0.0,0.0,0.0,0.0
congo,OPG199,EBC-08764,,51.0,,0.0,,5.0,,5.0,,0.0,,0.0,,1.0,,0.0,,0.0,,11.0,-11.0,-5.0,-5.0,0.0,0.0,-1.0,0.0,0.0,0.0
congo,OPG199,EBC-08787,93.0,,0.0,,44.0,,142.0,,0.0,,2.0,,0.0,,13.0,,0.0,,201.0,,201.0,142.0,44.0,0.0,13.0,0.0,2.0,0.0,0.0
congo,OPG199,EBC-08908,73.0,,2.0,,114.0,,76.0,,0.0,,0.0,,0.0,,7.0,,0.0,,199.0,,199.0,76.0,114.0,0.0,7.0,0.0,0.0,2.0,0.0
congo,OPG199,EBC-08915,56.0,,0.0,,55.0,,127.0,,0.0,,1.0,,1.0,,11.0,,0.0,,195.0,,195.0,127.0,55.0,0.0,11.0,1.0,1.0,0.0,0.0
congo,OPG199,EBC-09022,,14.0,,0.0,,3.0,,10.0,,0.0,,0.0,,0.0,,0.0,,0.0,,13.0,-13.0,-10.0,-3.0,0.0,0.0,0.0,0.0,0.0,0.0
congo,OPG199,EBC-09029,54.0,,12.0,,69.0,,77.0,,0.0,,0.0,,0.0,,13.0,,0.0,,171.0,,171.0,77.0,69.0,0.0,13.0,0.0,0.0,12.0,0.0
congo,OPG199,EBC-09079,,33.0,,0.0,,2.0,,9.0,,0.0,,0.0,,0.0,,0.0,,0.0,,11.0,-11.0,-9.0,-2.0,0.0,0.0,0.0,0.0,0.0,0.0
congo,OPG199,EBC-09085,85.0,,0.0,,74.0,,83.0,,0.0,,0.0,,2.0,,21.0,,0.0,,180.0,,180.0,83.0,74.0,0.0,21.0,2.0,0.0,0.0,0.0
congo,OPG199,EBC-09202,48.0,,2.0,,106.0,,106.0,,0.0,,1.0,,0.0,,19.0,,0.0,,234.0,,234.0,106.0,106.0,0.0,19.0,0.0,1.0,2.0,0.0
congo,OPG199,EBC-11226,,36.0,,1.0,,3.0,,0.0,,0.0,,0.0,,0.0,,2.0,,0.0,,6.0,-6.0,0.0,-3.0,0.0,-2.0,0.0,0.0,-1.0,0.0
congo,OPG199,EBC-11281,16.0,,26.0,,35.0,,89.0,,0.0,,1.0,,0.0,,6.0,,0.0,,157.0,,157.0,89.0,35.0,0.0,6.0,0.0,1.0,26.0,0.0
congo,OPG199,EBC-11343,,86.0,,0.0,,5.0,,3.0,,0.0,,0.0,,0.0,,0.0,,0.0,,8.0,-8.0,-3.0,-5.0,0.0,0.0,0.0,0.0,0.0,0.0
congo,OPG199,EBC-11364,11.0,,16.0,,70.0,,77.0,,0.0,,1.0,,0.0,,35.0,,0.0,,199.0,,199.0,77.0,70.0,0.0,35.0,0.0,1.0,16.0,0.0
congo,OPG199,EBC-11367,46.0,,0.0,,102.0,,111.0,,0.0,,0.0,,0.0,,17.0,,0.0,,230.0,,230.0,111.0,102.0,0.0,17.0,0.0,0.0,0.0,0.0
congo,OPG199,EBC-11384,65.0,,6.0,,101.0,,95.0,,0.0,,1.0,,1.0,,15.0,,0.0,,219.0,,219.0,95.0,101.0,0.0,15.0,1.0,1.0,6.0,0.0
congo,OPG199,EBC-11433,19.0,,9.0,,113.0,,107.0,,0.0,,0.0,,0.0,,11.0,,0.0,,240.0,,240.0,107.0,113.0,0.0,11.0,0.0,0.0,9.0,0.0
congo,OPG199,EBC-118033,67.0,,2.0,,90.0,,86.0,,0.0,,1.0,,3.0,,13.0,,0.0,,195.0,,195.0,86.0,90.0,0.0,13.0,3.0,1.0,2.0,0.0
congo,OPG199,EBC-118037,70.0,,0.0,,97.0,,88.0,,0.0,,1.0,,0.0,,15.0,,0.0,,201.0,,201.0,88.0,97.0,0.0,15.0,0.0,1.0,0.0,0.0
congo,OPG199,EBC-12035,52.0,,0.0,,89.0,,72.0,,0.0,,1.0,,0.0,,1.0,,0.0,,163.0,,163.0,72.0,89.0,0.0,1.0,0.0,1.0,0.0,0.0
congo,OPG199,EBC-12078,82.0,,16.0,,45.0,,104.0,,0.0,,0.0,,1.0,,14.0,,0.0,,180.0,,180.0,104.0,45.0,0.0,14.0,1.0,0.0,16.0,0.0
congo,OPG199,EBC-12508,30.0,,0.0,,95.0,,143.0,,0.0,,1.0,,1.0,,13.0,,0.0,,253.0,,253.0,143.0,95.0,0.0,13.0,1.0,1.0,0.0,0.0
congo,OPG199,EBC-12821,13.0,,0.0,,138.0,,83.0,,0.0,,0.0,,0.0,,20.0,,0.0,,241.0,,241.0,83.0,138.0,0.0,20.0,0.0,0.0,0.0,0.0
congo,OPG199,EBC-12884,,34.0,,0.0,,2.0,,1.0,,0.0,,0.0,,0.0,,0.0,,0.0,,3.0,-3.0,-1.0,-2.0,0.0,0.0,0.0,0.0,0.0,0.0
congo,OPG199,EBC-13002,37.0,,14.0,,82.0,,83.0,,0.0,,0.0,,0.0,,12.0,,0.0,,191.0,,191.0,83.0,82.0,0.0,12.0,0.0,0.0,14.0,0.0
congo,OPG199,EBC-13064,47.0,,13.0,,91.0,,92.0,,0.0,,2.0,,1.0,,15.0,,0.0,,214.0,,214.0,92.0,91.0,0.0,15.0,1.0,2.0,13.0,0.0
congo,OPG199,EBC-131022,78.0,,5.0,,107.0,,97.0,,0.0,,0.0,,0.0,,8.0,,0.0,,217.0,,217.0,97.0,107.0,0.0,8.0,0.0,0.0,5.0,0.0
congo,OPG199,EBC-13154,59.0,,6.0,,65.0,,98.0,,0.0,,0.0,,1.0,,23.0,,0.0,,193.0,,193.0,98.0,65.0,0.0,23.0,1.0,0.0,6.0,0.0
congo,OPG199,EBC-13184,40.0,,6.0,,99.0,,100.0,,0.0,,0.0,,1.0,,24.0,,0.0,,230.0,,230.0,100.0,99.0,0.0,24.0,1.0,0.0,6.0,0.0
congo,OPG199,EBC-13353,60.0,,7.0,,65.0,,97.0,,0.0,,0.0,,2.0,,23.0,,0.0,,194.0,,194.0,97.0,65.0,0.0,23.0,2.0,0.0,7.0,0.0
congo,OPG199,EBC-13579,5.0,,0.0,,132.0,,99.0,,0.0,,0.0,,0.0,,11.0,,0.0,,242.0,,242.0,99.0,132.0,0.0,11.0,0.0,0.0,0.0,0.0
congo,OPG199,EBC-13607,1.0,,0.0,,95.0,,133.0,,0.0,,2.0,,0.0,,13.0,,0.0,,243.0,,243.0,133.0,95.0,0.0,13.0,0.0,2.0,0.0,0.0
congo,OPG199,EBC-13827,,69.0,,0.0,,2.0,,6.0,,0.0,,0.0,,2.0,,1.0,,0.0,,11.0,-11.0,-6.0,-2.0,0.0,-1.0,-2.0,0.0,0.0,0.0
congo,OPG199,EBC-13902,,96.0,,0.0,,9.0,,0.0,,0.0,,0.0,,0.0,,7.0,,0.0,,16.0,-16.0,0.0,-9.0,0.0,-7.0,0.0,0.0,0.0,0.0
congo,OPG199,EBC-14020,91.0,,3.0,,56.0,,113.0,,0.0,,1.0,,1.0,,9.0,,0.0,,183.0,,183.0,113.0,56.0,0.0,9.0,1.0,1.0,3.0,0.0
congo,OPG199,EBC-144099,33.0,,4.0,,95.0,,92.0,,0.0,,2.0,,0.0,,13.0,,0.0,,206.0,,206.0,92.0,95.0,0.0,13.0,0.0,2.0,4.0,0.0
congo,OPG199,EBC-14506,,17.0,,0.0,,3.0,,0.0,,1.0,,0.0,,0.0,,1.0,,0.0,,5.0,-5.0,0.0,-3.0,0.0,-1.0,0.0,0.0,0.0,-1.0
congo,OPG199,EBC-145089,87.0,,13.0,,108.0,,65.0,,0.0,,0.0,,0.0,,25.0,,0.0,,211.0,,211.0,65.0,108.0,0.0,25.0,0.0,0.0,13.0,0.0
congo,OPG199,EBC-145131,94.0,,0.0,,74.0,,86.0,,0.0,,0.0,,0.0,,9.0,,0.0,,169.0,,169.0,86.0,74.0,0.0,9.0,0.0,0.0,0.0,0.0
congo,OPG199,EBC-145174,90.0,,9.0,,54.0,,91.0,,0.0,,1.0,,0.0,,15.0,,0.0,,170.0,,170.0,91.0,54.0,0.0,15.0,0.0,1.0,9.0,0.0
congo,OPG199,EBC-145225,,10.0,,0.0,,1.0,,11.0,,0.0,,0.0,,1.0,,0.0,,0.0,,13.0,-13.0,-11.0,-1.0,0.0,0.0,-1.0,0.0,0.0,0.0
congo,OPG199,EBC-145226,31.0,,0.0,,109.0,,108.0,,0.0,,0.0,,0.0,,8.0,,0.0,,225.0,,225.0,108.0,109.0,0.0,8.0,0.0,0.0,0.0,0.0
congo,OPG199,EBC-148031,84.0,,0.0,,94.0,,150.0,,0.0,,1.0,,0.0,,15.0,,0.0,,260.0,,260.0,150.0,94.0,0.0,15.0,0.0,1.0,0.0,0.0
congo,OPG199,EBC-149094,24.0,,0.0,,66.0,,109.0,,0.0,,1.0,,0.0,,17.0,,0.0,,193.0,,193.0,109.0,66.0,0.0,17.0,0.0,1.0,0.0,0.0
congo,OPG199,EBC-155063,,92.0,,0.0,,3.0,,3.0,,0.0,,0.0,,0.0,,0.0,,0.0,,6.0,-6.0,-3.0,-3.0,0.0,0.0,0.0,0.0,0.0,0.0
congo,OPG199,EBC-157213,71.0,,9.0,,95.0,,67.0,,0.0,,1.0,,1.0,,29.0,,0.0,,202.0,,202.0,67.0,95.0,0.0,29.0,1.0,1.0,9.0,0.0
congo,OPG199,EBC-157218,,90.0,,0.0,,4.0,,7.0,,0.0,,0.0,,0.0,,0.0,,0.0,,11.0,-11.0,-7.0,-4.0,0.0,0.0,0.0,0.0,0.0,0.0
congo,OPG199,EBC-157249,68.0,,0.0,,91.0,,94.0,,0.0,,0.0,,4.0,,29.0,,0.0,,218.0,,218.0,94.0,91.0,0.0,29.0,4.0,0.0,0.0,0.0
congo,OPG199,EBC-159031,,23.0,,0.0,,3.0,,9.0,,0.0,,0.0,,0.0,,0.0,,0.0,,12.0,-12.0,-9.0,-3.0,0.0,0.0,0.0,0.0,0.0,0.0
congo,OPG199,EBC-160036,3.0,,0.0,,44.0,,112.0,,0.0,,0.0,,0.0,,8.0,,0.0,,164.0,,164.0,112.0,44.0,0.0,8.0,0.0,0.0,0.0,0.0
congo,OPG199,EBC-191032,21.0,,11.0,,84.0,,65.0,,0.0,,0.0,,0.0,,9.0,,0.0,,169.0,,169.0,65.0,84.0,0.0,9.0,0.0,0.0,11.0,0.0
congo,OPG199,EBC-216028,77.0,,0.0,,62.0,,148.0,,0.0,,1.0,,2.0,,12.0,,0.0,,225.0,,225.0,148.0,62.0,0.0,12.0,2.0,1.0,0.0,0.0
congo,OPG199,EBC-217022,6.0,,8.0,,76.0,,95.0,,0.0,,2.0,,0.0,,24.0,,0.0,,205.0,,205.0,95.0,76.0,0.0,24.0,0.0,2.0,8.0,0.0
congo,OPG199,EBC-218043,4.0,,0.0,,80.0,,118.0,,0.0,,2.0,,0.0,,19.0,,0.0,,219.0,,219.0,118.0,80.0,0.0,19.0,0.0,2.0,0.0,0.0
congo,OPG199,EBC-221084,95.0,,0.0,,106.0,,90.0,,0.0,,1.0,,0.0,,43.0,,0.0,,240.0,,240.0,90.0,106.0,0.0,43.0,0.0,1.0,0.0,0.0
congo,OPG199,EBC-230024,,1.0,,0.0,,1.0,,8.0,,0.0,,0.0,,0.0,,1.0,,0.0,,10.0,-10.0,-8.0,-1.0,0.0,-1.0,0.0,0.0,0.0,0.0
congo,OPG199,EBC-251154,14.0,,0.0,,74.0,,99.0,,0.0,,1.0,,2.0,,8.0,,0.0,,184.0,,184.0,99.0,74.0,0.0,8.0,2.0,1.0,0.0,0.0
congo,OPG199,EBC-251173,28.0,,0.0,,110.0,,144.0,,0.0,,1.0,,0.0,,15.0,,0.0,,270.0,,270.0,144.0,110.0,0.0,15.0,0.0,1.0,0.0,0.0
congo,OPG199,EBC-252093,34.0,,0.0,,77.0,,95.0,,0.0,,1.0,,0.0,,16.0,,0.0,,189.0,,189.0,95.0,77.0,0.0,16.0,0.0,1.0,0.0,0.0
congo,OPG199,EBC-252122,10.0,,9.0,,65.0,,124.0,,0.0,,1.0,,1.0,,23.0,,0.0,,223.0,,223.0,124.0,65.0,0.0,23.0,1.0,1.0,9.0,0.0
congo,OPG199,EBC-252141,22.0,,0.0,,86.0,,84.0,,0.0,,1.0,,0.0,,27.0,,0.0,,198.0,,198.0,84.0,86.0,0.0,27.0,0.0,1.0,0.0,0.0
congo,OPG199,EBC-253180,86.0,,6.0,,116.0,,83.0,,0.0,,1.0,,0.0,,13.0,,0.0,,219.0,,219.0,83.0,116.0,0.0,13.0,0.0,1.0,6.0,0.0
congo,OPG199,EBC-253291,45.0,,0.0,,79.0,,119.0,,0.0,,2.0,,1.0,,15.0,,0.0,,216.0,,216.0,119.0,79.0,0.0,15.0,1.0,2.0,0.0,0.0
congo,OPG199,EBC-26152,,88.0,,0.0,,2.0,,1.0,,0.0,,0.0,,0.0,,0.0,,0.0,,3.0,-3.0,-1.0,-2.0,0.0,0.0,0.0,0.0,0.0,0.0
congo,OPG199,EBC-26171,,100.0,,0.0,,5.0,,0.0,,0.0,,0.0,,0.0,,1.0,,0.0,,6.0,-6.0,0.0,-5.0,0.0,-1.0,0.0,0.0,0.0,0.0
congo,OPG199,EBC-26180,,82.0,,0.0,,4.0,,0.0,,0.0,,0.0,,0.0,,0.0,,0.0,,4.0,-4.0,0.0,-4.0,0.0,0.0,0.0,0.0,0.0,0.0
congo,OPG199,EBC-27265,9.0,,6.0,,40.0,,113.0,,0.0,,0.0,,0.0,,2.0,,0.0,,161.0,,161.0,113.0,40.0,0.0,2.0,0.0,0.0,6.0,0.0
congo,OPG199,EBC-27288,,70.0,,0.0,,1.0,,6.0,,0.0,,0.0,,2.0,,1.0,,0.0,,10.0,-10.0,-6.0,-1.0,0.0,-1.0,-2.0,0.0,0.0,0.0
congo,OPG199,EBC-27345,12.0,,16.0,,59.0,,87.0,,0.0,,0.0,,0.0,,7.0,,0.0,,169.0,,169.0,87.0,59.0,0.0,7.0,0.0,0.0,16.0,0.0
congo,OPG199,EBC-27372,98.0,,0.0,,143.0,,108.0,,0.0,,3.0,,0.0,,11.0,,0.0,,265.0,,265.0,108.0,143.0,0.0,11.0,0.0,3.0,0.0,0.0
congo,OPG199,EBC-27428,8.0,,0.0,,112.0,,104.0,,0.0,,0.0,,3.0,,33.0,,0.0,,252.0,,252.0,104.0,112.0,0.0,33.0,3.0,0.0,0.0,0.0
congo,OPG199,EBC-28055,,85.0,,0.0,,3.0,,0.0,,2.0,,0.0,,0.0,,0.0,,0.0,,5.0,-5.0,0.0,-3.0,0.0,0.0,0.0,0.0,0.0,-2.0
congo,OPG199,EBC-28059,,54.0,,0.0,,6.0,,9.0,,0.0,,0.0,,1.0,,0.0,,0.0,,16.0,-16.0,-9.0,-6.0,0.0,0.0,-1.0,0.0,0.0,0.0
congo,OPG199,EBC-287064,53.0,,0.0,,50.0,,130.0,,0.0,,1.0,,0.0,,11.0,,0.0,,192.0,,192.0,130.0,50.0,0.0,11.0,0.0,1.0,0.0,0.0
congo,OPG199,EBC-287104,51.0,,0.0,,43.0,,133.0,,0.0,,0.0,,1.0,,9.0,,0.0,,186.0,,186.0,133.0,43.0,0.0,9.0,1.0,0.0,0.0,0.0
congo,OPG199,EBC-288044,50.0,,0.0,,54.0,,153.0,,0.0,,0.0,,0.0,,12.0,,0.0,,219.0,,219.0,153.0,54.0,0.0,12.0,0.0,0.0,0.0,0.0
congo,OPG199,EBC-288045,41.0,,5.0,,47.0,,139.0,,0.0,,1.0,,0.0,,9.0,,0.0,,201.0,,201.0,139.0,47.0,0.0,9.0,0.0,1.0,5.0,0.0
congo,OPG199,EBC-288046,55.0,,2.0,,63.0,,134.0,,0.0,,0.0,,1.0,,5.0,,0.0,,205.0,,205.0,134.0,63.0,0.0,5.0,1.0,0.0,2.0,0.0
congo,OPG199,EBC-289057,58.0,,0.0,,37.0,,156.0,,0.0,,0.0,,0.0,,11.0,,0.0,,204.0,,204.0,156.0,37.0,0.0,11.0,0.0,0.0,0.0,0.0
congo,OPG199,EBC-289112,20.0,,0.0,,55.0,,143.0,,0.0,,1.0,,1.0,,22.0,,0.0,,222.0,,222.0,143.0,55.0,0.0,22.0,1.0,1.0,0.0,0.0
congo,OPG199,EBC-290041,7.0,,1.0,,154.0,,121.0,,0.0,,1.0,,0.0,,16.0,,0.0,,293.0,,293.0,121.0,154.0,0.0,16.0,0.0,1.0,1.0,0.0
congo,OPG199,EBC-291056,36.0,,0.0,,55.0,,122.0,,0.0,,0.0,,0.0,,19.0,,0.0,,196.0,,196.0,122.0,55.0,0.0,19.0,0.0,0.0,0.0,0.0
congo,OPG199,EBC-291059,83.0,,0.0,,60.0,,121.0,,0.0,,2.0,,1.0,,17.0,,0.0,,201.0,,201.0,121.0,60.0,0.0,17.0,1.0,2.0,0.0,0.0
congo,OPG199,EBC-291106,89.0,,0.0,,73.0,,90.0,,0.0,,1.0,,1.0,,9.0,,0.0,,174.0,,174.0,90.0,73.0,0.0,9.0,1.0,1.0,0.0,0.0
congo,OPG199,EBC-291159,79.0,,0.0,,48.0,,150.0,,0.0,,0.0,,0.0,,11.0,,0.0,,209.0,,209.0,150.0,48.0,0.0,11.0,0.0,0.0,0.0,0.0
congo,OPG199,EBC-291167,66.0,,10.0,,124.0,,71.0,,0.0,,0.0,,0.0,,30.0,,0.0,,235.0,,235.0,71.0,124.0,0.0,30.0,0.0,0.0,10.0,0.0
congo,OPG199,EBC-292060,27.0,,5.0,,35.0,,115.0,,0.0,,0.0,,0.0,,18.0,,0.0,,173.0,,173.0,115.0,35.0,0.0,18.0,0.0,0.0,5.0,0.0
congo,OPG199,EBC-30021,,97.0,,0.0,,7.0,,1.0,,0.0,,0.0,,0.0,,0.0,,0.0,,8.0,-8.0,-1.0,-7.0,0.0,0.0,0.0,0.0,0.0,0.0
congo,OPG199,EBC-303249,,35.0,,1.0,,3.0,,8.0,,0.0,,0.0,,0.0,,0.0,,0.0,,12.0,-12.0,-8.0,-3.0,0.0,0.0,0.0,0.0,-1.0,0.0
congo,OPG199,EBC-306048,39.0,,8.0,,112.0,,62.0,,0.0,,0.0,,0.0,,17.0,,0.0,,199.0,,199.0,62.0,112.0,0.0,17.0,0.0,0.0,8.0,0.0
congo,OPG199,EBC-365075,,19.0,,0.0,,3.0,,1.0,,0.0,,0.0,,0.0,,0.0,,0.0,,4.0,-4.0,-1.0,-3.0,0.0,0.0,0.0,0.0,0.0,0.0
congo,OPG199,EBC-44165,64.0,,0.0,,78.0,,48.0,,0.0,,0.0,,1.0,,23.0,,0.0,,150.0,,150.0,48.0,78.0,0.0,23.0,1.0,0.0,0.0,0.0
congo,OPG199,EBC-44365,96.0,,3.0,,60.0,,95.0,,0.0,,1.0,,1.0,,41.0,,0.0,,201.0,,201.0,95.0,60.0,0.0,41.0,1.0,1.0,3.0,0.0
congo,OPG199,EBC-44449,75.0,,14.0,,68.0,,84.0,,0.0,,0.0,,1.0,,6.0,,0.0,,173.0,,173.0,84.0,68.0,0.0,6.0,1.0,0.0,14.0,0.0
congo,OPG199,EBC-46024,63.0,,9.0,,108.0,,106.0,,0.0,,2.0,,1.0,,23.0,,0.0,,249.0,,249.0,106.0,108.0,0.0,23.0,1.0,2.0,9.0,0.0
congo,OPG199,EBC-46057,29.0,,0.0,,85.0,,134.0,,0.0,,1.0,,1.0,,13.0,,0.0,,234.0,,234.0,134.0,85.0,0.0,13.0,1.0,1.0,0.0,0.0
congo,OPG199,EBC-46200,99.0,,7.0,,97.0,,102.0,,0.0,,1.0,,0.0,,37.0,,0.0,,244.0,,244.0,102.0,97.0,0.0,37.0,0.0,1.0,7.0,0.0
congo,OPG199,EBC-46286,43.0,,0.0,,139.0,,103.0,,0.0,,0.0,,0.0,,17.0,,0.0,,259.0,,259.0,103.0,139.0,0.0,17.0,0.0,0.0,0.0,0.0
congo,OPG199,EBC-46294,17.0,,3.0,,191.0,,96.0,,0.0,,2.0,,0.0,,33.0,,0.0,,325.0,,325.0,96.0,191.0,0.0,33.0,0.0,2.0,3.0,0.0
congo,OPG199,EBC-47073,76.0,,19.0,,101.0,,85.0,,0.0,,0.0,,0.0,,26.0,,0.0,,231.0,,231.0,85.0,101.0,0.0,26.0,0.0,0.0,19.0,0.0
congo,OPG199,EBC-47094,72.0,,1.0,,42.0,,94.0,,0.0,,0.0,,0.0,,10.0,,0.0,,147.0,,147.0,94.0,42.0,0.0,10.0,0.0,0.0,1.0,0.0
congo,OPG199,EBC-47119,35.0,,0.0,,138.0,,77.0,,0.0,,3.0,,1.0,,27.0,,0.0,,246.0,,246.0,77.0,138.0,0.0,27.0,1.0,3.0,0.0,0.0
congo,OPG199,EBC-47179,,27.0,,0.0,,3.0,,1.0,,0.0,,0.0,,0.0,,0.0,,0.0,,4.0,-4.0,-1.0,-3.0,0.0,0.0,0.0,0.0,0.0,0.0
congo,OPG199,EBC-47187,,98.0,,0.0,,5.0,,0.0,,0.0,,0.0,,0.0,,2.0,,0.0,,7.0,-7.0,0.0,-5.0,0.0,-2.0,0.0,0.0,0.0,0.0
congo,OPG199,EBC-47323,,81.0,,0.0,,2.0,,2.0,,0.0,,0.0,,0.0,,0.0,,0.0,,4.0,-4.0,-2.0,-2.0,0.0,0.0,0.0,0.0,0.0,0.0
congo,OPG199,EBC-48186,25.0,,11.0,,73.0,,85.0,,0.0,,0.0,,0.0,,7.0,,0.0,,176.0,,176.0,85.0,73.0,0.0,7.0,0.0,0.0,11.0,0.0
congo,OPG199,EBC-50088,44.0,,0.0,,54.0,,89.0,,0.0,,2.0,,0.0,,12.0,,0.0,,157.0,,157.0,89.0,54.0,0.0,12.0,0.0,2.0,0.0,0.0
congo,OPG199,EBC-54045,38.0,,1.0,,118.0,,69.0,,0.0,,2.0,,0.0,,26.0,,0.0,,216.0,,216.0,69.0,118.0,0.0,26.0,0.0,2.0,1.0,0.0
congo,OPG199,EBC-54213,32.0,,0.0,,173.0,,71.0,,0.0,,0.0,,0.0,,34.0,,0.0,,278.0,,278.0,71.0,173.0,0.0,34.0,0.0,0.0,0.0,0.0
congo,OPG199,EBC-63078,,59.0,,1.0,,3.0,,7.0,,0.0,,0.0,,0.0,,0.0,,0.0,,11.0,-11.0,-7.0,-3.0,0.0,0.0,0.0,0.0,-1.0,0.0
congo,OPG199,EBC-63089,2.0,,2.0,,138.0,,91.0,,0.0,,2.0,,2.0,,22.0,,0.0,,257.0,,257.0,91.0,138.0,0.0,22.0,2.0,2.0,2.0,0.0
congo,OPG199,EBC-66070,,99.0,,0.0,,4.0,,2.0,,0.0,,0.0,,0.0,,1.0,,0.0,,7.0,-7.0,-2.0,-4.0,0.0,-1.0,0.0,0.0,0.0,0.0
congo,OPG199,EBC-83041,,87.0,,0.0,,4.0,,0.0,,0.0,,1.0,,0.0,,0.0,,0.0,,5.0,-5.0,0.0,-4.0,0.0,0.0,0.0,-1.0,0.0,0.0
congo,OPG199,EBC-84050,42.0,,1.0,,90.0,,95.0,,0.0,,0.0,,0.0,,28.0,,0.0,,214.0,,214.0,95.0,90.0,0.0,28.0,0.0,0.0,1.0,0.0
portugal,OPG027,EBC-00606,,35.0,,0.0,,2.0,,4.0,,0.0,,0.0,,0.0,,0.0,,0.0,,6.0,-6.0,-4.0,-2.0,0.0,0.0,0.0,0.0,0.0,0.0
portugal,OPG027,EBC-00645,78.0,,11.0,,52.0,,78.0,,0.0,,6.0,,5.0,,7.0,,0.0,,159.0,,159.0,78.0,52.0,0.0,7.0,5.0,6.0,11.0,0.0
portugal,OPG027,EBC-00662,,12.0,,0.0,,2.0,,3.0,,0.0,,0.0,,0.0,,0.0,,0.0,,5.0,-5.0,-3.0,-2.0,0.0,0.0,0.0,0.0,0.0,0.0
portugal,OPG027,EBC-00711,13.0,,0.0,,13.0,,147.0,,0.0,,0.0,,1.0,,8.0,,0.0,,169.0,,169.0,147.0,13.0,0.0,8.0,1.0,0.0,0.0,0.0
portugal,OPG027,EBC-00713,,76.0,,0.0,,2.0,,3.0,,0.0,,0.0,,0.0,,0.0,,0.0,,5.0,-5.0,-3.0,-2.0,0.0,0.0,0.0,0.0,0.0,0.0
portugal,OPG027,EBC-03043,,56.0,,0.0,,2.0,,0.0,,0.0,,1.0,,0.0,,0.0,,0.0,,3.0,-3.0,0.0,-2.0,0.0,0.0,0.0,-1.0,0.0,0.0
portugal,OPG027,EBC-03068,,8.0,,0.0,,1.0,,4.0,,0.0,,0.0,,0.0,,0.0,,0.0,,5.0,-5.0,-4.0,-1.0,0.0,0.0,0.0,0.0,0.0,0.0
portugal,OPG027,EBC-03069,,68.0,,0.0,,1.0,,3.0,,0.0,,0.0,,0.0,,0.0,,0.0,,4.0,-4.0,-3.0,-1.0,0.0,0.0,0.0,0.0,0.0,0.0
portugal,OPG027,EBC-03080,,1.0,,0.0,,0.0,,3.0,,0.0,,0.0,,0.0,,0.0,,0.0,,3.0,-3.0,-3.0,0.0,0.0,0.0,0.0,0.0,0.0,0.0
portugal,OPG027,EBC-03107,,18.0,,0.0,,1.0,,3.0,,0.0,,0.0,,0.0,,0.0,,0.0,,4.0,-4.0,-3.0,-1.0,0.0,0.0,0.0,0.0,0.0,0.0
portugal,OPG027,EBC-03137,,40.0,,0.0,,1.0,,3.0,,0.0,,0.0,,0.0,,0.0,,0.0,,4.0,-4.0,-3.0,-1.0,0.0,0.0,0.0,0.0,0.0,0.0
portugal,OPG027,EBC-03141,,54.0,,0.0,,1.0,,3.0,,0.0,,0.0,,0.0,,0.0,,0.0,,4.0,-4.0,-3.0,-1.0,0.0,0.0,0.0,0.0,0.0,0.0
portugal,OPG027,EBC-03144,,4.0,,0.0,,4.0,,3.0,,0.0,,0.0,,0.0,,0.0,,0.0,,7.0,-7.0,-3.0,-4.0,0.0,0.0,0.0,0.0,0.0,0.0
portugal,OPG027,EBC-03154,,39.0,,0.0,,3.0,,3.0,,0.0,,0.0,,0.0,,0.0,,0.0,,6.0,-6.0,-3.0,-3.0,0.0,0.0,0.0,0.0,0.0,0.0
portugal,OPG027,EBC-03162,,97.0,,0.0,,3.0,,0.0,,0.0,,0.0,,0.0,,0.0,,0.0,,3.0,-3.0,0.0,-3.0,0.0,0.0,0.0,0.0,0.0,0.0
portugal,OPG027,EBC-03163,,3.0,,0.0,,2.0,,2.0,,0.0,,0.0,,0.0,,0.0,,0.0,,4.0,-4.0,-2.0,-2.0,0.0,0.0,0.0,0.0,0.0,0.0
portugal,OPG027,EBC-03164,,14.0,,0.0,,0.0,,4.0,,0.0,,0.0,,0.0,,0.0,,0.0,,4.0,-4.0,-4.0,0.0,0.0,0.0,0.0,0.0,0.0,0.0
portugal,OPG027,EBC-03209,,5.0,,0.0,,1.0,,2.0,,0.0,,0.0,,0.0,,0.0,,0.0,,3.0,-3.0,-2.0,-1.0,0.0,0.0,0.0,0.0,0.0,0.0
portugal,OPG027,EBC-03215,,31.0,,0.0,,1.0,,2.0,,0.0,,0.0,,0.0,,0.0,,0.0,,3.0,-3.0,-2.0,-1.0,0.0,0.0,0.0,0.0,0.0,0.0
portugal,OPG027,EBC-03229,,13.0,,0.0,,3.0,,1.0,,0.0,,0.0,,0.0,,0.0,,0.0,,4.0,-4.0,-1.0,-3.0,0.0,0.0,0.0,0.0,0.0,0.0
portugal,OPG027,EBC-03244,,27.0,,0.0,,1.0,,2.0,,0.0,,0.0,,0.0,,0.0,,0.0,,3.0,-3.0,-2.0,-1.0,0.0,0.0,0.0,0.0,0.0,0.0
portugal,OPG027,EBC-03367,,19.0,,0.0,,3.0,,1.0,,0.0,,0.0,,0.0,,0.0,,0.0,,4.0,-4.0,-1.0,-3.0,0.0,0.0,0.0,0.0,0.0,0.0
portugal,OPG027,EBC-03375,,43.0,,0.0,,1.0,,4.0,,0.0,,0.0,,0.0,,0.0,,0.0,,5.0,-5.0,-4.0,-1.0,0.0,0.0,0.0,0.0,0.0,0.0
portugal,OPG027,EBC-03462,,91.0,,0.0,,1.0,,4.0,,0.0,,0.0,,0.0,,0.0,,0.0,,5.0,-5.0,-4.0,-1.0,0.0,0.0,0.0,0.0,0.0,0.0
portugal,OPG027,EBC-03497,,86.0,,0.0,,1.0,,3.0,,0.0,,0.0,,0.0,,0.0,,0.0,,4.0,-4.0,-3.0,-1.0,0.0,0.0,0.0,0.0,0.0,0.0
portugal,OPG027,EBC-03563,,44.0,,0.0,,2.0,,0.0,,0.0,,0.0,,0.0,,0.0,,0.0,,2.0,-2.0,0.0,-2.0,0.0,0.0,0.0,0.0,0.0,0.0
portugal,OPG027,EBC-03569,,99.0,,0.0,,1.0,,2.0,,0.0,,0.0,,0.0,,0.0,,0.0,,3.0,-3.0,-2.0,-1.0,0.0,0.0,0.0,0.0,0.0,0.0
portugal,OPG027,EBC-03796,46.0,,0.0,,27.0,,80.0,,0.0,,0.0,,2.0,,0.0,,0.0,,109.0,,109.0,80.0,27.0,0.0,0.0,2.0,0.0,0.0,0.0
portugal,OPG027,EBC-03798,,55.0,,0.0,,2.0,,3.0,,0.0,,0.0,,0.0,,0.0,,0.0,,5.0,-5.0,-3.0,-2.0,0.0,0.0,0.0,0.0,0.0,0.0
portugal,OPG027,EBC-03838,6.0,,0.0,,10.0,,63.0,,0.0,,2.0,,3.0,,0.0,,0.0,,78.0,,78.0,63.0,10.0,0.0,0.0,3.0,2.0,0.0,0.0
portugal,OPG027,EBC-03839,14.0,,0.0,,57.0,,74.0,,0.0,,0.0,,1.0,,1.0,,0.0,,133.0,,133.0,74.0,57.0,0.0,1.0,1.0,0.0,0.0,0.0
portugal,OPG027,EBC-03852,63.0,,0.0,,29.0,,101.0,,0.0,,0.0,,2.0,,0.0,,0.0,,132.0,,132.0,101.0,29.0,0.0,0.0,2.0,0.0,0.0,0.0
portugal,OPG027,EBC-03865,8.0,,0.0,,19.0,,110.0,,0.0,,0.0,,0.0,,0.0,,0.0,,129.0,,129.0,110.0,19.0,0.0,0.0,0.0,0.0,0.0,0.0
portugal,OPG027,EBC-03900,40.0,,0.0,,10.0,,97.0,,0.0,,0.0,,0.0,,0.0,,0.0,,107.0,,107.0,97.0,10.0,0.0,0.0,0.0,0.0,0.0,0.0
portugal,OPG027,EBC-03968,,84.0,,1.0,,0.0,,3.0,,0.0,,0.0,,0.0,,0.0,,0.0,,4.0,-4.0,-3.0,0.0,0.0,0.0,0.0,0.0,-1.0,0.0
portugal,OPG027,EBC-03989,,20.0,,0.0,,3.0,,4.0,,0.0,,0.0,,0.0,,1.0,,0.0,,8.0,-8.0,-4.0,-3.0,0.0,-1.0,0.0,0.0,0.0,0.0
portugal,OPG027,EBC-04039,,73.0,,0.0,,3.0,,4.0,,0.0,,0.0,,0.0,,0.0,,0.0,,7.0,-7.0,-4.0,-3.0,0.0,0.0,0.0,0.0,0.0,0.0
portugal,OPG027,EBC-04048,,88.0,,0.0,,2.0,,2.0,,0.0,,0.0,,0.0,,0.0,,0.0,,4.0,-4.0,-2.0,-2.0,0.0,0.0,0.0,0.0,0.0,0.0
portugal,OPG027,EBC-04055,,77.0,,0.0,,2.0,,2.0,,0.0,,0.0,,0.0,,0.0,,0.0,,4.0,-4.0,-2.0,-2.0,0.0,0.0,0.0,0.0,0.0,0.0
portugal,OPG027,EBC-04100,,16.0,,0.0,,1.0,,4.0,,0.0,,0.0,,0.0,,0.0,,0.0,,5.0,-5.0,-4.0,-1.0,0.0,0.0,0.0,0.0,0.0,0.0
portugal,OPG027,EBC-04193,,80.0,,0.0,,2.0,,5.0,,0.0,,0.0,,0.0,,2.0,,0.0,,9.0,-9.0,-5.0,-2.0,0.0,-2.0,0.0,0.0,0.0,0.0
portugal,OPG027,EBC-04211,31.0,,0.0,,16.0,,99.0,,0.0,,0.0,,0.0,,1.0,,0.0,,116.0,,116.0,99.0,16.0,0.0,1.0,0.0,0.0,0.0,0.0
portugal,OPG027,EBC-04216,94.0,,0.0,,76.0,,77.0,,0.0,,0.0,,2.0,,7.0,,0.0,,162.0,,162.0,77.0,76.0,0.0,7.0,2.0,0.0,0.0,0.0
portugal,OPG027,EBC-04217,95.0,,0.0,,54.0,,97.0,,0.0,,0.0,,4.0,,10.0,,0.0,,165.0,,165.0,97.0,54.0,0.0,10.0,4.0,0.0,0.0,0.0
portugal,OPG027,EBC-04248,27.0,,0.0,,70.0,,160.0,,0.0,,0.0,,0.0,,4.0,,0.0,,234.0,,234.0,160.0,70.0,0.0,4.0,0.0,0.0,0.0,0.0
portugal,OPG027,EBC-04299,,58.0,,0.0,,2.0,,3.0,,0.0,,0.0,,0.0,,0.0,,0.0,,5.0,-5.0,-3.0,-2.0,0.0,0.0,0.0,0.0,0.0,0.0
portugal,OPG027,EBC-04419,62.0,,0.0,,29.0,,131.0,,0.0,,0.0,,0.0,,1.0,,0.0,,161.0,,161.0,131.0,29.0,0.0,1.0,0.0,0.0,0.0,0.0
portugal,OPG027,EBC-06026,,89.0,,0.0,,0.0,,3.0,,0.0,,0.0,,0.0,,0.0,,0.0,,3.0,-3.0,-3.0,0.0,0.0,0.0,0.0,0.0,0.0,0.0
portugal,OPG027,EBC-06062,76.0,,0.0,,61.0,,171.0,,0.0,,0.0,,1.0,,12.0,,0.0,,245.0,,245.0,171.0,61.0,0.0,12.0,1.0,0.0,0.0,0.0
portugal,OPG027,EBC-06093,68.0,,0.0,,34.0,,103.0,,0.0,,0.0,,1.0,,0.0,,0.0,,138.0,,138.0,103.0,34.0,0.0,0.0,1.0,0.0,0.0,0.0
portugal,OPG027,EBC-06111,7.0,,0.0,,25.0,,93.0,,0.0,,0.0,,0.0,,0.0,,0.0,,118.0,,118.0,93.0,25.0,0.0,0.0,0.0,0.0,0.0,0.0
portugal,OPG027,EBC-06154,,26.0,,0.0,,2.0,,1.0,,0.0,,0.0,,0.0,,0.0,,0.0,,3.0,-3.0,-1.0,-2.0,0.0,0.0,0.0,0.0,0.0,0.0
portugal,OPG027,EBC-06163,,23.0,,0.0,,2.0,,1.0,,0.0,,0.0,,0.0,,0.0,,0.0,,3.0,-3.0,-1.0,-2.0,0.0,0.0,0.0,0.0,0.0,0.0
portugal,OPG027,EBC-06214,,92.0,,0.0,,2.0,,5.0,,0.0,,0.0,,0.0,,0.0,,0.0,,7.0,-7.0,-5.0,-2.0,0.0,0.0,0.0,0.0,0.0,0.0
portugal,OPG027,EBC-06248,,51.0,,0.0,,2.0,,4.0,,0.0,,0.0,,0.0,,0.0,,0.0,,6.0,-6.0,-4.0,-2.0,0.0,0.0,0.0,0.0,0.0,0.0
portugal,OPG027,EBC-06295,,50.0,,0.0,,1.0,,3.0,,0.0,,0.0,,0.0,,0.0,,0.0,,4.0,-4.0,-3.0,-1.0,0.0,0.0,0.0,0.0,0.0,0.0
portugal,OPG027,EBC-06296,,95.0,,0.0,,1.0,,2.0,,0.0,,0.0,,0.0,,0.0,,0.0,,3.0,-3.0,-2.0,-1.0,0.0,0.0,0.0,0.0,0.0,0.0
portugal,OPG027,EBC-06459,,96.0,,0.0,,1.0,,3.0,,0.0,,0.0,,0.0,,0.0,,0.0,,4.0,-4.0,-3.0,-1.0,0.0,0.0,0.0,0.0,0.0,0.0
portugal,OPG027,EBC-06620,,67.0,,0.0,,4.0,,2.0,,0.0,,0.0,,4.0,,0.0,,0.0,,10.0,-10.0,-2.0,-4.0,0.0,0.0,-4.0,0.0,0.0,0.0
portugal,OPG027,EBC-06648,,7.0,,0.0,,3.0,,0.0,,0.0,,0.0,,2.0,,0.0,,0.0,,5.0,-5.0,0.0,-3.0,0.0,0.0,-2.0,0.0,0.0,0.0
portugal,OPG027,EBC-06700,37.0,,6.0,,21.0,,99.0,,0.0,,1.0,,3.0,,0.0,,0.0,,130.0,,130.0,99.0,21.0,0.0,0.0,3.0,1.0,6.0,0.0
portugal,OPG027,EBC-06720,,98.0,,0.0,,2.0,,1.0,,0.0,,0.0,,0.0,,0.0,,0.0,,3.0,-3.0,-1.0,-2.0,0.0,0.0,0.0,0.0,0.0,0.0
portugal,OPG027,EBC-06755,,61.0,,0.0,,2.0,,5.0,,0.0,,1.0,,0.0,,0.0,,0.0,,8.0,-8.0,-5.0,-2.0,0.0,0.0,0.0,-1.0,0.0,0.0
portugal,OPG027,EBC-06762,,2.0,,0.0,,3.0,,4.0,,0.0,,0.0,,0.0,,0.0,,0.0,,7.0,-7.0,-4.0,-3.0,0.0,0.0,0.0,0.0,0.0,0.0
portugal,OPG027,EBC-06875,44.0,,0.0,,64.0,,49.0,,0.0,,1.0,,1.0,,0.0,,0.0,,115.0,,115.0,49.0,64.0,0.0,0.0,1.0,1.0,0.0,0.0
portugal,OPG027,EBC-06903,97.0,,0.0,,67.0,,144.0,,0.0,,3.0,,2.0,,8.0,,0.0,,224.0,,224.0,144.0,67.0,0.0,8.0,2.0,3.0,0.0,0.0
portugal,OPG027,EBC-07080,89.0,,0.0,,98.0,,92.0,,0.0,,0.0,,1.0,,14.0,,0.0,,205.0,,205.0,92.0,98.0,0.0,14.0,1.0,0.0,0.0,0.0
portugal,OPG027,EBC-07087,58.0,,0.0,,98.0,,99.0,,0.0,,0.0,,3.0,,5.0,,0.0,,205.0,,205.0,99.0,98.0,0.0,5.0,3.0,0.0,0.0,0.0
portugal,OPG027,EBC-07144,,21.0,,0.0,,2.0,,2.0,,0.0,,0.0,,0.0,,0.0,,0.0,,4.0,-4.0,-2.0,-2.0,0.0,0.0,0.0,0.0,0.0,0.0
portugal,OPG027,EBC-07205,,60.0,,0.0,,1.0,,5.0,,0.0,,0.0,,0.0,,0.0,,0.0,,6.0,-6.0,-5.0,-1.0,0.0,0.0,0.0,0.0,0.0,0.0
portugal,OPG027,EBC-07301,26.0,,0.0,,17.0,,158.0,,0.0,,3.0,,0.0,,2.0,,0.0,,180.0,,180.0,158.0,17.0,0.0,2.0,0.0,3.0,0.0,0.0
portugal,OPG027,EBC-07305,52.0,,0.0,,43.0,,112.0,,0.0,,0.0,,0.0,,0.0,,0.0,,155.0,,155.0,112.0,43.0,0.0,0.0,0.0,0.0,0.0,0.0
portugal,OPG027,EBC-07421,39.0,,5.0,,43.0,,108.0,,0.0,,1.0,,3.0,,8.0,,0.0,,168.0,,168.0,108.0,43.0,0.0,8.0,3.0,1.0,5.0,0.0
portugal,OPG027,EBC-07462,42.0,,0.0,,60.0,,121.0,,0.0,,2.0,,3.0,,11.0,,0.0,,197.0,,197.0,121.0,60.0,0.0,11.0,3.0,2.0,0.0,0.0
portugal,OPG027,EBC-07543,,22.0,,0.0,,2.0,,2.0,,0.0,,0.0,,0.0,,0.0,,0.0,,4.0,-4.0,-2.0,-2.0,0.0,0.0,0.0,0.0,0.0,0.0
portugal,OPG027,EBC-07602,82.0,,0.0,,65.0,,104.0,,0.0,,2.0,,4.0,,6.0,,0.0,,181.0,,181.0,104.0,65.0,0.0,6.0,4.0,2.0,0.0,0.0
portugal,OPG027,EBC-07666,,63.0,,0.0,,3.0,,5.0,,0.0,,0.0,,2.0,,0.0,,0.0,,10.0,-10.0,-5.0,-3.0,0.0,0.0,-2.0,0.0,0.0,0.0
portugal,OPG027,EBC-07667,,32.0,,0.0,,3.0,,3.0,,0.0,,0.0,,2.0,,0.0,,0.0,,8.0,-8.0,-3.0,-3.0,0.0,0.0,-2.0,0.0,0.0,0.0
portugal,OPG027,EBC-07670,18.0,,0.0,,59.0,,134.0,,0.0,,0.0,,1.0,,7.0,,0.0,,201.0,,201.0,134.0,59.0,0.0,7.0,1.0,0.0,0.0,0.0
portugal,OPG027,EBC-07672,,30.0,,0.0,,3.0,,3.0,,0.0,,0.0,,2.0,,0.0,,0.0,,8.0,-8.0,-3.0,-3.0,0.0,0.0,-2.0,0.0,0.0,0.0
portugal,OPG027,EBC-07683,55.0,,0.0,,43.0,,159.0,,0.0,,1.0,,1.0,,9.0,,0.0,,213.0,,213.0,159.0,43.0,0.0,9.0,1.0,1.0,0.0,0.0
portugal,OPG027,EBC-07707,,38.0,,0.0,,2.0,,5.0,,0.0,,0.0,,0.0,,0.0,,0.0,,7.0,-7.0,-5.0,-2.0,0.0,0.0,0.0,0.0,0.0,0.0
portugal,OPG027,EBC-07973,64.0,,11.0,,73.0,,102.0,,0.0,,1.0,,2.0,,10.0,,0.0,,199.0,,199.0,102.0,73.0,0.0,10.0,2.0,1.0,11.0,0.0
portugal,OPG027,EBC-08125,,82.0,,0.0,,1.0,,3.0,,0.0,,0.0,,0.0,,0.0,,0.0,,4.0,-4.0,-3.0,-1.0,0.0,0.0,0.0,0.0,0.0,0.0
portugal,OPG027,EBC-08254,,37.0,,0.0,,2.0,,3.0,,0.0,,0.0,,0.0,,0.0,,0.0,,5.0,-5.0,-3.0,-2.0,0.0,0.0,0.0,0.0,0.0,0.0
portugal,OPG027,EBC-08302,,15.0,,0.0,,2.0,,3.0,,0.0,,0.0,,0.0,,0.0,,0.0,,5.0,-5.0,-3.0,-2.0,0.0,0.0,0.0,0.0,0.0,0.0
portugal,OPG027,EBC-08371,,94.0,,1.0,,3.0,,3.0,,0.0,,0.0,,0.0,,0.0,,0.0,,7.0,-7.0,-3.0,-3.0,0.0,0.0,0.0,0.0,-1.0,0.0
portugal,OPG027,EBC-08457,,36.0,,0.0,,3.0,,2.0,,0.0,,0.0,,1.0,,0.0,,0.0,,6.0,-6.0,-2.0,-3.0,0.0,0.0,-1.0,0.0,0.0,0.0
portugal,OPG027,EBC-08480,25.0,,0.0,,63.0,,112.0,,0.0,,0.0,,1.0,,8.0,,0.0,,184.0,,184.0,112.0,63.0,0.0,8.0,1.0,0.0,0.0,0.0
portugal,OPG027,EBC-08537,34.0,,0.0,,70.0,,109.0,,0.0,,3.0,,0.0,,13.0,,0.0,,195.0,,195.0,109.0,70.0,0.0,13.0,0.0,3.0,0.0,0.0
portugal,OPG027,EBC-08651,,48.0,,0.0,,5.0,,3.0,,0.0,,0.0,,0.0,,0.0,,0.0,,8.0,-8.0,-3.0,-5.0,0.0,0.0,0.0,0.0,0.0,0.0
portugal,OPG027,EBC-08667,,72.0,,0.0,,3.0,,3.0,,0.0,,0.0,,2.0,,0.0,,0.0,,8.0,-8.0,-3.0,-3.0,0.0,0.0,-2.0,0.0,0.0,0.0
portugal,OPG027,EBC-08671,72.0,,0.0,,70.0,,116.0,,0.0,,0.0,,3.0,,10.0,,0.0,,199.0,,199.0,116.0,70.0,0.0,10.0,3.0,0.0,0.0,0.0
portugal,OPG027,EBC-08713,96.0,,0.0,,54.0,,123.0,,0.0,,1.0,,10.0,,12.0,,0.0,,200.0,,200.0,123.0,54.0,0.0,12.0,10.0,1.0,0.0,0.0
portugal,OPG027,EBC-08787,56.0,,0.0,,42.0,,150.0,,0.0,,1.0,,1.0,,5.0,,0.0,,199.0,,199.0,150.0,42.0,0.0,5.0,1.0,1.0,0.0,0.0
portugal,OPG027,EBC-08788,54.0,,0.0,,59.0,,123.0,,0.0,,0.0,,3.0,,7.0,,0.0,,192.0,,192.0,123.0,59.0,0.0,7.0,3.0,0.0,0.0,0.0
portugal,OPG027,EBC-08871,,87.0,,0.0,,4.0,,2.0,,0.0,,0.0,,2.0,,0.0,,0.0,,8.0,-8.0,-2.0,-4.0,0.0,0.0,-2.0,0.0,0.0,0.0
portugal,OPG027,EBC-08908,10.0,,2.0,,91.0,,90.0,,0.0,,0.0,,0.0,,6.0,,0.0,,189.0,,189.0,90.0,91.0,0.0,6.0,0.0,0.0,2.0,0.0
portugal,OPG027,EBC-08915,19.0,,0.0,,39.0,,151.0,,0.0,,0.0,,3.0,,11.0,,0.0,,204.0,,204.0,151.0,39.0,0.0,11.0,3.0,0.0,0.0,0.0
portugal,OPG027,EBC-09015,,47.0,,0.0,,2.0,,1.0,,0.0,,0.0,,0.0,,0.0,,0.0,,3.0,-3.0,-1.0,-2.0,0.0,0.0,0.0,0.0,0.0,0.0
portugal,OPG027,EBC-09145,61.0,,0.0,,54.0,,132.0,,0.0,,0.0,,2.0,,4.0,,0.0,,192.0,,192.0,132.0,54.0,0.0,4.0,2.0,0.0,0.0,0.0
portugal,OPG027,EBC-09172,90.0,,4.0,,40.0,,99.0,,0.0,,4.0,,3.0,,3.0,,0.0,,153.0,,153.0,99.0,40.0,0.0,3.0,3.0,4.0,4.0,0.0
portugal,OPG027,EBC-09186,36.0,6.0,0.0,0.0,76.0,2.0,72.0,8.0,0.0,0.0,1.0,0.0,3.0,0.0,5.0,1.0,0.0,0.0,157.0,11.0,146.0,64.0,74.0,0.0,4.0,3.0,1.0,0.0,0.0
portugal,OPG027,EBC-09202,83.0,,2.0,,87.0,,109.0,,0.0,,2.0,,1.0,,7.0,,0.0,,208.0,,208.0,109.0,87.0,0.0,7.0,1.0,2.0,2.0,0.0
portugal,OPG027,EBC-11041,16.0,,0.0,,80.0,,92.0,,0.0,,0.0,,1.0,,1.0,,0.0,,174.0,,174.0,92.0,80.0,0.0,1.0,1.0,0.0,0.0,0.0
portugal,OPG027,EBC-11069,38.0,,0.0,,67.0,,111.0,,0.0,,0.0,,0.0,,4.0,,0.0,,182.0,,182.0,111.0,67.0,0.0,4.0,0.0,0.0,0.0,0.0
portugal,OPG027,EBC-11102,98.0,,0.0,,16.0,,145.0,,0.0,,0.0,,1.0,,2.0,,0.0,,164.0,,164.0,145.0,16.0,0.0,2.0,1.0,0.0,0.0,0.0
portugal,OPG027,EBC-11281,92.0,,17.0,,38.0,,93.0,,0.0,,0.0,,0.0,,8.0,,0.0,,156.0,,156.0,93.0,38.0,0.0,8.0,0.0,0.0,17.0,0.0
portugal,OPG027,EBC-12090,,34.0,,0.0,,2.0,,2.0,,0.0,,0.0,,0.0,,1.0,,0.0,,5.0,-5.0,-2.0,-2.0,0.0,-1.0,0.0,0.0,0.0,0.0
portugal,OPG027,EBC-12273,60.0,,0.0,,76.0,,95.0,,0.0,,0.0,,2.0,,6.0,,0.0,,179.0,,179.0,95.0,76.0,0.0,6.0,2.0,0.0,0.0,0.0
portugal,OPG027,EBC-12373,41.0,,0.0,,62.0,,85.0,,0.0,,0.0,,2.0,,1.0,,0.0,,150.0,,150.0,85.0,62.0,0.0,1.0,2.0,0.0,0.0,0.0
portugal,OPG027,EBC-12412,50.0,,0.0,,110.0,,134.0,,0.0,,1.0,,4.0,,12.0,,0.0,,261.0,,261.0,134.0,110.0,0.0,12.0,4.0,1.0,0.0,0.0
portugal,OPG027,EBC-12617,24.0,,0.0,,105.0,,66.0,,0.0,,0.0,,3.0,,28.0,,0.0,,202.0,,202.0,66.0,105.0,0.0,28.0,3.0,0.0,0.0,0.0
portugal,OPG027,EBC-12996,57.0,,0.0,,52.0,,138.0,,0.0,,0.0,,2.0,,5.0,,0.0,,197.0,,197.0,138.0,52.0,0.0,5.0,2.0,0.0,0.0,0.0
portugal,OPG027,EBC-131022,79.0,,15.0,,90.0,,93.0,,0.0,,0.0,,2.0,,10.0,,0.0,,210.0,,210.0,93.0,90.0,0.0,10.0,2.0,0.0,15.0,0.0
portugal,OPG027,EBC-13120,45.0,,0.0,,86.0,,98.0,,0.0,,0.0,,3.0,,25.0,,0.0,,212.0,,212.0,98.0,86.0,0.0,25.0,3.0,0.0,0.0,0.0
portugal,OPG027,EBC-13145,,69.0,,0.0,,2.0,,3.0,,0.0,,0.0,,0.0,,0.0,,0.0,,5.0,-5.0,-3.0,-2.0,0.0,0.0,0.0,0.0,0.0,0.0
portugal,OPG027,EBC-13327,,9.0,,0.0,,2.0,,3.0,,0.0,,0.0,,0.0,,0.0,,0.0,,5.0,-5.0,-3.0,-2.0,0.0,0.0,0.0,0.0,0.0,0.0
portugal,OPG027,EBC-13353,,85.0,,0.0,,0.0,,4.0,,0.0,,0.0,,0.0,,0.0,,0.0,,4.0,-4.0,-4.0,0.0,0.0,0.0,0.0,0.0,0.0,0.0
portugal,OPG027,EBC-13572,66.0,,2.0,,74.0,,91.0,,0.0,,0.0,,9.0,,10.0,,0.0,,186.0,,186.0,91.0,74.0,0.0,10.0,9.0,0.0,2.0,0.0
portugal,OPG027,EBC-13579,32.0,,0.0,,110.0,,92.0,,0.0,,0.0,,0.0,,14.0,,0.0,,216.0,,216.0,92.0,110.0,0.0,14.0,0.0,0.0,0.0,0.0
portugal,OPG027,EBC-13607,2.0,,0.0,,77.0,,165.0,,0.0,,3.0,,0.0,,13.0,,0.0,,258.0,,258.0,165.0,77.0,0.0,13.0,0.0,3.0,0.0,0.0
portugal,OPG027,EBC-13712,,28.0,,0.0,,2.0,,4.0,,0.0,,0.0,,0.0,,0.0,,0.0,,6.0,-6.0,-4.0,-2.0,0.0,0.0,0.0,0.0,0.0,0.0
portugal,OPG027,EBC-13851,70.0,,0.0,,79.0,,116.0,,0.0,,0.0,,1.0,,5.0,,0.0,,201.0,,201.0,116.0,79.0,0.0,5.0,1.0,0.0,0.0,0.0
portugal,OPG027,EBC-13863,29.0,,0.0,,63.0,,139.0,,0.0,,1.0,,4.0,,3.0,,0.0,,210.0,,210.0,139.0,63.0,0.0,3.0,4.0,1.0,0.0,0.0
portugal,OPG027,EBC-13977,,46.0,,0.0,,0.0,,2.0,,0.0,,0.0,,0.0,,1.0,,0.0,,3.0,-3.0,-2.0,0.0,0.0,-1.0,0.0,0.0,0.0,0.0
portugal,OPG027,EBC-14193,,42.0,,0.0,,1.0,,2.0,,0.0,,0.0,,0.0,,0.0,,0.0,,3.0,-3.0,-2.0,-1.0,0.0,0.0,0.0,0.0,0.0,0.0
portugal,OPG027,EBC-14210,69.0,,0.0,,56.0,,105.0,,0.0,,3.0,,8.0,,4.0,,0.0,,176.0,,176.0,105.0,56.0,0.0,4.0,8.0,3.0,0.0,0.0
portugal,OPG027,EBC-14214,23.0,,3.0,,41.0,,165.0,,0.0,,1.0,,2.0,,8.0,,0.0,,220.0,,220.0,165.0,41.0,0.0,8.0,2.0,1.0,3.0,0.0
portugal,OPG027,EBC-145226,4.0,,0.0,,93.0,,130.0,,0.0,,1.0,,1.0,,9.0,,0.0,,234.0,,234.0,130.0,93.0,0.0,9.0,1.0,1.0,0.0,0.0
portugal,OPG027,EBC-148031,33.0,,0.0,,85.0,,152.0,,0.0,,1.0,,3.0,,12.0,,0.0,,253.0,,253.0,152.0,85.0,0.0,12.0,3.0,1.0,0.0,0.0
portugal,OPG027,EBC-149088,,65.0,,0.0,,3.0,,4.0,,0.0,,1.0,,0.0,,0.0,,0.0,,8.0,-8.0,-4.0,-3.0,0.0,0.0,0.0,-1.0,0.0,0.0
portugal,OPG027,EBC-149094,11.0,,0.0,,70.0,,138.0,,0.0,,1.0,,1.0,,16.0,,0.0,,226.0,,226.0,138.0,70.0,0.0,16.0,1.0,1.0,0.0,0.0
portugal,OPG027,EBC-150066,87.0,,0.0,,52.0,,137.0,,0.0,,0.0,,2.0,,7.0,,0.0,,198.0,,198.0,137.0,52.0,0.0,7.0,2.0,0.0,0.0,0.0
portugal,OPG027,EBC-152118,,83.0,,0.0,,1.0,,2.0,,0.0,,0.0,,0.0,,0.0,,0.0,,3.0,-3.0,-2.0,-1.0,0.0,0.0,0.0,0.0,0.0,0.0
portugal,OPG027,EBC-152138,,41.0,,0.0,,1.0,,4.0,,0.0,,0.0,,0.0,,0.0,,0.0,,5.0,-5.0,-4.0,-1.0,0.0,0.0,0.0,0.0,0.0,0.0
portugal,OPG027,EBC-152242,,53.0,,0.0,,2.0,,0.0,,0.0,,0.0,,0.0,,0.0,,0.0,,2.0,-2.0,0.0,-2.0,0.0,0.0,0.0,0.0,0.0,0.0
portugal,OPG027,EBC-152357,,59.0,,0.0,,3.0,,1.0,,0.0,,0.0,,0.0,,0.0,,0.0,,4.0,-4.0,-1.0,-3.0,0.0,0.0,0.0,0.0,0.0,0.0
portugal,OPG027,EBC-153130,,74.0,,0.0,,4.0,,3.0,,0.0,,0.0,,1.0,,0.0,,0.0,,8.0,-8.0,-3.0,-4.0,0.0,0.0,-1.0,0.0,0.0,0.0
portugal,OPG027,EBC-153161,,10.0,,0.0,,0.0,,3.0,,0.0,,0.0,,0.0,,0.0,,0.0,,3.0,-3.0,-3.0,0.0,0.0,0.0,0.0,0.0,0.0,0.0
portugal,OPG027,EBC-153178,,70.0,,0.0,,2.0,,1.0,,0.0,,0.0,,2.0,,0.0,,0.0,,5.0,-5.0,-1.0,-2.0,0.0,0.0,-2.0,0.0,0.0,0.0
portugal,OPG027,EBC-157086,,100.0,,0.0,,2.0,,4.0,,0.0,,0.0,,0.0,,0.0,,0.0,,6.0,-6.0,-4.0,-2.0,0.0,0.0,0.0,0.0,0.0,0.0
portugal,OPG027,EBC-157116,,62.0,,0.0,,2.0,,3.0,,0.0,,0.0,,1.0,,0.0,,0.0,,6.0,-6.0,-3.0,-2.0,0.0,0.0,-1.0,0.0,0.0,0.0
portugal,OPG027,EBC-157244,,79.0,,0.0,,2.0,,4.0,,0.0,,0.0,,0.0,,0.0,,0.0,,6.0,-6.0,-4.0,-2.0,0.0,0.0,0.0,0.0,0.0,0.0
portugal,OPG027,EBC-160036,3.0,,1.0,,28.0,,77.0,,0.0,,1.0,,0.0,,2.0,,0.0,,109.0,,109.0,77.0,28.0,0.0,2.0,0.0,1.0,1.0,0.0
portugal,OPG027,EBC-17092,,25.0,,0.0,,3.0,,2.0,,0.0,,0.0,,0.0,,0.0,,0.0,,5.0,-5.0,-2.0,-3.0,0.0,0.0,0.0,0.0,0.0,0.0
portugal,OPG027,EBC-180260,28.0,,0.0,,41.0,,100.0,,0.0,,0.0,,1.0,,11.0,,0.0,,153.0,,153.0,100.0,41.0,0.0,11.0,1.0,0.0,0.0,0.0
portugal,OPG027,EBC-189022,,49.0,,0.0,,1.0,,1.0,,0.0,,0.0,,0.0,,0.0,,0.0,,2.0,-2.0,-1.0,-1.0,0.0,0.0,0.0,0.0,0.0,0.0
portugal,OPG027,EBC-218034,53.0,,0.0,,40.0,,110.0,,0.0,,0.0,,2.0,,30.0,,0.0,,182.0,,182.0,110.0,40.0,0.0,30.0,2.0,0.0,0.0,0.0
portugal,OPG027,EBC-218037,12.0,,0.0,,64.0,,84.0,,0.0,,0.0,,0.0,,8.0,,0.0,,156.0,,156.0,84.0,64.0,0.0,8.0,0.0,0.0,0.0,0.0
portugal,OPG027,EBC-218043,17.0,,0.0,,70.0,,126.0,,0.0,,0.0,,3.0,,19.0,,0.0,,218.0,,218.0,126.0,70.0,0.0,19.0,3.0,0.0,0.0,0.0
portugal,OPG027,EBC-221084,59.0,,0.0,,98.0,,75.0,,0.0,,1.0,,3.0,,27.0,,0.0,,204.0,,204.0,75.0,98.0,0.0,27.0,3.0,1.0,0.0,0.0
portugal,OPG027,EBC-230024,,11.0,,0.0,,1.0,,4.0,,0.0,,0.0,,0.0,,0.0,,0.0,,5.0,-5.0,-4.0,-1.0,0.0,0.0,0.0,0.0,0.0,0.0
portugal,OPG027,EBC-235024,49.0,,0.0,,89.0,,114.0,,0.0,,0.0,,2.0,,11.0,,0.0,,216.0,,216.0,114.0,89.0,0.0,11.0,2.0,0.0,0.0,0.0
portugal,OPG027,EBC-23629,5.0,,0.0,,32.0,,67.0,,0.0,,0.0,,1.0,,0.0,,0.0,,100.0,,100.0,67.0,32.0,0.0,0.0,1.0,0.0,0.0,0.0
portugal,OPG027,EBC-24042,85.0,,0.0,,0.0,,251.0,,0.0,,2.0,,2.0,,0.0,,0.0,,255.0,,255.0,251.0,0.0,0.0,0.0,2.0,2.0,0.0,0.0
portugal,OPG027,EBC-249057,15.0,,0.0,,41.0,,69.0,,0.0,,0.0,,4.0,,4.0,,0.0,,118.0,,118.0,69.0,41.0,0.0,4.0,4.0,0.0,0.0,0.0
portugal,OPG027,EBC-252141,99.0,,0.0,,84.0,,98.0,,0.0,,1.0,,2.0,,11.0,,0.0,,196.0,,196.0,98.0,84.0,0.0,11.0,2.0,1.0,0.0,0.0
portugal,OPG027,EBC-253143,,52.0,,0.0,,2.0,,2.0,,0.0,,0.0,,0.0,,1.0,,0.0,,5.0,-5.0,-2.0,-2.0,0.0,-1.0,0.0,0.0,0.0,0.0
portugal,OPG027,EBC-255053,71.0,,0.0,,59.0,,124.0,,0.0,,2.0,,4.0,,6.0,,0.0,,195.0,,195.0,124.0,59.0,0.0,6.0,4.0,2.0,0.0,0.0
portugal,OPG027,EBC-255056,75.0,,0.0,,51.0,,136.0,,0.0,,3.0,,8.0,,1.0,,0.0,,199.0,,199.0,136.0,51.0,0.0,1.0,8.0,3.0,0.0,0.0
portugal,OPG027,EBC-26096,,75.0,,0.0,,2.0,,1.0,,0.0,,0.0,,0.0,,0.0,,0.0,,3.0,-3.0,-1.0,-2.0,0.0,0.0,0.0,0.0,0.0,0.0
portugal,OPG027,EBC-265042,74.0,,0.0,,52.0,,119.0,,0.0,,3.0,,3.0,,9.0,,0.0,,186.0,,186.0,119.0,52.0,0.0,9.0,3.0,3.0,0.0,0.0
portugal,OPG027,EBC-26770,9.0,,0.0,,28.0,,67.0,,0.0,,0.0,,0.0,,1.0,,0.0,,96.0,,96.0,67.0,28.0,0.0,1.0,0.0,0.0,0.0,0.0
portugal,OPG027,EBC-27035,48.0,,0.0,,80.0,,112.0,,0.0,,0.0,,2.0,,5.0,,0.0,,199.0,,199.0,112.0,80.0,0.0,5.0,2.0,0.0,0.0,0.0
portugal,OPG027,EBC-27184,84.0,,0.0,,19.0,,155.0,,0.0,,0.0,,1.0,,2.0,,0.0,,177.0,,177.0,155.0,19.0,0.0,2.0,1.0,0.0,0.0,0.0
portugal,OPG027,EBC-27265,1.0,,2.0,,5.0,,70.0,,0.0,,0.0,,0.0,,0.0,,0.0,,77.0,,77.0,70.0,5.0,0.0,0.0,0.0,0.0,2.0,0.0
portugal,OPG027,EBC-287044,,71.0,,0.0,,1.0,,1.0,,0.0,,0.0,,0.0,,0.0,,0.0,,2.0,-2.0,-1.0,-1.0,0.0,0.0,0.0,0.0,0.0,0.0
portugal,OPG027,EBC-289088,,64.0,,0.0,,3.0,,5.0,,0.0,,0.0,,2.0,,0.0,,0.0,,10.0,-10.0,-5.0,-3.0,0.0,0.0,-2.0,0.0,0.0,0.0
portugal,OPG027,EBC-289112,20.0,,0.0,,48.0,,134.0,,0.0,,0.0,,3.0,,6.0,,0.0,,191.0,,191.0,134.0,48.0,0.0,6.0,3.0,0.0,0.0,0.0
portugal,OPG027,EBC-290041,73.0,,2.0,,148.0,,106.0,,0.0,,2.0,,3.0,,21.0,,0.0,,282.0,,282.0,106.0,148.0,0.0,21.0,3.0,2.0,2.0,0.0
portugal,OPG027,EBC-291106,77.0,,0.0,,62.0,,128.0,,0.0,,2.0,,6.0,,5.0,,0.0,,203.0,,203.0,128.0,62.0,0.0,5.0,6.0,2.0,0.0,0.0
portugal,OPG027,EBC-303128,80.0,,0.0,,53.0,,161.0,,0.0,,0.0,,3.0,,4.0,,0.0,,221.0,,221.0,161.0,53.0,0.0,4.0,3.0,0.0,0.0,0.0
portugal,OPG027,EBC-303174,93.0,,0.0,,69.0,,133.0,,0.0,,0.0,,2.0,,8.0,,0.0,,212.0,,212.0,133.0,69.0,0.0,8.0,2.0,0.0,0.0,0.0
portugal,OPG027,EBC-306048,65.0,,15.0,,74.0,,64.0,,0.0,,0.0,,4.0,,10.0,,0.0,,167.0,,167.0,64.0,74.0,0.0,10.0,4.0,0.0,15.0,0.0
portugal,OPG027,EBC-309072,30.0,,4.0,,104.0,,94.0,,0.0,,1.0,,5.0,,30.0,,0.0,,238.0,,238.0,94.0,104.0,0.0,30.0,5.0,1.0,4.0,0.0
portugal,OPG027,EBC-352046,21.0,,0.0,,85.0,,149.0,,0.0,,2.0,,2.0,,6.0,,0.0,,244.0,,244.0,149.0,85.0,0.0,6.0,2.0,2.0,0.0,0.0
portugal,OPG027,EBC-352066,81.0,,0.0,,43.0,,137.0,,0.0,,1.0,,1.0,,2.0,,0.0,,184.0,,184.0,137.0,43.0,0.0,2.0,1.0,1.0,0.0,0.0
portugal,OPG027,EBC-36039,86.0,,0.0,,104.0,,96.0,,0.0,,0.0,,1.0,,9.0,,0.0,,210.0,,210.0,96.0,104.0,0.0,9.0,1.0,0.0,0.0,0.0
portugal,OPG027,EBC-42023,,81.0,,0.0,,3.0,,4.0,,0.0,,0.0,,1.0,,0.0,,0.0,,8.0,-8.0,-4.0,-3.0,0.0,0.0,-1.0,0.0,0.0,0.0
portugal,OPG027,EBC-44060,,93.0,,0.0,,2.0,,3.0,,0.0,,0.0,,0.0,,0.0,,0.0,,5.0,-5.0,-3.0,-2.0,0.0,0.0,0.0,0.0,0.0,0.0
portugal,OPG027,EBC-44204,,17.0,,0.0,,0.0,,3.0,,0.0,,0.0,,0.0,,0.0,,0.0,,3.0,-3.0,-3.0,0.0,0.0,0.0,0.0,0.0,0.0,0.0
portugal,OPG027,EBC-44205,,29.0,,0.0,,1.0,,3.0,,0.0,,0.0,,0.0,,0.0,,0.0,,4.0,-4.0,-3.0,-1.0,0.0,0.0,0.0,0.0,0.0,0.0
portugal,OPG027,EBC-46057,47.0,,0.0,,66.0,,137.0,,0.0,,2.0,,2.0,,5.0,,0.0,,212.0,,212.0,137.0,66.0,0.0,5.0,2.0,2.0,0.0,0.0
portugal,OPG027,EBC-46294,22.0,,5.0,,152.0,,101.0,,0.0,,2.0,,0.0,,22.0,,0.0,,282.0,,282.0,101.0,152.0,0.0,22.0,0.0,2.0,5.0,0.0
portugal,OPG027,EBC-47066,51.0,,9.0,,88.0,,69.0,,0.0,,0.0,,0.0,,20.0,,0.0,,186.0,,186.0,69.0,88.0,0.0,20.0,0.0,0.0,9.0,0.0
portugal,OPG027,EBC-47089,,33.0,,0.0,,2.0,,3.0,,0.0,,0.0,,2.0,,0.0,,0.0,,7.0,-7.0,-3.0,-2.0,0.0,0.0,-2.0,0.0,0.0,0.0
portugal,OPG027,EBC-48075,,24.0,,0.0,,2.0,,5.0,,0.0,,0.0,,0.0,,0.0,,0.0,,7.0,-7.0,-5.0,-2.0,0.0,0.0,0.0,0.0,0.0,0.0
portugal,OPG027,EBC-48149,,78.0,,0.0,,4.0,,5.0,,0.0,,0.0,,0.0,,0.0,,0.0,,9.0,-9.0,-5.0,-4.0,0.0,0.0,0.0,0.0,0.0,0.0
portugal,OPG027,EBC-48186,43.0,,17.0,,54.0,,83.0,,0.0,,0.0,,3.0,,3.0,,0.0,,160.0,,160.0,83.0,54.0,0.0,3.0,3.0,0.0,17.0,0.0
portugal,OPG027,EBC-48216,,45.0,,0.0,,1.0,,0.0,,0.0,,0.0,,0.0,,0.0,,0.0,,1.0,-1.0,0.0,-1.0,0.0,0.0,0.0,0.0,0.0,0.0
portugal,OPG027,EBC-63089,88.0,,6.0,,138.0,,75.0,,0.0,,6.0,,2.0,,26.0,,0.0,,253.0,,253.0,75.0,138.0,0.0,26.0,2.0,6.0,6.0,0.0
portugal,OPG027,EBC-65080,,66.0,,0.0,,1.0,,3.0,,0.0,,0.0,,0.0,,0.0,,0.0,,4.0,-4.0,-3.0,-1.0,0.0,0.0,0.0,0.0,0.0,0.0
portugal,OPG027,EBC-65147,91.0,,0.0,,75.0,,106.0,,0.0,,1.0,,2.0,,4.0,,0.0,,188.0,,188.0,106.0,75.0,0.0,4.0,2.0,1.0,0.0,0.0
portugal,OPG027,EBC-66021,100.0,,0.0,,59.0,,89.0,,0.0,,0.0,,2.0,,4.0,,0.0,,154.0,,154.0,89.0,59.0,0.0,4.0,2.0,0.0,0.0,0.0
portugal,OPG027,EBC-73021,35.0,,2.0,,53.0,,117.0,,0.0,,0.0,,4.0,,5.0,,0.0,,181.0,,181.0,117.0,53.0,0.0,5.0,4.0,0.0,2.0,0.0
portugal,OPG027,EBC-73089,,57.0,,0.0,,1.0,,4.0,,0.0,,0.0,,0.0,,0.0,,0.0,,5.0,-5.0,-4.0,-1.0,0.0,0.0,0.0,0.0,0.0,0.0
portugal,OPG027,EBC-73091,,90.0,,0.0,,1.0,,3.0,,0.0,,0.0,,0.0,,0.0,,0.0,,4.0,-4.0,-3.0,-1.0,0.0,0.0,0.0,0.0,0.0,0.0
portugal,OPG027,EBC-84050,67.0,,9.0,,108.0,,84.0,,0.0,,0.0,,3.0,,28.0,,0.0,,232.0,,232.0,84.0,108.0,0.0,28.0,3.0,0.0,9.0,0.0
portugal,OPG092,EBC-00009,,67.0,,0.0,,0.0,,0.0,,0.0,,0.0,,0.0,,0.0,,0.0,,0.0,0.0,0.0,0.0,0.0,0.0,0.0,0.0,0.0,0.0
portugal,OPG092,EBC-00013,,93.0,,0.0,,4.0,,0.0,,1.0,,0.0,,0.0,,1.0,,0.0,,6.0,-6.0,0.0,-4.0,0.0,-1.0,0.0,0.0,0.0,-1.0
portugal,OPG092,EBC-00615,,7.0,,0.0,,3.0,,6.0,,0.0,,0.0,,0.0,,0.0,,0.0,,9.0,-9.0,-6.0,-3.0,0.0,0.0,0.0,0.0,0.0,0.0
portugal,OPG092,EBC-00617,,2.0,,0.0,,2.0,,5.0,,0.0,,0.0,,0.0,,0.0,,0.0,,7.0,-7.0,-5.0,-2.0,0.0,0.0,0.0,0.0,0.0,0.0
portugal,OPG092,EBC-00621,,6.0,,0.0,,3.0,,5.0,,0.0,,0.0,,0.0,,0.0,,0.0,,8.0,-8.0,-5.0,-3.0,0.0,0.0,0.0,0.0,0.0,0.0
portugal,OPG092,EBC-00623,,8.0,,0.0,,3.0,,4.0,,0.0,,0.0,,0.0,,0.0,,0.0,,7.0,-7.0,-4.0,-3.0,0.0,0.0,0.0,0.0,0.0,0.0
portugal,OPG092,EBC-00624,,4.0,,0.0,,3.0,,5.0,,0.0,,0.0,,0.0,,0.0,,0.0,,8.0,-8.0,-5.0,-3.0,0.0,0.0,0.0,0.0,0.0,0.0
portugal,OPG092,EBC-00696,56.0,,2.0,,30.0,,186.0,,0.0,,3.0,,0.0,,6.0,,0.0,,227.0,,227.0,186.0,30.0,0.0,6.0,0.0,3.0,2.0,0.0
portugal,OPG092,EBC-01036,,89.0,,0.0,,0.0,,0.0,,0.0,,0.0,,0.0,,0.0,,0.0,,0.0,0.0,0.0,0.0,0.0,0.0,0.0,0.0,0.0,0.0
portugal,OPG092,EBC-02025,,80.0,,0.0,,6.0,,0.0,,0.0,,0.0,,0.0,,0.0,,0.0,,6.0,-6.0,0.0,-6.0,0.0,0.0,0.0,0.0,0.0,0.0
portugal,OPG092,EBC-02079,4.0,,0.0,,40.0,,137.0,,0.0,,0.0,,0.0,,11.0,,0.0,,188.0,,188.0,137.0,40.0,0.0,11.0,0.0,0.0,0.0,0.0
portugal,OPG092,EBC-02080,41.0,,0.0,,36.0,,133.0,,0.0,,0.0,,1.0,,3.0,,0.0,,173.0,,173.0,133.0,36.0,0.0,3.0,1.0,0.0,0.0,0.0
portugal,OPG092,EBC-03091,,87.0,,0.0,,2.0,,0.0,,0.0,,2.0,,0.0,,0.0,,0.0,,4.0,-4.0,0.0,-2.0,0.0,0.0,0.0,-2.0,0.0,0.0
portugal,OPG092,EBC-03146,,66.0,,0.0,,2.0,,0.0,,0.0,,0.0,,0.0,,0.0,,0.0,,2.0,-2.0,0.0,-2.0,0.0,0.0,0.0,0.0,0.0,0.0
portugal,OPG092,EBC-03170,,96.0,,0.0,,1.0,,0.0,,0.0,,0.0,,0.0,,0.0,,0.0,,1.0,-1.0,0.0,-1.0,0.0,0.0,0.0,0.0,0.0,0.0
portugal,OPG092,EBC-03194,,16.0,,0.0,,0.0,,0.0,,0.0,,0.0,,0.0,,0.0,,0.0,,0.0,0.0,0.0,0.0,0.0,0.0,0.0,0.0,0.0,0.0
portugal,OPG092,EBC-03204,,47.0,,0.0,,1.0,,0.0,,0.0,,0.0,,0.0,,0.0,,0.0,,1.0,-1.0,0.0,-1.0,0.0,0.0,0.0,0.0,0.0,0.0
portugal,OPG092,EBC-03210,,42.0,,0.0,,1.0,,1.0,,0.0,,0.0,,0.0,,0.0,,0.0,,2.0,-2.0,-1.0,-1.0,0.0,0.0,0.0,0.0,0.0,0.0
portugal,OPG092,EBC-03228,,74.0,,0.0,,2.0,,0.0,,0.0,,0.0,,1.0,,0.0,,0.0,,3.0,-3.0,0.0,-2.0,0.0,0.0,-1.0,0.0,0.0,0.0
portugal,OPG092,EBC-03233,,29.0,,0.0,,2.0,,0.0,,0.0,,0.0,,0.0,,0.0,,0.0,,2.0,-2.0,0.0,-2.0,0.0,0.0,0.0,0.0,0.0,0.0
portugal,OPG092,EBC-03250,,38.0,,0.0,,0.0,,3.0,,0.0,,0.0,,0.0,,0.0,,0.0,,3.0,-3.0,-3.0,0.0,0.0,0.0,0.0,0.0,0.0,0.0
portugal,OPG092,EBC-03259,,28.0,,0.0,,3.0,,0.0,,0.0,,0.0,,0.0,,0.0,,0.0,,3.0,-3.0,0.0,-3.0,0.0,0.0,0.0,0.0,0.0,0.0
portugal,OPG092,EBC-03273,,59.0,,0.0,,1.0,,0.0,,0.0,,0.0,,1.0,,0.0,,0.0,,2.0,-2.0,0.0,-1.0,0.0,0.0,-1.0,0.0,0.0,0.0
portugal,OPG092,EBC-03274,,68.0,,0.0,,3.0,,0.0,,0.0,,0.0,,0.0,,0.0,,0.0,,3.0,-3.0,0.0,-3.0,0.0,0.0,0.0,0.0,0.0,0.0
portugal,OPG092,EBC-03279,,75.0,,0.0,,1.0,,0.0,,0.0,,0.0,,2.0,,0.0,,0.0,,3.0,-3.0,0.0,-1.0,0.0,0.0,-2.0,0.0,0.0,0.0
portugal,OPG092,EBC-03339,,79.0,,0.0,,1.0,,0.0,,0.0,,0.0,,0.0,,0.0,,0.0,,1.0,-1.0,0.0,-1.0,0.0,0.0,0.0,0.0,0.0,0.0
portugal,OPG092,EBC-03357,,77.0,,0.0,,2.0,,2.0,,0.0,,0.0,,0.0,,0.0,,0.0,,4.0,-4.0,-2.0,-2.0,0.0,0.0,0.0,0.0,0.0,0.0
portugal,OPG092,EBC-03378,,36.0,,0.0,,2.0,,2.0,,0.0,,1.0,,0.0,,0.0,,0.0,,5.0,-5.0,-2.0,-2.0,0.0,0.0,0.0,-1.0,0.0,0.0
portugal,OPG092,EBC-03408,,73.0,,0.0,,1.0,,0.0,,0.0,,0.0,,1.0,,0.0,,0.0,,2.0,-2.0,0.0,-1.0,0.0,0.0,-1.0,0.0,0.0,0.0
portugal,OPG092,EBC-03435,,34.0,,0.0,,1.0,,0.0,,0.0,,0.0,,0.0,,0.0,,0.0,,1.0,-1.0,0.0,-1.0,0.0,0.0,0.0,0.0,0.0,0.0
portugal,OPG092,EBC-03446,,85.0,,0.0,,0.0,,1.0,,0.0,,0.0,,2.0,,0.0,,0.0,,3.0,-3.0,-1.0,0.0,0.0,0.0,-2.0,0.0,0.0,0.0
portugal,OPG092,EBC-03472,,92.0,,0.0,,0.0,,1.0,,0.0,,0.0,,1.0,,0.0,,0.0,,2.0,-2.0,-1.0,0.0,0.0,0.0,-1.0,0.0,0.0,0.0
portugal,OPG092,EBC-03482,,88.0,,0.0,,2.0,,1.0,,0.0,,1.0,,0.0,,0.0,,0.0,,4.0,-4.0,-1.0,-2.0,0.0,0.0,0.0,-1.0,0.0,0.0
portugal,OPG092,EBC-03679,,84.0,,0.0,,1.0,,0.0,,0.0,,0.0,,0.0,,0.0,,0.0,,1.0,-1.0,0.0,-1.0,0.0,0.0,0.0,0.0,0.0,0.0
portugal,OPG092,EBC-03865,44.0,,0.0,,18.0,,211.0,,0.0,,3.0,,1.0,,0.0,,0.0,,233.0,,233.0,211.0,18.0,0.0,0.0,1.0,3.0,0.0,0.0
portugal,OPG092,EBC-03969,,98.0,,0.0,,0.0,,0.0,,0.0,,0.0,,0.0,,0.0,,0.0,,0.0,0.0,0.0,0.0,0.0,0.0,0.0,0.0,0.0,0.0
portugal,OPG092,EBC-03984,,32.0,,0.0,,1.0,,0.0,,0.0,,0.0,,1.0,,0.0,,0.0,,2.0,-2.0,0.0,-1.0,0.0,0.0,-1.0,0.0,0.0,0.0
portugal,OPG092,EBC-04004,,54.0,,0.0,,0.0,,0.0,,0.0,,0.0,,1.0,,0.0,,0.0,,1.0,-1.0,0.0,0.0,0.0,0.0,-1.0,0.0,0.0,0.0
portugal,OPG092,EBC-04007,,81.0,,0.0,,1.0,,2.0,,0.0,,0.0,,0.0,,0.0,,0.0,,3.0,-3.0,-2.0,-1.0,0.0,0.0,0.0,0.0,0.0,0.0
portugal,OPG092,EBC-04049,,72.0,,0.0,,1.0,,1.0,,0.0,,0.0,,1.0,,0.0,,0.0,,3.0,-3.0,-1.0,-1.0,0.0,0.0,-1.0,0.0,0.0,0.0
portugal,OPG092,EBC-04050,,39.0,,0.0,,1.0,,0.0,,0.0,,0.0,,1.0,,0.0,,0.0,,2.0,-2.0,0.0,-1.0,0.0,0.0,-1.0,0.0,0.0,0.0
portugal,OPG092,EBC-04055,,62.0,,0.0,,1.0,,0.0,,0.0,,0.0,,1.0,,0.0,,0.0,,2.0,-2.0,0.0,-1.0,0.0,0.0,-1.0,0.0,0.0,0.0
portugal,OPG092,EBC-04281,,60.0,,0.0,,3.0,,0.0,,0.0,,0.0,,0.0,,1.0,,0.0,,4.0,-4.0,0.0,-3.0,0.0,-1.0,0.0,0.0,0.0,0.0
portugal,OPG092,EBC-04319,,37.0,,0.0,,0.0,,2.0,,0.0,,0.0,,0.0,,0.0,,0.0,,2.0,-2.0,-2.0,0.0,0.0,0.0,0.0,0.0,0.0,0.0
portugal,OPG092,EBC-04333,,19.0,,0.0,,0.0,,0.0,,0.0,,0.0,,0.0,,0.0,,0.0,,0.0,0.0,0.0,0.0,0.0,0.0,0.0,0.0,0.0,0.0
portugal,OPG092,EBC-04353,,52.0,,0.0,,1.0,,0.0,,0.0,,0.0,,0.0,,0.0,,0.0,,1.0,-1.0,0.0,-1.0,0.0,0.0,0.0,0.0,0.0,0.0
portugal,OPG092,EBC-06061,20.0,,0.0,,71.0,,112.0,,0.0,,1.0,,0.0,,7.0,,0.0,,191.0,,191.0,112.0,71.0,0.0,7.0,0.0,1.0,0.0,0.0
portugal,OPG092,EBC-06062,26.0,,0.0,,39.0,,186.0,,0.0,,0.0,,2.0,,5.0,,0.0,,232.0,,232.0,186.0,39.0,0.0,5.0,2.0,0.0,0.0,0.0
portugal,OPG092,EBC-06206,,41.0,,0.0,,2.0,,0.0,,0.0,,0.0,,0.0,,0.0,,0.0,,2.0,-2.0,0.0,-2.0,0.0,0.0,0.0,0.0,0.0,0.0
portugal,OPG092,EBC-06253,,21.0,,0.0,,1.0,,0.0,,0.0,,0.0,,0.0,,0.0,,0.0,,1.0,-1.0,0.0,-1.0,0.0,0.0,0.0,0.0,0.0,0.0
portugal,OPG092,EBC-06306,,23.0,,0.0,,1.0,,0.0,,0.0,,0.0,,0.0,,0.0,,0.0,,1.0,-1.0,0.0,-1.0,0.0,0.0,0.0,0.0,0.0,0.0
portugal,OPG092,EBC-06327,,58.0,,0.0,,1.0,,0.0,,0.0,,0.0,,1.0,,0.0,,0.0,,2.0,-2.0,0.0,-1.0,0.0,0.0,-1.0,0.0,0.0,0.0
portugal,OPG092,EBC-06341,,69.0,,0.0,,1.0,,1.0,,0.0,,0.0,,3.0,,0.0,,0.0,,5.0,-5.0,-1.0,-1.0,0.0,0.0,-3.0,0.0,0.0,0.0
portugal,OPG092,EBC-06397,,20.0,,0.0,,0.0,,1.0,,0.0,,0.0,,0.0,,0.0,,0.0,,1.0,-1.0,-1.0,0.0,0.0,0.0,0.0,0.0,0.0,0.0
portugal,OPG092,EBC-07217,62.0,,0.0,,22.0,,182.0,,0.0,,4.0,,1.0,,7.0,,0.0,,216.0,,216.0,182.0,22.0,0.0,7.0,1.0,4.0,0.0,0.0
portugal,OPG092,EBC-07224,,3.0,,0.0,,3.0,,5.0,,0.0,,0.0,,0.0,,0.0,,0.0,,8.0,-8.0,-5.0,-3.0,0.0,0.0,0.0,0.0,0.0,0.0
portugal,OPG092,EBC-07225,,1.0,,0.0,,3.0,,3.0,,0.0,,0.0,,0.0,,0.0,,0.0,,6.0,-6.0,-3.0,-3.0,0.0,0.0,0.0,0.0,0.0,0.0
portugal,OPG092,EBC-07228,,5.0,,0.0,,3.0,,7.0,,0.0,,0.0,,0.0,,0.0,,0.0,,10.0,-10.0,-7.0,-3.0,0.0,0.0,0.0,0.0,0.0,0.0
portugal,OPG092,EBC-07301,77.0,,0.0,,13.0,,186.0,,0.0,,0.0,,2.0,,8.0,,0.0,,209.0,,209.0,186.0,13.0,0.0,8.0,2.0,0.0,0.0,0.0
portugal,OPG092,EBC-07462,58.0,,0.0,,49.0,,138.0,,0.0,,3.0,,3.0,,11.0,,0.0,,204.0,,204.0,138.0,49.0,0.0,11.0,3.0,3.0,0.0,0.0
portugal,OPG092,EBC-07465,92.0,,3.0,,37.0,,167.0,,0.0,,2.0,,1.0,,6.0,,0.0,,216.0,,216.0,167.0,37.0,0.0,6.0,1.0,2.0,3.0,0.0
portugal,OPG092,EBC-07481,,82.0,,0.0,,0.0,,2.0,,0.0,,0.0,,0.0,,1.0,,0.0,,3.0,-3.0,-2.0,0.0,0.0,-1.0,0.0,0.0,0.0,0.0
portugal,OPG092,EBC-07618,87.0,,11.0,,43.0,,134.0,,0.0,,0.0,,2.0,,14.0,,0.0,,204.0,,204.0,134.0,43.0,0.0,14.0,2.0,0.0,11.0,0.0
portugal,OPG092,EBC-07744,89.0,,0.0,,37.0,,188.0,,0.0,,0.0,,5.0,,6.0,,0.0,,236.0,,236.0,188.0,37.0,0.0,6.0,5.0,0.0,0.0,0.0
portugal,OPG092,EBC-07988,46.0,,3.0,,90.0,,200.0,,0.0,,4.0,,1.0,,19.0,,0.0,,317.0,,317.0,200.0,90.0,0.0,19.0,1.0,4.0,3.0,0.0
portugal,OPG092,EBC-08036,,46.0,,0.0,,2.0,,0.0,,0.0,,0.0,,0.0,,0.0,,0.0,,2.0,-2.0,0.0,-2.0,0.0,0.0,0.0,0.0,0.0,0.0
portugal,OPG092,EBC-08097,,26.0,,0.0,,2.0,,1.0,,0.0,,0.0,,0.0,,0.0,,0.0,,3.0,-3.0,-1.0,-2.0,0.0,0.0,0.0,0.0,0.0,0.0
portugal,OPG092,EBC-08147,,45.0,,0.0,,0.0,,5.0,,0.0,,0.0,,0.0,,0.0,,0.0,,5.0,-5.0,-5.0,0.0,0.0,0.0,0.0,0.0,0.0,0.0
portugal,OPG092,EBC-08328,,56.0,,0.0,,1.0,,0.0,,0.0,,0.0,,3.0,,0.0,,0.0,,4.0,-4.0,0.0,-1.0,0.0,0.0,-3.0,0.0,0.0,0.0
portugal,OPG092,EBC-08615,60.0,,0.0,,112.0,,118.0,,0.0,,0.0,,0.0,,11.0,,0.0,,241.0,,241.0,118.0,112.0,0.0,11.0,0.0,0.0,0.0,0.0
portugal,OPG092,EBC-08713,67.0,,0.0,,41.0,,159.0,,0.0,,4.0,,3.0,,17.0,,0.0,,224.0,,224.0,159.0,41.0,0.0,17.0,3.0,4.0,0.0,0.0
portugal,OPG092,EBC-08726,,44.0,,0.0,,4.0,,8.0,,0.0,,1.0,,0.0,,0.0,,0.0,,13.0,-13.0,-8.0,-4.0,0.0,0.0,0.0,-1.0,0.0,0.0
portugal,OPG092,EBC-08787,76.0,,0.0,,32.0,,195.0,,0.0,,0.0,,4.0,,9.0,,0.0,,240.0,,240.0,195.0,32.0,0.0,9.0,4.0,0.0,0.0,0.0
portugal,OPG092,EBC-08788,27.0,,0.0,,39.0,,177.0,,0.0,,2.0,,3.0,,8.0,,0.0,,229.0,,229.0,177.0,39.0,0.0,8.0,3.0,2.0,0.0,0.0
portugal,OPG092,EBC-08882,,12.0,,0.0,,2.0,,4.0,,0.0,,0.0,,0.0,,0.0,,0.0,,6.0,-6.0,-4.0,-2.0,0.0,0.0,0.0,0.0,0.0,0.0
portugal,OPG092,EBC-08915,25.0,,0.0,,33.0,,207.0,,0.0,,0.0,,0.0,,10.0,,0.0,,250.0,,250.0,207.0,33.0,0.0,10.0,0.0,0.0,0.0,0.0
portugal,OPG092,EBC-09132,47.0,,3.0,,45.0,,93.0,,0.0,,0.0,,0.0,,16.0,,0.0,,157.0,,157.0,93.0,45.0,0.0,16.0,0.0,0.0,3.0,0.0
portugal,OPG092,EBC-09145,81.0,,0.0,,45.0,,186.0,,0.0,,0.0,,0.0,,11.0,,0.0,,242.0,,242.0,186.0,45.0,0.0,11.0,0.0,0.0,0.0,0.0
portugal,OPG092,EBC-09202,61.0,,2.0,,63.0,,141.0,,0.0,,2.0,,1.0,,10.0,,0.0,,219.0,,219.0,141.0,63.0,0.0,10.0,1.0,2.0,2.0,0.0
portugal,OPG092,EBC-102119,39.0,,0.0,,133.0,,125.0,,0.0,,1.0,,2.0,,13.0,,0.0,,274.0,,274.0,125.0,133.0,0.0,13.0,2.0,1.0,0.0,0.0
portugal,OPG092,EBC-11029,68.0,,0.0,,62.0,,167.0,,0.0,,1.0,,1.0,,7.0,,0.0,,238.0,,238.0,167.0,62.0,0.0,7.0,1.0,1.0,0.0,0.0
portugal,OPG092,EBC-11045,,90.0,,0.0,,1.0,,0.0,,0.0,,0.0,,0.0,,0.0,,0.0,,1.0,-1.0,0.0,-1.0,0.0,0.0,0.0,0.0,0.0,0.0
portugal,OPG092,EBC-11230,69.0,,0.0,,67.0,,187.0,,0.0,,2.0,,0.0,,23.0,,0.0,,279.0,,279.0,187.0,67.0,0.0,23.0,0.0,2.0,0.0,0.0
portugal,OPG092,EBC-11260,94.0,,0.0,,69.0,,111.0,,0.0,,4.0,,3.0,,22.0,,0.0,,209.0,,209.0,111.0,69.0,0.0,22.0,3.0,4.0,0.0,0.0
portugal,OPG092,EBC-11281,19.0,,17.0,,30.0,,108.0,,0.0,,0.0,,0.0,,4.0,,0.0,,159.0,,159.0,108.0,30.0,0.0,4.0,0.0,0.0,17.0,0.0
portugal,OPG092,EBC-11364,22.0,,18.0,,52.0,,109.0,,0.0,,1.0,,0.0,,10.0,,0.0,,190.0,,190.0,109.0,52.0,0.0,10.0,0.0,1.0,18.0,0.0
portugal,OPG092,EBC-11367,40.0,,0.0,,61.0,,149.0,,0.0,,4.0,,0.0,,7.0,,0.0,,221.0,,221.0,149.0,61.0,0.0,7.0,0.0,4.0,0.0,0.0
portugal,OPG092,EBC-11433,88.0,,5.0,,82.0,,135.0,,0.0,,0.0,,0.0,,15.0,,0.0,,237.0,,237.0,135.0,82.0,0.0,15.0,0.0,0.0,5.0,0.0
portugal,OPG092,EBC-11442,31.0,,0.0,,60.0,,91.0,,0.0,,0.0,,1.0,,20.0,,0.0,,172.0,,172.0,91.0,60.0,0.0,20.0,1.0,0.0,0.0,0.0
portugal,OPG092,EBC-11456,32.0,,3.0,,66.0,,128.0,,0.0,,2.0,,0.0,,16.0,,0.0,,215.0,,215.0,128.0,66.0,0.0,16.0,0.0,2.0,3.0,0.0
portugal,OPG092,EBC-12035,30.0,,0.0,,75.0,,71.0,,0.0,,3.0,,1.0,,4.0,,0.0,,154.0,,154.0,71.0,75.0,0.0,4.0,1.0,3.0,0.0,0.0
portugal,OPG092,EBC-12063,100.0,,0.0,,118.0,,83.0,,0.0,,2.0,,3.0,,28.0,,0.0,,234.0,,234.0,83.0,118.0,0.0,28.0,3.0,2.0,0.0,0.0
portugal,OPG092,EBC-12821,35.0,,0.0,,83.0,,102.0,,0.0,,0.0,,1.0,,19.0,,0.0,,205.0,,205.0,102.0,83.0,0.0,19.0,1.0,0.0,0.0,0.0
portugal,OPG092,EBC-12825,73.0,,9.0,,36.0,,166.0,,0.0,,0.0,,1.0,,6.0,,0.0,,218.0,,218.0,166.0,36.0,0.0,6.0,1.0,0.0,9.0,0.0
portugal,OPG092,EBC-13002,38.0,,6.0,,66.0,,141.0,,0.0,,0.0,,0.0,,8.0,,0.0,,221.0,,221.0,141.0,66.0,0.0,8.0,0.0,0.0,6.0,0.0
portugal,OPG092,EBC-13061,37.0,,0.0,,86.0,,97.0,,0.0,,1.0,,0.0,,17.0,,0.0,,201.0,,201.0,97.0,86.0,0.0,17.0,0.0,1.0,0.0,0.0
portugal,OPG092,EBC-13120,34.0,,0.0,,70.0,,137.0,,0.0,,3.0,,1.0,,11.0,,0.0,,222.0,,222.0,137.0,70.0,0.0,11.0,1.0,3.0,0.0,0.0
portugal,OPG092,EBC-13127,84.0,,0.0,,85.0,,183.0,,0.0,,3.0,,0.0,,15.0,,0.0,,286.0,,286.0,183.0,85.0,0.0,15.0,0.0,3.0,0.0,0.0
portugal,OPG092,EBC-13129,28.0,,8.0,,59.0,,102.0,,0.0,,1.0,,2.0,,16.0,,0.0,,188.0,,188.0,102.0,59.0,0.0,16.0,2.0,1.0,8.0,0.0
portugal,OPG092,EBC-13324,,61.0,,0.0,,6.0,,0.0,,0.0,,0.0,,0.0,,0.0,,0.0,,6.0,-6.0,0.0,-6.0,0.0,0.0,0.0,0.0,0.0,0.0
portugal,OPG092,EBC-13579,7.0,,0.0,,85.0,,123.0,,0.0,,0.0,,0.0,,9.0,,0.0,,217.0,,217.0,123.0,85.0,0.0,9.0,0.0,0.0,0.0,0.0
portugal,OPG092,EBC-13585,54.0,,4.0,,32.0,,171.0,,0.0,,1.0,,0.0,,10.0,,0.0,,218.0,,218.0,171.0,32.0,0.0,10.0,0.0,1.0,4.0,0.0
portugal,OPG092,EBC-13607,6.0,,0.0,,71.0,,186.0,,0.0,,1.0,,1.0,,17.0,,0.0,,276.0,,276.0,186.0,71.0,0.0,17.0,1.0,1.0,0.0,0.0
portugal,OPG092,EBC-13637,,18.0,,0.0,,1.0,,0.0,,0.0,,0.0,,0.0,,0.0,,0.0,,1.0,-1.0,0.0,-1.0,0.0,0.0,0.0,0.0,0.0,0.0
portugal,OPG092,EBC-13902,,30.0,,0.0,,1.0,,0.0,,0.0,,0.0,,0.0,,0.0,,0.0,,1.0,-1.0,0.0,-1.0,0.0,0.0,0.0,0.0,0.0,0.0
portugal,OPG092,EBC-14020,86.0,,2.0,,48.0,,187.0,,0.0,,1.0,,0.0,,16.0,,0.0,,254.0,,254.0,187.0,48.0,0.0,16.0,0.0,1.0,2.0,0.0
portugal,OPG092,EBC-14147,18.0,,4.0,,63.0,,108.0,,0.0,,0.0,,2.0,,18.0,,0.0,,195.0,,195.0,108.0,63.0,0.0,18.0,2.0,0.0,4.0,0.0
portugal,OPG092,EBC-144063,,70.0,,0.0,,0.0,,0.0,,0.0,,0.0,,0.0,,0.0,,0.0,,0.0,0.0,0.0,0.0,0.0,0.0,0.0,0.0,0.0,0.0
portugal,OPG092,EBC-144099,74.0,,7.0,,80.0,,148.0,,0.0,,1.0,,5.0,,10.0,,0.0,,251.0,,251.0,148.0,80.0,0.0,10.0,5.0,1.0,7.0,0.0
portugal,OPG092,EBC-145175,,24.0,,0.0,,1.0,,0.0,,0.0,,0.0,,1.0,,0.0,,0.0,,2.0,-2.0,0.0,-1.0,0.0,0.0,-1.0,0.0,0.0,0.0
portugal,OPG092,EBC-145226,50.0,,0.0,,81.0,,133.0,,0.0,,2.0,,5.0,,18.0,,0.0,,239.0,,239.0,133.0,81.0,0.0,18.0,5.0,2.0,0.0,0.0
portugal,OPG092,EBC-148031,16.0,,0.0,,69.0,,173.0,,0.0,,0.0,,1.0,,19.0,,0.0,,262.0,,262.0,173.0,69.0,0.0,19.0,1.0,0.0,0.0,0.0
portugal,OPG092,EBC-14816,72.0,,10.0,,63.0,,87.0,,0.0,,5.0,,3.0,,12.0,,0.0,,180.0,,180.0,87.0,63.0,0.0,12.0,3.0,5.0,10.0,0.0
portugal,OPG092,EBC-149073,99.0,,0.0,,53.0,,146.0,,0.0,,2.0,,3.0,,18.0,,0.0,,222.0,,222.0,146.0,53.0,0.0,18.0,3.0,2.0,0.0,0.0
portugal,OPG092,EBC-149094,10.0,,0.0,,42.0,,153.0,,0.0,,2.0,,1.0,,11.0,,0.0,,209.0,,209.0,153.0,42.0,0.0,11.0,1.0,2.0,0.0,0.0
portugal,OPG092,EBC-151064,,48.0,,0.0,,1.0,,0.0,,0.0,,0.0,,0.0,,0.0,,0.0,,1.0,-1.0,0.0,-1.0,0.0,0.0,0.0,0.0,0.0,0.0
portugal,OPG092,EBC-152063,,71.0,,0.0,,1.0,,2.0,,0.0,,0.0,,0.0,,0.0,,0.0,,3.0,-3.0,-2.0,-1.0,0.0,0.0,0.0,0.0,0.0,0.0
portugal,OPG092,EBC-152234,,53.0,,0.0,,0.0,,0.0,,0.0,,0.0,,0.0,,0.0,,0.0,,0.0,0.0,0.0,0.0,0.0,0.0,0.0,0.0,0.0,0.0
portugal,OPG092,EBC-152242,,65.0,,0.0,,3.0,,2.0,,0.0,,0.0,,0.0,,0.0,,0.0,,5.0,-5.0,-2.0,-3.0,0.0,0.0,0.0,0.0,0.0,0.0
portugal,OPG092,EBC-153132,,94.0,,0.0,,1.0,,0.0,,0.0,,0.0,,0.0,,0.0,,0.0,,1.0,-1.0,0.0,-1.0,0.0,0.0,0.0,0.0,0.0,0.0
portugal,OPG092,EBC-154070,53.0,,1.0,,49.0,,107.0,,0.0,,0.0,,7.0,,13.0,,0.0,,177.0,,177.0,107.0,49.0,0.0,13.0,7.0,0.0,1.0,0.0
portugal,OPG092,EBC-155071,,76.0,,0.0,,2.0,,0.0,,0.0,,1.0,,0.0,,0.0,,0.0,,3.0,-3.0,0.0,-2.0,0.0,0.0,0.0,-1.0,0.0,0.0
portugal,OPG092,EBC-157073,33.0,,0.0,,29.0,,181.0,,0.0,,2.0,,3.0,,16.0,,0.0,,231.0,,231.0,181.0,29.0,0.0,16.0,3.0,2.0,0.0,0.0
portugal,OPG092,EBC-157078,,15.0,,0.0,,2.0,,6.0,,0.0,,0.0,,0.0,,0.0,,0.0,,8.0,-8.0,-6.0,-2.0,0.0,0.0,0.0,0.0,0.0,0.0
portugal,OPG092,EBC-157212,78.0,,0.0,,49.0,,176.0,,0.0,,3.0,,3.0,,15.0,,0.0,,246.0,,246.0,176.0,49.0,0.0,15.0,3.0,3.0,0.0,0.0
portugal,OPG092,EBC-157213,52.0,,9.0,,68.0,,121.0,,0.0,,4.0,,2.0,,8.0,,0.0,,212.0,,212.0,121.0,68.0,0.0,8.0,2.0,4.0,9.0,0.0
portugal,OPG092,EBC-157219,24.0,,10.0,,69.0,,105.0,,0.0,,2.0,,0.0,,14.0,,0.0,,200.0,,200.0,105.0,69.0,0.0,14.0,0.0,2.0,10.0,0.0
portugal,OPG092,EBC-157222,85.0,,0.0,,31.0,,146.0,,0.0,,0.0,,0.0,,2.0,,0.0,,179.0,,179.0,146.0,31.0,0.0,2.0,0.0,0.0,0.0,0.0
portugal,OPG092,EBC-160034,,35.0,,0.0,,1.0,,5.0,,0.0,,0.0,,0.0,,0.0,,0.0,,6.0,-6.0,-5.0,-1.0,0.0,0.0,0.0,0.0,0.0,0.0
portugal,OPG092,EBC-160036,2.0,,3.0,,44.0,,169.0,,0.0,,1.0,,1.0,,12.0,,0.0,,230.0,,230.0,169.0,44.0,0.0,12.0,1.0,1.0,3.0,0.0
portugal,OPG092,EBC-163021,,99.0,,0.0,,4.0,,0.0,,0.0,,0.0,,0.0,,0.0,,0.0,,4.0,-4.0,0.0,-4.0,0.0,0.0,0.0,0.0,0.0,0.0
portugal,OPG092,EBC-170095,,25.0,,0.0,,0.0,,0.0,,0.0,,0.0,,0.0,,0.0,,0.0,,0.0,0.0,0.0,0.0,0.0,0.0,0.0,0.0,0.0,0.0
portugal,OPG092,EBC-203028,,64.0,,0.0,,1.0,,1.0,,0.0,,0.0,,1.0,,0.0,,0.0,,3.0,-3.0,-1.0,-1.0,0.0,0.0,-1.0,0.0,0.0,0.0
portugal,OPG092,EBC-217022,17.0,,14.0,,44.0,,120.0,,0.0,,1.0,,2.0,,33.0,,0.0,,214.0,,214.0,120.0,44.0,0.0,33.0,2.0,1.0,14.0,0.0
portugal,OPG092,EBC-218034,97.0,,0.0,,22.0,,165.0,,0.0,,1.0,,2.0,,13.0,,0.0,,203.0,,203.0,165.0,22.0,0.0,13.0,2.0,1.0,0.0,0.0
portugal,OPG092,EBC-218037,43.0,,0.0,,52.0,,129.0,,0.0,,1.0,,0.0,,9.0,,0.0,,191.0,,191.0,129.0,52.0,0.0,9.0,0.0,1.0,0.0,0.0
portugal,OPG092,EBC-218043,3.0,,0.0,,55.0,,154.0,,0.0,,2.0,,3.0,,22.0,,0.0,,236.0,,236.0,154.0,55.0,0.0,22.0,3.0,2.0,0.0,0.0
portugal,OPG092,EBC-221084,13.0,,0.0,,88.0,,117.0,,0.0,,3.0,,2.0,,15.0,,0.0,,225.0,,225.0,117.0,88.0,0.0,15.0,2.0,3.0,0.0,0.0
portugal,OPG092,EBC-23629,93.0,,0.0,,35.0,,169.0,,0.0,,0.0,,2.0,,4.0,,0.0,,210.0,,210.0,169.0,35.0,0.0,4.0,2.0,0.0,0.0,0.0
portugal,OPG092,EBC-245046,,51.0,,0.0,,2.0,,0.0,,0.0,,0.0,,0.0,,1.0,,0.0,,3.0,-3.0,0.0,-2.0,0.0,-1.0,0.0,0.0,0.0,0.0
portugal,OPG092,EBC-251155,91.0,,4.0,,57.0,,127.0,,0.0,,0.0,,2.0,,14.0,,0.0,,204.0,,204.0,127.0,57.0,0.0,14.0,2.0,0.0,4.0,0.0
portugal,OPG092,EBC-251173,36.0,,0.0,,74.0,,174.0,,0.0,,1.0,,4.0,,9.0,,0.0,,262.0,,262.0,174.0,74.0,0.0,9.0,4.0,1.0,0.0,0.0
portugal,OPG092,EBC-251242,,86.0,,0.0,,1.0,,0.0,,0.0,,0.0,,0.0,,0.0,,0.0,,1.0,-1.0,0.0,-1.0,0.0,0.0,0.0,0.0,0.0,0.0
portugal,OPG092,EBC-252056,63.0,,4.0,,70.0,,136.0,,0.0,,0.0,,1.0,,16.0,,0.0,,227.0,,227.0,136.0,70.0,0.0,16.0,1.0,0.0,4.0,0.0
portugal,OPG092,EBC-252111,,13.0,,0.0,,2.0,,9.0,,0.0,,0.0,,0.0,,1.0,,0.0,,12.0,-12.0,-9.0,-2.0,0.0,-1.0,0.0,0.0,0.0,0.0
portugal,OPG092,EBC-252122,9.0,,13.0,,45.0,,131.0,,0.0,,2.0,,3.0,,21.0,,0.0,,215.0,,215.0,131.0,45.0,0.0,21.0,3.0,2.0,13.0,0.0
portugal,OPG092,EBC-253167,,27.0,,0.0,,0.0,,2.0,,0.0,,0.0,,0.0,,0.0,,0.0,,2.0,-2.0,-2.0,0.0,0.0,0.0,0.0,0.0,0.0,0.0
portugal,OPG092,EBC-253291,80.0,,0.0,,54.0,,169.0,,0.0,,1.0,,1.0,,25.0,,0.0,,250.0,,250.0,169.0,54.0,0.0,25.0,1.0,1.0,0.0,0.0
portugal,OPG092,EBC-26098,,49.0,,0.0,,4.0,,0.0,,0.0,,0.0,,0.0,,0.0,,0.0,,4.0,-4.0,0.0,-4.0,0.0,0.0,0.0,0.0,0.0,0.0
portugal,OPG092,EBC-26171,,50.0,,0.0,,0.0,,0.0,,0.0,,0.0,,0.0,,3.0,,0.0,,3.0,-3.0,0.0,0.0,0.0,-3.0,0.0,0.0,0.0,0.0
portugal,OPG092,EBC-26180,,78.0,,0.0,,1.0,,0.0,,1.0,,0.0,,0.0,,0.0,,0.0,,2.0,-2.0,0.0,-1.0,0.0,0.0,0.0,0.0,0.0,-1.0
portugal,OPG092,EBC-27265,5.0,,5.0,,25.0,,151.0,,0.0,,1.0,,1.0,,1.0,,0.0,,184.0,,184.0,151.0,25.0,0.0,1.0,1.0,1.0,5.0,0.0
portugal,OPG092,EBC-27345,14.0,,8.0,,47.0,,106.0,,0.0,,0.0,,0.0,,9.0,,0.0,,170.0,,170.0,106.0,47.0,0.0,9.0,0.0,0.0,8.0,0.0
portugal,OPG092,EBC-27347,70.0,,1.0,,141.0,,64.0,,0.0,,2.0,,0.0,,19.0,,0.0,,227.0,,227.0,64.0,141.0,0.0,19.0,0.0,2.0,1.0,0.0
portugal,OPG092,EBC-27428,1.0,,0.0,,103.0,,125.0,,0.0,,7.0,,2.0,,31.0,,0.0,,268.0,,268.0,125.0,103.0,0.0,31.0,2.0,7.0,0.0,0.0
portugal,OPG092,EBC-28054,,97.0,,0.0,,4.0,,0.0,,0.0,,0.0,,0.0,,4.0,,0.0,,8.0,-8.0,0.0,-4.0,0.0,-4.0,0.0,0.0,0.0,0.0
portugal,OPG092,EBC-286055,45.0,,0.0,,64.0,,148.0,,0.0,,0.0,,3.0,,18.0,,0.0,,233.0,,233.0,148.0,64.0,0.0,18.0,3.0,0.0,0.0,0.0
portugal,OPG092,EBC-287042,42.0,,0.0,,53.0,,171.0,,0.0,,1.0,,1.0,,10.0,,0.0,,236.0,,236.0,171.0,53.0,0.0,10.0,1.0,1.0,0.0,0.0
portugal,OPG092,EBC-287070,11.0,,0.0,,46.0,,183.0,,0.0,,0.0,,0.0,,15.0,,0.0,,244.0,,244.0,183.0,46.0,0.0,15.0,0.0,0.0,0.0,0.0
portugal,OPG092,EBC-289041,,9.0,,0.0,,0.0,,3.0,,0.0,,0.0,,0.0,,0.0,,0.0,,3.0,-3.0,-3.0,0.0,0.0,0.0,0.0,0.0,0.0,0.0
portugal,OPG092,EBC-289112,15.0,,0.0,,29.0,,192.0,,0.0,,1.0,,2.0,,13.0,,0.0,,237.0,,237.0,192.0,29.0,0.0,13.0,2.0,1.0,0.0,0.0
portugal,OPG092,EBC-290041,29.0,,4.0,,136.0,,150.0,,0.0,,5.0,,6.0,,12.0,,0.0,,313.0,,313.0,150.0,136.0,0.0,12.0,6.0,5.0,4.0,0.0
portugal,OPG092,EBC-303070,59.0,,0.0,,26.0,,168.0,,0.0,,4.0,,2.0,,11.0,,0.0,,211.0,,211.0,168.0,26.0,0.0,11.0,2.0,4.0,0.0,0.0
portugal,OPG092,EBC-303150,64.0,,0.0,,33.0,,174.0,,0.0,,2.0,,1.0,,12.0,,0.0,,222.0,,222.0,174.0,33.0,0.0,12.0,1.0,2.0,0.0,0.0
portugal,OPG092,EBC-306048,83.0,,14.0,,78.0,,85.0,,0.0,,2.0,,0.0,,23.0,,0.0,,202.0,,202.0,85.0,78.0,0.0,23.0,0.0,2.0,14.0,0.0
portugal,OPG092,EBC-309072,57.0,,1.0,,77.0,,136.0,,0.0,,1.0,,1.0,,18.0,,0.0,,234.0,,234.0,136.0,77.0,0.0,18.0,1.0,1.0,1.0,0.0
portugal,OPG092,EBC-339118,82.0,,0.0,,91.0,,129.0,,0.0,,1.0,,1.0,,14.0,,0.0,,236.0,,236.0,129.0,91.0,0.0,14.0,1.0,1.0,0.0,0.0
portugal,OPG092,EBC-365075,,22.0,,0.0,,0.0,,1.0,,0.0,,0.0,,0.0,,0.0,,0.0,,1.0,-1.0,-1.0,0.0,0.0,0.0,0.0,0.0,0.0,0.0
portugal,OPG092,EBC-373080,71.0,,8.0,,71.0,,161.0,,0.0,,3.0,,0.0,,32.0,,0.0,,275.0,,275.0,161.0,71.0,0.0,32.0,0.0,3.0,8.0,0.0
portugal,OPG092,EBC-43021,66.0,,2.0,,59.0,,136.0,,0.0,,0.0,,0.0,,11.0,,0.0,,208.0,,208.0,136.0,59.0,0.0,11.0,0.0,0.0,2.0,0.0
portugal,OPG092,EBC-44036,,33.0,,0.0,,2.0,,2.0,,0.0,,2.0,,0.0,,0.0,,0.0,,6.0,-6.0,-2.0,-2.0,0.0,0.0,0.0,-2.0,0.0,0.0
portugal,OPG092,EBC-44117,,91.0,,0.0,,1.0,,1.0,,0.0,,0.0,,0.0,,0.0,,0.0,,2.0,-2.0,-1.0,-1.0,0.0,0.0,0.0,0.0,0.0,0.0
portugal,OPG092,EBC-44196,,83.0,,0.0,,1.0,,0.0,,0.0,,0.0,,0.0,,0.0,,0.0,,1.0,-1.0,0.0,-1.0,0.0,0.0,0.0,0.0,0.0,0.0
portugal,OPG092,EBC-44256,,14.0,,0.0,,2.0,,0.0,,0.0,,0.0,,0.0,,0.0,,0.0,,2.0,-2.0,0.0,-2.0,0.0,0.0,0.0,0.0,0.0,0.0
portugal,OPG092,EBC-44286,,95.0,,0.0,,2.0,,3.0,,0.0,,0.0,,0.0,,0.0,,0.0,,5.0,-5.0,-3.0,-2.0,0.0,0.0,0.0,0.0,0.0,0.0
portugal,OPG092,EBC-44365,79.0,,3.0,,61.0,,144.0,,0.0,,3.0,,1.0,,43.0,,0.0,,255.0,,255.0,144.0,61.0,0.0,43.0,1.0,3.0,3.0,0.0
portugal,OPG092,EBC-44384,,55.0,,0.0,,1.0,,3.0,,0.0,,0.0,,0.0,,0.0,,0.0,,4.0,-4.0,-3.0,-1.0,0.0,0.0,0.0,0.0,0.0,0.0
portugal,OPG092,EBC-44449,51.0,,13.0,,38.0,,114.0,,0.0,,1.0,,0.0,,7.0,,0.0,,173.0,,173.0,114.0,38.0,0.0,7.0,0.0,1.0,13.0,0.0
portugal,OPG092,EBC-46057,8.0,,0.0,,48.0,,215.0,,0.0,,0.0,,3.0,,9.0,,0.0,,275.0,,275.0,215.0,48.0,0.0,9.0,3.0,0.0,0.0,0.0
portugal,OPG092,EBC-46200,95.0,,6.0,,71.0,,149.0,,0.0,,2.0,,1.0,,13.0,,0.0,,242.0,,242.0,149.0,71.0,0.0,13.0,1.0,2.0,6.0,0.0
portugal,OPG092,EBC-46286,96.0,10.0,0.0,0.0,103.0,2.0,125.0,3.0,0.0,0.0,1.0,0.0,2.0,0.0,20.0,0.0,0.0,0.0,251.0,5.0,246.0,122.0,101.0,0.0,20.0,2.0,1.0,0.0,0.0
portugal,OPG092,EBC-46294,21.0,,5.0,,138.0,,115.0,,0.0,,1.0,,5.0,,16.0,,0.0,,280.0,,280.0,115.0,138.0,0.0,16.0,5.0,1.0,5.0,0.0
portugal,OPG092,EBC-47073,98.0,,12.0,,93.0,,133.0,,0.0,,3.0,,2.0,,17.0,,0.0,,260.0,,260.0,133.0,93.0,0.0,17.0,2.0,3.0,12.0,0.0
portugal,OPG092,EBC-47094,49.0,,3.0,,42.0,,104.0,,0.0,,1.0,,3.0,,11.0,,0.0,,164.0,,164.0,104.0,42.0,0.0,11.0,3.0,1.0,3.0,0.0
portugal,OPG092,EBC-47119,48.0,,0.0,,120.0,,131.0,,0.0,,3.0,,4.0,,25.0,,0.0,,283.0,,283.0,131.0,120.0,0.0,25.0,4.0,3.0,0.0,0.0
portugal,OPG092,EBC-47347,,100.0,,0.0,,1.0,,3.0,,0.0,,0.0,,0.0,,0.0,,0.0,,4.0,-4.0,-3.0,-1.0,0.0,0.0,0.0,0.0,0.0,0.0
portugal,OPG092,EBC-47582,,40.0,,0.0,,6.0,,0.0,,0.0,,0.0,,0.0,,1.0,,0.0,,7.0,-7.0,0.0,-6.0,0.0,-1.0,0.0,0.0,0.0,0.0
portugal,OPG092,EBC-48186,23.0,,11.0,,33.0,,115.0,,0.0,,1.0,,0.0,,2.0,,0.0,,162.0,,162.0,115.0,33.0,0.0,2.0,0.0,1.0,11.0,0.0
portugal,OPG092,EBC-48188,75.0,,0.0,,59.0,,154.0,,0.0,,1.0,,4.0,,11.0,,0.0,,229.0,,229.0,154.0,59.0,0.0,11.0,4.0,1.0,0.0,0.0
portugal,OPG092,EBC-48191,,43.0,,0.0,,0.0,,0.0,,0.0,,0.0,,0.0,,0.0,,0.0,,0.0,0.0,0.0,0.0,0.0,0.0,0.0,0.0,0.0,0.0
portugal,OPG092,EBC-53021,90.0,,2.0,,86.0,,114.0,,0.0,,1.0,,2.0,,12.0,,0.0,,217.0,,217.0,114.0,86.0,0.0,12.0,2.0,1.0,2.0,0.0
portugal,OPG092,EBC-54090,,63.0,,0.0,,1.0,,9.0,,0.0,,0.0,,0.0,,0.0,,0.0,,10.0,-10.0,-9.0,-1.0,0.0,0.0,0.0,0.0,0.0,0.0
portugal,OPG092,EBC-63089,12.0,,3.0,,106.0,,101.0,,0.0,,2.0,,0.0,,19.0,,0.0,,231.0,,231.0,101.0,106.0,0.0,19.0,0.0,2.0,3.0,0.0
portugal,OPG092,EBC-63096,,57.0,,0.0,,0.0,,0.0,,0.0,,0.0,,3.0,,0.0,,0.0,,3.0,-3.0,0.0,0.0,0.0,0.0,-3.0,0.0,0.0,0.0
portugal,OPG092,EBC-73130,,17.0,,0.0,,2.0,,3.0,,0.0,,0.0,,0.0,,0.0,,0.0,,5.0,-5.0,-3.0,-2.0,0.0,0.0,0.0,0.0,0.0,0.0
portugal,OPG092,EBC-80124,55.0,,0.0,,42.0,,184.0,,0.0,,0.0,,0.0,,16.0,,0.0,,242.0,,242.0,184.0,42.0,0.0,16.0,0.0,0.0,0.0,0.0
portugal,OPG092,EBC-84050,65.0,,2.0,,80.0,,123.0,,0.0,,5.0,,2.0,,18.0,,0.0,,230.0,,230.0,123.0,80.0,0.0,18.0,2.0,5.0,2.0,0.0
portugal,OPG092,EBC-99057,,11.0,,0.0,,1.0,,1.0,,0.0,,0.0,,0.0,,0.0,,0.0,,2.0,-2.0,-1.0,-1.0,0.0,0.0,0.0,0.0,0.0,0.0
portugal,OPG092,EBC-99100,,31.0,,0.0,,2.0,,0.0,,0.0,,0.0,,0.0,,0.0,,0.0,,2.0,-2.0,0.0,-2.0,0.0,0.0,0.0,0.0,0.0,0.0
portugal,OPG112,EBC-00537,,2.0,,0.0,,2.0,,1.0,,0.0,,0.0,,0.0,,1.0,,0.0,,4.0,-4.0,-1.0,-2.0,0.0,-1.0,0.0,0.0,0.0,0.0
portugal,OPG112,EBC-00588,,23.0,,0.0,,1.0,,3.0,,0.0,,2.0,,1.0,,0.0,,0.0,,7.0,-7.0,-3.0,-1.0,0.0,0.0,-1.0,-2.0,0.0,0.0
portugal,OPG112,EBC-00692,99.0,,0.0,,88.0,,73.0,,0.0,,1.0,,2.0,,6.0,,0.0,,170.0,,170.0,73.0,88.0,0.0,6.0,2.0,1.0,0.0,0.0
portugal,OPG112,EBC-00694,98.0,,7.0,,84.0,,112.0,,0.0,,0.0,,0.0,,6.0,,0.0,,209.0,,209.0,112.0,84.0,0.0,6.0,0.0,0.0,7.0,0.0
portugal,OPG112,EBC-02029,,90.0,,0.0,,1.0,,3.0,,0.0,,1.0,,0.0,,2.0,,0.0,,7.0,-7.0,-3.0,-1.0,0.0,-2.0,0.0,-1.0,0.0,0.0
portugal,OPG112,EBC-02079,16.0,,0.0,,46.0,,81.0,,0.0,,0.0,,0.0,,15.0,,0.0,,142.0,,142.0,81.0,46.0,0.0,15.0,0.0,0.0,0.0,0.0
portugal,OPG112,EBC-03157,,16.0,,0.0,,2.0,,1.0,,0.0,,0.0,,1.0,,1.0,,0.0,,5.0,-5.0,-1.0,-2.0,0.0,-1.0,-1.0,0.0,0.0,0.0
portugal,OPG112,EBC-03226,,97.0,,0.0,,2.0,,2.0,,0.0,,0.0,,0.0,,0.0,,0.0,,4.0,-4.0,-2.0,-2.0,0.0,0.0,0.0,0.0,0.0,0.0
portugal,OPG112,EBC-03233,,39.0,,0.0,,3.0,,2.0,,0.0,,0.0,,0.0,,1.0,,0.0,,6.0,-6.0,-2.0,-3.0,0.0,-1.0,0.0,0.0,0.0,0.0
portugal,OPG112,EBC-03237,,1.0,,0.0,,4.0,,1.0,,0.0,,0.0,,0.0,,0.0,,0.0,,5.0,-5.0,-1.0,-4.0,0.0,0.0,0.0,0.0,0.0,0.0
portugal,OPG112,EBC-03250,,52.0,,0.0,,1.0,,4.0,,0.0,,1.0,,0.0,,0.0,,0.0,,6.0,-6.0,-4.0,-1.0,0.0,0.0,0.0,-1.0,0.0,0.0
portugal,OPG112,EBC-03294,,78.0,,0.0,,0.0,,2.0,,0.0,,2.0,,0.0,,0.0,,0.0,,4.0,-4.0,-2.0,0.0,0.0,0.0,0.0,-2.0,0.0,0.0
portugal,OPG112,EBC-03337,,9.0,,0.0,,0.0,,2.0,,0.0,,0.0,,0.0,,0.0,,0.0,,2.0,-2.0,-2.0,0.0,0.0,0.0,0.0,0.0,0.0,0.0
portugal,OPG112,EBC-03357,,4.0,,0.0,,0.0,,4.0,,0.0,,1.0,,0.0,,0.0,,0.0,,5.0,-5.0,-4.0,0.0,0.0,0.0,0.0,-1.0,0.0,0.0
portugal,OPG112,EBC-03435,,71.0,,0.0,,2.0,,1.0,,0.0,,0.0,,0.0,,0.0,,0.0,,3.0,-3.0,-1.0,-2.0,0.0,0.0,0.0,0.0,0.0,0.0
portugal,OPG112,EBC-03550,,24.0,,0.0,,0.0,,1.0,,0.0,,0.0,,0.0,,1.0,,0.0,,2.0,-2.0,-1.0,0.0,0.0,-1.0,0.0,0.0,0.0,0.0
portugal,OPG112,EBC-03590,,100.0,,0.0,,0.0,,1.0,,0.0,,0.0,,0.0,,0.0,,0.0,,1.0,-1.0,-1.0,0.0,0.0,0.0,0.0,0.0,0.0,0.0
portugal,OPG112,EBC-03601,,63.0,,0.0,,0.0,,2.0,,0.0,,0.0,,0.0,,0.0,,0.0,,2.0,-2.0,-2.0,0.0,0.0,0.0,0.0,0.0,0.0,0.0
portugal,OPG112,EBC-03639,,40.0,,0.0,,0.0,,2.0,,0.0,,1.0,,0.0,,0.0,,0.0,,3.0,-3.0,-2.0,0.0,0.0,0.0,0.0,-1.0,0.0,0.0
portugal,OPG112,EBC-03694,,80.0,,0.0,,2.0,,3.0,,0.0,,0.0,,0.0,,0.0,,0.0,,5.0,-5.0,-3.0,-2.0,0.0,0.0,0.0,0.0,0.0,0.0
portugal,OPG112,EBC-03741,,59.0,,0.0,,0.0,,1.0,,0.0,,0.0,,0.0,,0.0,,0.0,,1.0,-1.0,-1.0,0.0,0.0,0.0,0.0,0.0,0.0,0.0
portugal,OPG112,EBC-03769,,47.0,,0.0,,3.0,,4.0,,0.0,,1.0,,0.0,,0.0,,0.0,,8.0,-8.0,-4.0,-3.0,0.0,0.0,0.0,-1.0,0.0,0.0
portugal,OPG112,EBC-03822,,45.0,,0.0,,3.0,,3.0,,0.0,,0.0,,2.0,,0.0,,0.0,,8.0,-8.0,-3.0,-3.0,0.0,0.0,-2.0,0.0,0.0,0.0
portugal,OPG112,EBC-04011,,95.0,,0.0,,1.0,,1.0,,0.0,,0.0,,1.0,,0.0,,0.0,,3.0,-3.0,-1.0,-1.0,0.0,0.0,-1.0,0.0,0.0,0.0
portugal,OPG112,EBC-04045,,75.0,,0.0,,3.0,,0.0,,0.0,,0.0,,0.0,,0.0,,0.0,,3.0,-3.0,0.0,-3.0,0.0,0.0,0.0,0.0,0.0,0.0
portugal,OPG112,EBC-04147,,32.0,,0.0,,0.0,,2.0,,0.0,,2.0,,0.0,,0.0,,0.0,,4.0,-4.0,-2.0,0.0,0.0,0.0,0.0,-2.0,0.0,0.0
portugal,OPG112,EBC-04215,,14.0,,0.0,,5.0,,1.0,,0.0,,0.0,,0.0,,0.0,,0.0,,6.0,-6.0,-1.0,-5.0,0.0,0.0,0.0,0.0,0.0,0.0
portugal,OPG112,EBC-06035,,64.0,,0.0,,0.0,,2.0,,0.0,,0.0,,0.0,,0.0,,0.0,,2.0,-2.0,-2.0,0.0,0.0,0.0,0.0,0.0,0.0,0.0
portugal,OPG112,EBC-06036,,54.0,,0.0,,0.0,,1.0,,0.0,,0.0,,0.0,,0.0,,0.0,,1.0,-1.0,-1.0,0.0,0.0,0.0,0.0,0.0,0.0,0.0
portugal,OPG112,EBC-06061,75.0,,0.0,,51.0,,77.0,,0.0,,0.0,,1.0,,18.0,,0.0,,147.0,,147.0,77.0,51.0,0.0,18.0,1.0,0.0,0.0,0.0
portugal,OPG112,EBC-06062,46.0,,0.0,,51.0,,126.0,,0.0,,2.0,,0.0,,5.0,,0.0,,184.0,,184.0,126.0,51.0,0.0,5.0,0.0,2.0,0.0,0.0
portugal,OPG112,EBC-06079,,88.0,,0.0,,1.0,,1.0,,0.0,,0.0,,0.0,,0.0,,0.0,,2.0,-2.0,-1.0,-1.0,0.0,0.0,0.0,0.0,0.0,0.0
portugal,OPG112,EBC-06222,,33.0,,0.0,,0.0,,5.0,,0.0,,0.0,,0.0,,0.0,,0.0,,5.0,-5.0,-5.0,0.0,0.0,0.0,0.0,0.0,0.0,0.0
portugal,OPG112,EBC-06239,,18.0,,0.0,,0.0,,5.0,,0.0,,0.0,,0.0,,0.0,,0.0,,5.0,-5.0,-5.0,0.0,0.0,0.0,0.0,0.0,0.0,0.0
portugal,OPG112,EBC-06298,,98.0,,0.0,,1.0,,1.0,,0.0,,0.0,,0.0,,0.0,,0.0,,2.0,-2.0,-1.0,-1.0,0.0,0.0,0.0,0.0,0.0,0.0
portugal,OPG112,EBC-06354,,58.0,,0.0,,0.0,,2.0,,0.0,,0.0,,0.0,,0.0,,0.0,,2.0,-2.0,-2.0,0.0,0.0,0.0,0.0,0.0,0.0,0.0
portugal,OPG112,EBC-06364,,85.0,,0.0,,0.0,,2.0,,0.0,,0.0,,0.0,,0.0,,0.0,,2.0,-2.0,-2.0,0.0,0.0,0.0,0.0,0.0,0.0,0.0
portugal,OPG112,EBC-06383,,15.0,,0.0,,2.0,,2.0,,0.0,,0.0,,1.0,,0.0,,0.0,,5.0,-5.0,-2.0,-2.0,0.0,0.0,-1.0,0.0,0.0,0.0
portugal,OPG112,EBC-06401,,17.0,,0.0,,4.0,,2.0,,0.0,,0.0,,1.0,,0.0,,0.0,,7.0,-7.0,-2.0,-4.0,0.0,0.0,-1.0,0.0,0.0,0.0
portugal,OPG112,EBC-06407,,34.0,,0.0,,0.0,,4.0,,0.0,,1.0,,0.0,,0.0,,0.0,,5.0,-5.0,-4.0,0.0,0.0,0.0,0.0,-1.0,0.0,0.0
portugal,OPG112,EBC-06510,,94.0,,0.0,,1.0,,5.0,,0.0,,2.0,,0.0,,0.0,,0.0,,8.0,-8.0,-5.0,-1.0,0.0,0.0,0.0,-2.0,0.0,0.0
portugal,OPG112,EBC-06673,,99.0,,0.0,,0.0,,3.0,,0.0,,0.0,,0.0,,0.0,,0.0,,3.0,-3.0,-3.0,0.0,0.0,0.0,0.0,0.0,0.0,0.0
portugal,OPG112,EBC-06760,,70.0,,0.0,,2.0,,0.0,,0.0,,0.0,,0.0,,0.0,,0.0,,2.0,-2.0,0.0,-2.0,0.0,0.0,0.0,0.0,0.0,0.0
portugal,OPG112,EBC-06798,,29.0,,0.0,,1.0,,3.0,,0.0,,2.0,,0.0,,2.0,,0.0,,8.0,-8.0,-3.0,-1.0,0.0,-2.0,0.0,-2.0,0.0,0.0
portugal,OPG112,EBC-06841,,49.0,,0.0,,1.0,,4.0,,0.0,,1.0,,0.0,,0.0,,0.0,,6.0,-6.0,-4.0,-1.0,0.0,0.0,0.0,-1.0,0.0,0.0
portugal,OPG112,EBC-06975,,12.0,,0.0,,2.0,,1.0,,0.0,,0.0,,0.0,,0.0,,0.0,,3.0,-3.0,-1.0,-2.0,0.0,0.0,0.0,0.0,0.0,0.0
portugal,OPG112,EBC-07157,67.0,,0.0,,46.0,,71.0,,0.0,,3.0,,5.0,,12.0,,0.0,,137.0,,137.0,71.0,46.0,0.0,12.0,5.0,3.0,0.0,0.0
portugal,OPG112,EBC-07305,,87.0,,0.0,,1.0,,3.0,,0.0,,0.0,,0.0,,0.0,,0.0,,4.0,-4.0,-3.0,-1.0,0.0,0.0,0.0,0.0,0.0,0.0
portugal,OPG112,EBC-07462,71.0,,0.0,,44.0,,101.0,,0.0,,1.0,,1.0,,5.0,,0.0,,152.0,,152.0,101.0,44.0,0.0,5.0,1.0,1.0,0.0,0.0
portugal,OPG112,EBC-07483,,83.0,,0.0,,0.0,,0.0,,0.0,,0.0,,0.0,,0.0,,0.0,,0.0,0.0,0.0,0.0,0.0,0.0,0.0,0.0,0.0,0.0
portugal,OPG112,EBC-07498,,21.0,,1.0,,1.0,,3.0,,0.0,,3.0,,0.0,,0.0,,0.0,,8.0,-8.0,-3.0,-1.0,0.0,0.0,0.0,-3.0,-1.0,0.0
portugal,OPG112,EBC-07503,,28.0,,0.0,,1.0,,3.0,,0.0,,3.0,,0.0,,0.0,,0.0,,7.0,-7.0,-3.0,-1.0,0.0,0.0,0.0,-3.0,0.0,0.0
portugal,OPG112,EBC-07511,,27.0,,0.0,,1.0,,5.0,,0.0,,3.0,,0.0,,0.0,,0.0,,9.0,-9.0,-5.0,-1.0,0.0,0.0,0.0,-3.0,0.0,0.0
portugal,OPG112,EBC-07537,,82.0,,0.0,,2.0,,2.0,,0.0,,0.0,,0.0,,0.0,,0.0,,4.0,-4.0,-2.0,-2.0,0.0,0.0,0.0,0.0,0.0,0.0
portugal,OPG112,EBC-07798,,74.0,,0.0,,1.0,,5.0,,0.0,,0.0,,0.0,,0.0,,0.0,,6.0,-6.0,-5.0,-1.0,0.0,0.0,0.0,0.0,0.0,0.0
portugal,OPG112,EBC-07850,,84.0,,0.0,,1.0,,5.0,,0.0,,0.0,,1.0,,0.0,,0.0,,7.0,-7.0,-5.0,-1.0,0.0,0.0,-1.0,0.0,0.0,0.0
portugal,OPG112,EBC-07868,76.0,,0.0,,59.0,,81.0,,0.0,,1.0,,0.0,,5.0,,0.0,,146.0,,146.0,81.0,59.0,0.0,5.0,0.0,1.0,0.0,0.0
portugal,OPG112,EBC-07918,,41.0,,0.0,,2.0,,5.0,,0.0,,1.0,,0.0,,0.0,,0.0,,8.0,-8.0,-5.0,-2.0,0.0,0.0,0.0,-1.0,0.0,0.0
portugal,OPG112,EBC-07940,62.0,,7.0,,84.0,,79.0,,0.0,,1.0,,0.0,,7.0,,0.0,,178.0,,178.0,79.0,84.0,0.0,7.0,0.0,1.0,7.0,0.0
portugal,OPG112,EBC-07954,,19.0,,0.0,,3.0,,3.0,,0.0,,0.0,,1.0,,0.0,,0.0,,7.0,-7.0,-3.0,-3.0,0.0,0.0,-1.0,0.0,0.0,0.0
portugal,OPG112,EBC-07988,11.0,,1.0,,95.0,,143.0,,0.0,,2.0,,0.0,,9.0,,0.0,,250.0,,250.0,143.0,95.0,0.0,9.0,0.0,2.0,1.0,0.0
portugal,OPG112,EBC-08103,,26.0,,1.0,,0.0,,1.0,,0.0,,1.0,,0.0,,0.0,,0.0,,3.0,-3.0,-1.0,0.0,0.0,0.0,0.0,-1.0,-1.0,0.0
portugal,OPG112,EBC-08122,,38.0,,0.0,,2.0,,0.0,,0.0,,0.0,,0.0,,0.0,,0.0,,2.0,-2.0,0.0,-2.0,0.0,0.0,0.0,0.0,0.0,0.0
portugal,OPG112,EBC-08154,,76.0,,0.0,,0.0,,0.0,,0.0,,0.0,,1.0,,0.0,,0.0,,1.0,-1.0,0.0,0.0,0.0,0.0,-1.0,0.0,0.0,0.0
portugal,OPG112,EBC-08237,,53.0,,0.0,,0.0,,2.0,,0.0,,0.0,,0.0,,0.0,,0.0,,2.0,-2.0,-2.0,0.0,0.0,0.0,0.0,0.0,0.0,0.0
portugal,OPG112,EBC-08307,,36.0,,0.0,,1.0,,6.0,,0.0,,1.0,,0.0,,0.0,,0.0,,8.0,-8.0,-6.0,-1.0,0.0,0.0,0.0,-1.0,0.0,0.0
portugal,OPG112,EBC-08507,,89.0,,0.0,,1.0,,2.0,,0.0,,0.0,,2.0,,0.0,,0.0,,5.0,-5.0,-2.0,-1.0,0.0,0.0,-2.0,0.0,0.0,0.0
portugal,OPG112,EBC-08560,95.0,,0.0,,39.0,,141.0,,0.0,,3.0,,2.0,,2.0,,0.0,,187.0,,187.0,141.0,39.0,0.0,2.0,2.0,3.0,0.0,0.0
portugal,OPG112,EBC-08573,69.0,,2.0,,73.0,,77.0,,0.0,,0.0,,0.0,,5.0,,0.0,,157.0,,157.0,77.0,73.0,0.0,5.0,0.0,0.0,2.0,0.0
portugal,OPG112,EBC-08615,4.0,,0.0,,83.0,,88.0,,0.0,,0.0,,0.0,,12.0,,0.0,,183.0,,183.0,88.0,83.0,0.0,12.0,0.0,0.0,0.0,0.0
portugal,OPG112,EBC-08618,,72.0,,0.0,,3.0,,0.0,,0.0,,0.0,,1.0,,0.0,,0.0,,4.0,-4.0,0.0,-3.0,0.0,0.0,-1.0,0.0,0.0,0.0
portugal,OPG112,EBC-08645,,31.0,,0.0,,0.0,,2.0,,0.0,,0.0,,0.0,,0.0,,0.0,,2.0,-2.0,-2.0,0.0,0.0,0.0,0.0,0.0,0.0,0.0
portugal,OPG112,EBC-08671,70.0,,0.0,,68.0,,68.0,,0.0,,1.0,,0.0,,1.0,,0.0,,138.0,,138.0,68.0,68.0,0.0,1.0,0.0,1.0,0.0,0.0
portugal,OPG112,EBC-08708,,57.0,,0.0,,1.0,,1.0,,0.0,,0.0,,0.0,,0.0,,0.0,,2.0,-2.0,-1.0,-1.0,0.0,0.0,0.0,0.0,0.0,0.0
portugal,OPG112,EBC-08788,22.0,,0.0,,43.0,,127.0,,0.0,,0.0,,0.0,,1.0,,0.0,,171.0,,171.0,127.0,43.0,0.0,1.0,0.0,0.0,0.0,0.0
portugal,OPG112,EBC-08908,14.0,,2.0,,78.0,,112.0,,0.0,,4.0,,1.0,,4.0,,0.0,,201.0,,201.0,112.0,78.0,0.0,4.0,1.0,4.0,2.0,0.0
portugal,OPG112,EBC-08915,25.0,,0.0,,34.0,,148.0,,0.0,,0.0,,0.0,,5.0,,0.0,,187.0,,187.0,148.0,34.0,0.0,5.0,0.0,0.0,0.0,0.0
portugal,OPG112,EBC-09029,43.0,,15.0,,49.0,,69.0,,0.0,,1.0,,0.0,,4.0,,0.0,,138.0,,138.0,69.0,49.0,0.0,4.0,0.0,1.0,15.0,0.0
portugal,OPG112,EBC-09064,,56.0,,0.0,,0.0,,0.0,,0.0,,0.0,,0.0,,0.0,,0.0,,0.0,0.0,0.0,0.0,0.0,0.0,0.0,0.0,0.0,0.0
portugal,OPG112,EBC-09085,90.0,,0.0,,45.0,,96.0,,0.0,,2.0,,0.0,,6.0,,0.0,,149.0,,149.0,96.0,45.0,0.0,6.0,0.0,2.0,0.0,0.0
portugal,OPG112,EBC-09132,97.0,,13.0,,46.0,,88.0,,0.0,,1.0,,0.0,,8.0,,0.0,,156.0,,156.0,88.0,46.0,0.0,8.0,0.0,1.0,13.0,0.0
portugal,OPG112,EBC-09202,26.0,,2.0,,68.0,,97.0,,0.0,,0.0,,1.0,,3.0,,0.0,,171.0,,171.0,97.0,68.0,0.0,3.0,1.0,0.0,2.0,0.0
portugal,OPG112,EBC-102119,50.0,,0.0,,106.0,,86.0,,0.0,,0.0,,1.0,,4.0,,0.0,,197.0,,197.0,86.0,106.0,0.0,4.0,1.0,0.0,0.0,0.0
portugal,OPG112,EBC-11029,36.0,,0.0,,94.0,,120.0,,0.0,,0.0,,0.0,,2.0,,0.0,,216.0,,216.0,120.0,94.0,0.0,2.0,0.0,0.0,0.0,0.0
portugal,OPG112,EBC-11035,,61.0,,0.0,,0.0,,0.0,,0.0,,0.0,,1.0,,0.0,,0.0,,1.0,-1.0,0.0,0.0,0.0,0.0,-1.0,0.0,0.0,0.0
portugal,OPG112,EBC-11230,65.0,,0.0,,68.0,,94.0,,0.0,,4.0,,0.0,,6.0,,0.0,,172.0,,172.0,94.0,68.0,0.0,6.0,0.0,4.0,0.0,0.0
portugal,OPG112,EBC-11281,89.0,,20.0,,34.0,,91.0,,0.0,,0.0,,0.0,,5.0,,0.0,,150.0,,150.0,91.0,34.0,0.0,5.0,0.0,0.0,20.0,0.0
portugal,OPG112,EBC-11364,21.0,,8.0,,74.0,,61.0,,0.0,,0.0,,0.0,,27.0,,0.0,,170.0,,170.0,61.0,74.0,0.0,27.0,0.0,0.0,8.0,0.0
portugal,OPG112,EBC-11367,83.0,,0.0,,73.0,,95.0,,0.0,,2.0,,1.0,,8.0,,0.0,,179.0,,179.0,95.0,73.0,0.0,8.0,1.0,2.0,0.0,0.0
portugal,OPG112,EBC-11433,58.0,,8.0,,96.0,,96.0,,0.0,,1.0,,0.0,,11.0,,0.0,,212.0,,212.0,96.0,96.0,0.0,11.0,0.0,1.0,8.0,0.0
portugal,OPG112,EBC-118033,23.0,,5.0,,65.0,,79.0,,0.0,,1.0,,0.0,,7.0,,0.0,,157.0,,157.0,79.0,65.0,0.0,7.0,0.0,1.0,5.0,0.0
portugal,OPG112,EBC-12063,86.0,,0.0,,101.0,,58.0,,0.0,,2.0,,1.0,,19.0,,0.0,,181.0,,181.0,58.0,101.0,0.0,19.0,1.0,2.0,0.0,0.0
portugal,OPG112,EBC-12147,96.0,,2.0,,84.0,,61.0,,0.0,,0.0,,0.0,,6.0,,0.0,,153.0,,153.0,61.0,84.0,0.0,6.0,0.0,0.0,2.0,0.0
portugal,OPG112,EBC-12821,81.0,,0.0,,105.0,,72.0,,0.0,,2.0,,0.0,,18.0,,0.0,,197.0,,197.0,72.0,105.0,0.0,18.0,0.0,2.0,0.0,0.0
portugal,OPG112,EBC-12878,47.0,,0.0,,88.0,,106.0,,0.0,,0.0,,1.0,,9.0,,0.0,,204.0,,204.0,106.0,88.0,0.0,9.0,1.0,0.0,0.0,0.0
portugal,OPG112,EBC-12884,82.0,,13.0,,64.0,,86.0,,0.0,,2.0,,2.0,,12.0,,0.0,,179.0,,179.0,86.0,64.0,0.0,12.0,2.0,2.0,13.0,0.0
portugal,OPG112,EBC-12998,,92.0,,0.0,,2.0,,1.0,,0.0,,0.0,,0.0,,0.0,,0.0,,3.0,-3.0,-1.0,-2.0,0.0,0.0,0.0,0.0,0.0,0.0
portugal,OPG112,EBC-13002,34.0,,7.0,,78.0,,88.0,,0.0,,3.0,,0.0,,3.0,,0.0,,179.0,,179.0,88.0,78.0,0.0,3.0,0.0,3.0,7.0,0.0
portugal,OPG112,EBC-13064,52.0,,6.0,,63.0,,105.0,,0.0,,2.0,,0.0,,5.0,,0.0,,181.0,,181.0,105.0,63.0,0.0,5.0,0.0,2.0,6.0,0.0
portugal,OPG112,EBC-13071,73.0,,0.0,,62.0,,143.0,,0.0,,1.0,,0.0,,2.0,,0.0,,208.0,,208.0,143.0,62.0,0.0,2.0,0.0,1.0,0.0,0.0
portugal,OPG112,EBC-131022,48.0,,13.0,,68.0,,81.0,,0.0,,1.0,,0.0,,1.0,,0.0,,164.0,,164.0,81.0,68.0,0.0,1.0,0.0,1.0,13.0,0.0
portugal,OPG112,EBC-13120,56.0,,0.0,,78.0,,120.0,,0.0,,1.0,,0.0,,11.0,,0.0,,210.0,,210.0,120.0,78.0,0.0,11.0,0.0,1.0,0.0,0.0
portugal,OPG112,EBC-13129,54.0,,5.0,,42.0,,80.0,,0.0,,1.0,,0.0,,15.0,,0.0,,143.0,,143.0,80.0,42.0,0.0,15.0,0.0,1.0,5.0,0.0
portugal,OPG112,EBC-13168,94.0,,6.0,,50.0,,125.0,,0.0,,0.0,,2.0,,2.0,,0.0,,185.0,,185.0,125.0,50.0,0.0,2.0,2.0,0.0,6.0,0.0
portugal,OPG112,EBC-13184,39.0,,2.0,,68.0,,121.0,,0.0,,1.0,,0.0,,13.0,,0.0,,205.0,,205.0,121.0,68.0,0.0,13.0,0.0,1.0,2.0,0.0
portugal,OPG112,EBC-13192,40.0,,4.0,,57.0,,91.0,,0.0,,1.0,,0.0,,8.0,,0.0,,161.0,,161.0,91.0,57.0,0.0,8.0,0.0,1.0,4.0,0.0
portugal,OPG112,EBC-13472,61.0,,8.0,,82.0,,63.0,,0.0,,0.0,,0.0,,4.0,,0.0,,157.0,,157.0,63.0,82.0,0.0,4.0,0.0,0.0,8.0,0.0
portugal,OPG112,EBC-13572,27.0,,2.0,,49.0,,96.0,,0.0,,1.0,,1.0,,0.0,,0.0,,149.0,,149.0,96.0,49.0,0.0,0.0,1.0,1.0,2.0,0.0
portugal,OPG112,EBC-13579,74.0,,0.0,,91.0,,66.0,,0.0,,0.0,,0.0,,10.0,,0.0,,167.0,,167.0,66.0,91.0,0.0,10.0,0.0,0.0,0.0,0.0
portugal,OPG112,EBC-13607,1.0,,0.0,,69.0,,153.0,,0.0,,6.0,,1.0,,14.0,,0.0,,243.0,,243.0,153.0,69.0,0.0,14.0,1.0,6.0,0.0,0.0
portugal,OPG112,EBC-13718,,93.0,,0.0,,5.0,,1.0,,0.0,,1.0,,0.0,,0.0,,0.0,,7.0,-7.0,-1.0,-5.0,0.0,0.0,0.0,-1.0,0.0,0.0
portugal,OPG112,EBC-14147,60.0,,1.0,,54.0,,79.0,,0.0,,1.0,,1.0,,26.0,,0.0,,162.0,,162.0,79.0,54.0,0.0,26.0,1.0,1.0,1.0,0.0
portugal,OPG112,EBC-14214,49.0,,5.0,,41.0,,130.0,,0.0,,1.0,,0.0,,4.0,,0.0,,181.0,,181.0,130.0,41.0,0.0,4.0,0.0,1.0,5.0,0.0
portugal,OPG112,EBC-145085,77.0,48.0,8.0,1.0,54.0,1.0,89.0,2.0,0.0,0.0,1.0,0.0,1.0,1.0,2.0,0.0,0.0,0.0,155.0,5.0,150.0,87.0,53.0,0.0,2.0,0.0,1.0,7.0,0.0
portugal,OPG112,EBC-145175,,11.0,,0.0,,1.0,,1.0,,0.0,,0.0,,0.0,,0.0,,0.0,,2.0,-2.0,-1.0,-1.0,0.0,0.0,0.0,0.0,0.0,0.0
portugal,OPG112,EBC-145190,,44.0,,0.0,,0.0,,1.0,,0.0,,0.0,,0.0,,0.0,,0.0,,1.0,-1.0,-1.0,0.0,0.0,0.0,0.0,0.0,0.0,0.0
portugal,OPG112,EBC-145226,17.0,,0.0,,95.0,,93.0,,0.0,,1.0,,1.0,,4.0,,0.0,,194.0,,194.0,93.0,95.0,0.0,4.0,1.0,1.0,0.0,0.0
portugal,OPG112,EBC-148031,13.0,,0.0,,76.0,,150.0,,0.0,,2.0,,0.0,,13.0,,0.0,,241.0,,241.0,150.0,76.0,0.0,13.0,0.0,2.0,0.0,0.0
portugal,OPG112,EBC-148045,,73.0,,0.0,,0.0,,2.0,,0.0,,0.0,,0.0,,0.0,,0.0,,2.0,-2.0,-2.0,0.0,0.0,0.0,0.0,0.0,0.0,0.0
portugal,OPG112,EBC-148066,,46.0,,0.0,,0.0,,0.0,,0.0,,0.0,,0.0,,0.0,,0.0,,0.0,0.0,0.0,0.0,0.0,0.0,0.0,0.0,0.0,0.0
portugal,OPG112,EBC-149094,19.0,,0.0,,60.0,,98.0,,0.0,,3.0,,0.0,,15.0,,0.0,,176.0,,176.0,98.0,60.0,0.0,15.0,0.0,3.0,0.0,0.0
portugal,OPG112,EBC-149105,,55.0,,0.0,,0.0,,1.0,,0.0,,0.0,,0.0,,0.0,,0.0,,1.0,-1.0,-1.0,0.0,0.0,0.0,0.0,0.0,0.0,0.0
portugal,OPG112,EBC-151028,,65.0,,0.0,,0.0,,0.0,,0.0,,0.0,,0.0,,0.0,,0.0,,0.0,0.0,0.0,0.0,0.0,0.0,0.0,0.0,0.0,0.0
portugal,OPG112,EBC-152315,,22.0,,0.0,,0.0,,2.0,,0.0,,1.0,,0.0,,1.0,,0.0,,4.0,-4.0,-2.0,0.0,0.0,-1.0,0.0,-1.0,0.0,0.0
portugal,OPG112,EBC-153060,,81.0,,0.0,,0.0,,3.0,,0.0,,0.0,,0.0,,0.0,,0.0,,3.0,-3.0,-3.0,0.0,0.0,0.0,0.0,0.0,0.0,0.0
portugal,OPG112,EBC-153063,,37.0,,0.0,,0.0,,3.0,,0.0,,1.0,,0.0,,1.0,,0.0,,5.0,-5.0,-3.0,0.0,0.0,-1.0,0.0,-1.0,0.0,0.0
portugal,OPG112,EBC-153178,,67.0,,0.0,,0.0,,2.0,,0.0,,0.0,,0.0,,0.0,,0.0,,2.0,-2.0,-2.0,0.0,0.0,0.0,0.0,0.0,0.0,0.0
portugal,OPG112,EBC-155022,,42.0,,0.0,,1.0,,4.0,,0.0,,1.0,,0.0,,1.0,,0.0,,7.0,-7.0,-4.0,-1.0,0.0,-1.0,0.0,-1.0,0.0,0.0
portugal,OPG112,EBC-157025,78.0,,2.0,,62.0,,71.0,,0.0,,0.0,,1.0,,4.0,,0.0,,140.0,,140.0,71.0,62.0,0.0,4.0,1.0,0.0,2.0,0.0
portugal,OPG112,EBC-157073,59.0,,0.0,,36.0,,150.0,,0.0,,1.0,,1.0,,5.0,,0.0,,193.0,,193.0,150.0,36.0,0.0,5.0,1.0,1.0,0.0,0.0
portugal,OPG112,EBC-157197,88.0,,0.0,,65.0,,89.0,,0.0,,1.0,,2.0,,5.0,,0.0,,162.0,,162.0,89.0,65.0,0.0,5.0,2.0,1.0,0.0,0.0
portugal,OPG112,EBC-157212,57.0,,0.0,,86.0,,116.0,,0.0,,1.0,,0.0,,6.0,,0.0,,209.0,,209.0,116.0,86.0,0.0,6.0,0.0,1.0,0.0,0.0
portugal,OPG112,EBC-157213,72.0,,4.0,,65.0,,74.0,,0.0,,1.0,,0.0,,7.0,,0.0,,151.0,,151.0,74.0,65.0,0.0,7.0,0.0,1.0,4.0,0.0
portugal,OPG112,EBC-157228,,91.0,,0.0,,0.0,,5.0,,0.0,,1.0,,0.0,,0.0,,0.0,,6.0,-6.0,-5.0,0.0,0.0,0.0,0.0,-1.0,0.0,0.0
portugal,OPG112,EBC-157241,68.0,,4.0,,62.0,,95.0,,0.0,,1.0,,0.0,,9.0,,0.0,,171.0,,171.0,95.0,62.0,0.0,9.0,0.0,1.0,4.0,0.0
portugal,OPG112,EBC-160036,9.0,,1.0,,38.0,,108.0,,0.0,,2.0,,2.0,,6.0,,0.0,,157.0,,157.0,108.0,38.0,0.0,6.0,2.0,2.0,1.0,0.0
portugal,OPG112,EBC-167026,,77.0,,0.0,,2.0,,1.0,,0.0,,0.0,,0.0,,1.0,,0.0,,4.0,-4.0,-1.0,-2.0,0.0,-1.0,0.0,0.0,0.0,0.0
portugal,OPG112,EBC-17121,29.0,,0.0,,84.0,,71.0,,0.0,,0.0,,0.0,,16.0,,0.0,,171.0,,171.0,71.0,84.0,0.0,16.0,0.0,0.0,0.0,0.0
portugal,OPG112,EBC-216028,,68.0,,0.0,,0.0,,2.0,,0.0,,1.0,,0.0,,0.0,,0.0,,3.0,-3.0,-2.0,0.0,0.0,0.0,0.0,-1.0,0.0,0.0
portugal,OPG112,EBC-217022,24.0,,8.0,,78.0,,92.0,,0.0,,0.0,,1.0,,16.0,,0.0,,195.0,,195.0,92.0,78.0,0.0,16.0,1.0,0.0,8.0,0.0
portugal,OPG112,EBC-218043,2.0,,0.0,,75.0,,114.0,,0.0,,3.0,,1.0,,8.0,,0.0,,201.0,,201.0,114.0,75.0,0.0,8.0,1.0,3.0,0.0,0.0
portugal,OPG112,EBC-221084,7.0,,0.0,,73.0,,79.0,,0.0,,3.0,,1.0,,12.0,,0.0,,168.0,,168.0,79.0,73.0,0.0,12.0,1.0,3.0,0.0,0.0
portugal,OPG112,EBC-248072,,10.0,,0.0,,1.0,,0.0,,0.0,,0.0,,0.0,,1.0,,0.0,,2.0,-2.0,0.0,-1.0,0.0,-1.0,0.0,0.0,0.0,0.0
portugal,OPG112,EBC-251173,66.0,,0.0,,95.0,,106.0,,0.0,,1.0,,1.0,,13.0,,0.0,,216.0,,216.0,106.0,95.0,0.0,13.0,1.0,1.0,0.0,0.0
portugal,OPG112,EBC-252056,93.0,,5.0,,72.0,,70.0,,0.0,,2.0,,0.0,,5.0,,0.0,,154.0,,154.0,70.0,72.0,0.0,5.0,0.0,2.0,5.0,0.0
portugal,OPG112,EBC-252122,44.0,,12.0,,51.0,,95.0,,0.0,,2.0,,1.0,,13.0,,0.0,,174.0,,174.0,95.0,51.0,0.0,13.0,1.0,2.0,12.0,0.0
portugal,OPG112,EBC-253180,100.0,,5.0,,80.0,,88.0,,0.0,,0.0,,1.0,,11.0,,0.0,,185.0,,185.0,88.0,80.0,0.0,11.0,1.0,0.0,5.0,0.0
portugal,OPG112,EBC-26235,,30.0,,0.0,,1.0,,2.0,,0.0,,0.0,,0.0,,0.0,,0.0,,3.0,-3.0,-2.0,-1.0,0.0,0.0,0.0,0.0,0.0,0.0
portugal,OPG112,EBC-26614,,43.0,,0.0,,1.0,,4.0,,0.0,,1.0,,0.0,,0.0,,0.0,,6.0,-6.0,-4.0,-1.0,0.0,0.0,0.0,-1.0,0.0,0.0
portugal,OPG112,EBC-27122,64.0,,5.0,,71.0,,48.0,,0.0,,1.0,,1.0,,9.0,,0.0,,135.0,,135.0,48.0,71.0,0.0,9.0,1.0,1.0,5.0,0.0
portugal,OPG112,EBC-27265,6.0,,3.0,,12.0,,127.0,,0.0,,1.0,,0.0,,2.0,,0.0,,145.0,,145.0,127.0,12.0,0.0,2.0,0.0,1.0,3.0,0.0
portugal,OPG112,EBC-27284,41.0,,0.0,,49.0,,156.0,,0.0,,0.0,,0.0,,6.0,,0.0,,211.0,,211.0,156.0,49.0,0.0,6.0,0.0,0.0,0.0,0.0
portugal,OPG112,EBC-27345,18.0,,7.0,,51.0,,95.0,,0.0,,0.0,,0.0,,1.0,,0.0,,154.0,,154.0,95.0,51.0,0.0,1.0,0.0,0.0,7.0,0.0
portugal,OPG112,EBC-27428,10.0,,0.0,,102.0,,108.0,,0.0,,1.0,,0.0,,7.0,,0.0,,218.0,,218.0,108.0,102.0,0.0,7.0,0.0,1.0,0.0,0.0
portugal,OPG112,EBC-286055,37.0,,0.0,,74.0,,111.0,,0.0,,1.0,,1.0,,9.0,,0.0,,196.0,,196.0,111.0,74.0,0.0,9.0,1.0,1.0,0.0,0.0
portugal,OPG112,EBC-289112,80.0,,0.0,,43.0,,123.0,,0.0,,6.0,,0.0,,3.0,,0.0,,175.0,,175.0,123.0,43.0,0.0,3.0,0.0,6.0,0.0,0.0
portugal,OPG112,EBC-290041,3.0,,8.0,,113.0,,106.0,,0.0,,0.0,,1.0,,11.0,,0.0,,239.0,,239.0,106.0,113.0,0.0,11.0,1.0,0.0,8.0,0.0
portugal,OPG112,EBC-291106,63.0,,0.0,,54.0,,122.0,,0.0,,0.0,,1.0,,2.0,,0.0,,179.0,,179.0,122.0,54.0,0.0,2.0,1.0,0.0,0.0,0.0
portugal,OPG112,EBC-291167,53.0,,8.0,,67.0,,76.0,,0.0,,2.0,,1.0,,11.0,,0.0,,165.0,,165.0,76.0,67.0,0.0,11.0,1.0,2.0,8.0,0.0
portugal,OPG112,EBC-303064,,62.0,,0.0,,0.0,,1.0,,0.0,,1.0,,0.0,,0.0,,0.0,,2.0,-2.0,-1.0,0.0,0.0,0.0,0.0,-1.0,0.0,0.0
portugal,OPG112,EBC-303150,92.0,,0.0,,41.0,,128.0,,0.0,,3.0,,1.0,,4.0,,0.0,,177.0,,177.0,128.0,41.0,0.0,4.0,1.0,3.0,0.0,0.0
portugal,OPG112,EBC-303249,,35.0,,2.0,,1.0,,5.0,,0.0,,0.0,,0.0,,0.0,,0.0,,8.0,-8.0,-5.0,-1.0,0.0,0.0,0.0,0.0,-2.0,0.0
portugal,OPG112,EBC-306048,15.0,,11.0,,65.0,,54.0,,0.0,,0.0,,0.0,,11.0,,0.0,,141.0,,141.0,54.0,65.0,0.0,11.0,0.0,0.0,11.0,0.0
portugal,OPG112,EBC-312044,38.0,,13.0,,61.0,,88.0,,0.0,,1.0,,4.0,,9.0,,0.0,,176.0,,176.0,88.0,61.0,0.0,9.0,4.0,1.0,13.0,0.0
portugal,OPG112,EBC-346043,,5.0,,0.0,,1.0,,4.0,,0.0,,0.0,,0.0,,0.0,,0.0,,5.0,-5.0,-4.0,-1.0,0.0,0.0,0.0,0.0,0.0,0.0
portugal,OPG112,EBC-352058,33.0,,0.0,,65.0,,107.0,,0.0,,1.0,,0.0,,2.0,,0.0,,175.0,,175.0,107.0,65.0,0.0,2.0,0.0,1.0,0.0,0.0
portugal,OPG112,EBC-36035,,13.0,,0.0,,0.0,,1.0,,0.0,,0.0,,0.0,,0.0,,0.0,,1.0,-1.0,-1.0,0.0,0.0,0.0,0.0,0.0,0.0,0.0
portugal,OPG112,EBC-367048,51.0,,0.0,,69.0,,79.0,,0.0,,2.0,,0.0,,17.0,,0.0,,167.0,,167.0,79.0,69.0,0.0,17.0,0.0,2.0,0.0,0.0
portugal,OPG112,EBC-373083,55.0,,5.0,,91.0,,41.0,,0.0,,2.0,,0.0,,15.0,,0.0,,154.0,,154.0,41.0,91.0,0.0,15.0,0.0,2.0,5.0,0.0
portugal,OPG112,EBC-381059,,25.0,,0.0,,2.0,,3.0,,0.0,,0.0,,0.0,,0.0,,0.0,,5.0,-5.0,-3.0,-2.0,0.0,0.0,0.0,0.0,0.0,0.0
portugal,OPG112,EBC-44365,42.0,,3.0,,58.0,,99.0,,0.0,,0.0,,2.0,,18.0,,0.0,,180.0,,180.0,99.0,58.0,0.0,18.0,2.0,0.0,3.0,0.0
portugal,OPG112,EBC-46024,20.0,,5.0,,78.0,,87.0,,0.0,,1.0,,0.0,,5.0,,0.0,,176.0,,176.0,87.0,78.0,0.0,5.0,0.0,1.0,5.0,0.0
portugal,OPG112,EBC-46057,8.0,,0.0,,55.0,,150.0,,0.0,,3.0,,0.0,,8.0,,0.0,,216.0,,216.0,150.0,55.0,0.0,8.0,0.0,3.0,0.0,0.0
portugal,OPG112,EBC-46137,,69.0,,0.0,,0.0,,1.0,,0.0,,0.0,,0.0,,0.0,,0.0,,1.0,-1.0,-1.0,0.0,0.0,0.0,0.0,0.0,0.0,0.0
portugal,OPG112,EBC-46200,45.0,,6.0,,64.0,,114.0,,0.0,,1.0,,3.0,,7.0,,0.0,,195.0,,195.0,114.0,64.0,0.0,7.0,3.0,1.0,6.0,0.0
portugal,OPG112,EBC-46286,91.0,,0.0,,77.0,,91.0,,0.0,,2.0,,3.0,,4.0,,0.0,,177.0,,177.0,91.0,77.0,0.0,4.0,3.0,2.0,0.0,0.0
portugal,OPG112,EBC-46294,12.0,,2.0,,136.0,,98.0,,0.0,,2.0,,0.0,,15.0,,0.0,,253.0,,253.0,98.0,136.0,0.0,15.0,0.0,2.0,2.0,0.0
portugal,OPG112,EBC-47024,84.0,,0.0,,100.0,,112.0,,0.0,,1.0,,2.0,,4.0,,0.0,,219.0,,219.0,112.0,100.0,0.0,4.0,2.0,1.0,0.0,0.0
portugal,OPG112,EBC-47073,35.0,,11.0,,82.0,,82.0,,0.0,,1.0,,0.0,,10.0,,0.0,,186.0,,186.0,82.0,82.0,0.0,10.0,0.0,1.0,11.0,0.0
portugal,OPG112,EBC-47116,,50.0,,0.0,,1.0,,0.0,,0.0,,0.0,,0.0,,0.0,,0.0,,1.0,-1.0,0.0,-1.0,0.0,0.0,0.0,0.0,0.0,0.0
portugal,OPG112,EBC-47119,32.0,,0.0,,117.0,,82.0,,0.0,,3.0,,3.0,,10.0,,0.0,,215.0,,215.0,82.0,117.0,0.0,10.0,3.0,3.0,0.0,0.0
portugal,OPG112,EBC-47120,85.0,,2.0,,71.0,,124.0,,0.0,,1.0,,0.0,,10.0,,0.0,,208.0,,208.0,124.0,71.0,0.0,10.0,0.0,1.0,2.0,0.0
portugal,OPG112,EBC-47179,,96.0,,0.0,,1.0,,5.0,,0.0,,1.0,,0.0,,0.0,,0.0,,7.0,-7.0,-5.0,-1.0,0.0,0.0,0.0,-1.0,0.0,0.0
portugal,OPG112,EBC-47264,,20.0,,0.0,,1.0,,2.0,,0.0,,0.0,,0.0,,0.0,,0.0,,3.0,-3.0,-2.0,-1.0,0.0,0.0,0.0,0.0,0.0,0.0
portugal,OPG112,EBC-47288,,60.0,,0.0,,2.0,,1.0,,0.0,,0.0,,0.0,,0.0,,0.0,,3.0,-3.0,-1.0,-2.0,0.0,0.0,0.0,0.0,0.0,0.0
portugal,OPG112,EBC-47437,,79.0,,0.0,,3.0,,0.0,,0.0,,0.0,,0.0,,0.0,,0.0,,3.0,-3.0,0.0,-3.0,0.0,0.0,0.0,0.0,0.0,0.0
portugal,OPG112,EBC-48116,,3.0,,0.0,,1.0,,1.0,,0.0,,0.0,,0.0,,0.0,,0.0,,2.0,-2.0,-1.0,-1.0,0.0,0.0,0.0,0.0,0.0,0.0
portugal,OPG112,EBC-48186,30.0,,16.0,,45.0,,76.0,,0.0,,4.0,,0.0,,2.0,,0.0,,143.0,,143.0,76.0,45.0,0.0,2.0,0.0,4.0,16.0,0.0
portugal,OPG112,EBC-50088,31.0,,0.0,,45.0,,95.0,,0.0,,1.0,,1.0,,3.0,,0.0,,145.0,,145.0,95.0,45.0,0.0,3.0,1.0,1.0,0.0,0.0
portugal,OPG112,EBC-54045,87.0,,3.0,,77.0,,90.0,,0.0,,4.0,,4.0,,8.0,,0.0,,186.0,,186.0,90.0,77.0,0.0,8.0,4.0,4.0,3.0,0.0
portugal,OPG112,EBC-54254,,66.0,,0.0,,1.0,,5.0,,0.0,,1.0,,4.0,,0.0,,0.0,,11.0,-11.0,-5.0,-1.0,0.0,0.0,-4.0,-1.0,0.0,0.0
portugal,OPG112,EBC-62032,,51.0,,0.0,,0.0,,1.0,,0.0,,0.0,,0.0,,0.0,,0.0,,1.0,-1.0,-1.0,0.0,0.0,0.0,0.0,0.0,0.0,0.0
portugal,OPG112,EBC-63089,5.0,,0.0,,119.0,,72.0,,0.0,,3.0,,3.0,,21.0,,0.0,,218.0,,218.0,72.0,119.0,0.0,21.0,3.0,3.0,0.0,0.0
portugal,OPG112,EBC-65137,,86.0,,0.0,,0.0,,4.0,,0.0,,1.0,,0.0,,0.0,,0.0,,5.0,-5.0,-4.0,0.0,0.0,0.0,0.0,-1.0,0.0,0.0
portugal,OPG112,EBC-80139,,7.0,,0.0,,1.0,,3.0,,0.0,,1.0,,2.0,,0.0,,0.0,,7.0,-7.0,-3.0,-1.0,0.0,0.0,-2.0,-1.0,0.0,0.0
portugal,OPG112,EBC-80148,,8.0,,0.0,,5.0,,3.0,,0.0,,0.0,,0.0,,0.0,,0.0,,8.0,-8.0,-3.0,-5.0,0.0,0.0,0.0,0.0,0.0,0.0
portugal,OPG112,EBC-82041,,6.0,,1.0,,1.0,,5.0,,0.0,,1.0,,2.0,,0.0,,0.0,,10.0,-10.0,-5.0,-1.0,0.0,0.0,-2.0,-1.0,-1.0,0.0
portugal,OPG112,EBC-82060,79.0,,6.0,,50.0,,123.0,,0.0,,1.0,,0.0,,2.0,,0.0,,182.0,,182.0,123.0,50.0,0.0,2.0,0.0,1.0,6.0,0.0
portugal,OPG112,EBC-84050,28.0,,3.0,,97.0,,97.0,,0.0,,1.0,,1.0,,20.0,,0.0,,219.0,,219.0,97.0,97.0,0.0,20.0,1.0,1.0,3.0,0.0
portugal,OPG120,EBC-00010,,75.0,,0.0,,5.0,,2.0,,0.0,,1.0,,0.0,,1.0,,0.0,,9.0,-9.0,-2.0,-5.0,0.0,-1.0,0.0,-1.0,0.0,0.0
portugal,OPG120,EBC-00522,,32.0,,0.0,,2.0,,0.0,,0.0,,0.0,,0.0,,1.0,,0.0,,3.0,-3.0,0.0,-2.0,0.0,-1.0,0.0,0.0,0.0,0.0
portugal,OPG120,EBC-00606,,89.0,,0.0,,0.0,,3.0,,0.0,,0.0,,1.0,,0.0,,0.0,,4.0,-4.0,-3.0,0.0,0.0,0.0,-1.0,0.0,0.0,0.0
portugal,OPG120,EBC-00708,,96.0,,0.0,,5.0,,3.0,,0.0,,0.0,,2.0,,0.0,,0.0,,10.0,-10.0,-3.0,-5.0,0.0,0.0,-2.0,0.0,0.0,0.0
portugal,OPG120,EBC-00711,49.0,,0.0,,16.0,,193.0,,0.0,,6.0,,0.0,,3.0,,0.0,,218.0,,218.0,193.0,16.0,0.0,3.0,0.0,6.0,0.0,0.0
portugal,OPG120,EBC-02079,12.0,,0.0,,56.0,,142.0,,0.0,,1.0,,1.0,,7.0,,0.0,,207.0,,207.0,142.0,56.0,0.0,7.0,1.0,1.0,0.0,0.0
portugal,OPG120,EBC-02087,,95.0,,0.0,,0.0,,5.0,,0.0,,0.0,,0.0,,0.0,,0.0,,5.0,-5.0,-5.0,0.0,0.0,0.0,0.0,0.0,0.0,0.0
portugal,OPG120,EBC-03104,,24.0,,0.0,,2.0,,2.0,,0.0,,0.0,,1.0,,0.0,,0.0,,5.0,-5.0,-2.0,-2.0,0.0,0.0,-1.0,0.0,0.0,0.0
portugal,OPG120,EBC-03153,,63.0,,0.0,,2.0,,1.0,,0.0,,0.0,,1.0,,0.0,,0.0,,4.0,-4.0,-1.0,-2.0,0.0,0.0,-1.0,0.0,0.0,0.0
portugal,OPG120,EBC-03211,,2.0,,0.0,,2.0,,2.0,,0.0,,0.0,,1.0,,0.0,,0.0,,5.0,-5.0,-2.0,-2.0,0.0,0.0,-1.0,0.0,0.0,0.0
portugal,OPG120,EBC-03218,,23.0,,0.0,,3.0,,2.0,,0.0,,0.0,,1.0,,0.0,,0.0,,6.0,-6.0,-2.0,-3.0,0.0,0.0,-1.0,0.0,0.0,0.0
portugal,OPG120,EBC-03227,,18.0,,0.0,,2.0,,2.0,,0.0,,0.0,,1.0,,0.0,,0.0,,5.0,-5.0,-2.0,-2.0,0.0,0.0,-1.0,0.0,0.0,0.0
portugal,OPG120,EBC-03228,,3.0,,0.0,,2.0,,2.0,,0.0,,0.0,,1.0,,0.0,,0.0,,5.0,-5.0,-2.0,-2.0,0.0,0.0,-1.0,0.0,0.0,0.0
portugal,OPG120,EBC-03259,,21.0,,0.0,,3.0,,2.0,,0.0,,1.0,,0.0,,0.0,,0.0,,6.0,-6.0,-2.0,-3.0,0.0,0.0,0.0,-1.0,0.0,0.0
portugal,OPG120,EBC-03320,,19.0,,0.0,,4.0,,2.0,,0.0,,0.0,,1.0,,0.0,,0.0,,7.0,-7.0,-2.0,-4.0,0.0,0.0,-1.0,0.0,0.0,0.0
portugal,OPG120,EBC-03332,,28.0,,0.0,,2.0,,2.0,,0.0,,0.0,,1.0,,0.0,,0.0,,5.0,-5.0,-2.0,-2.0,0.0,0.0,-1.0,0.0,0.0,0.0
portugal,OPG120,EBC-03334,,31.0,,0.0,,6.0,,3.0,,0.0,,0.0,,1.0,,1.0,,0.0,,11.0,-11.0,-3.0,-6.0,0.0,-1.0,-1.0,0.0,0.0,0.0
portugal,OPG120,EBC-03366,,26.0,,0.0,,3.0,,2.0,,0.0,,0.0,,1.0,,0.0,,0.0,,6.0,-6.0,-2.0,-3.0,0.0,0.0,-1.0,0.0,0.0,0.0
portugal,OPG120,EBC-03368,,83.0,,0.0,,2.0,,2.0,,0.0,,0.0,,1.0,,0.0,,0.0,,5.0,-5.0,-2.0,-2.0,0.0,0.0,-1.0,0.0,0.0,0.0
portugal,OPG120,EBC-03380,,36.0,,0.0,,6.0,,2.0,,0.0,,0.0,,1.0,,0.0,,0.0,,9.0,-9.0,-2.0,-6.0,0.0,0.0,-1.0,0.0,0.0,0.0
portugal,OPG120,EBC-03383,,67.0,,0.0,,2.0,,1.0,,0.0,,0.0,,1.0,,0.0,,0.0,,4.0,-4.0,-1.0,-2.0,0.0,0.0,-1.0,0.0,0.0,0.0
portugal,OPG120,EBC-03472,,79.0,,0.0,,4.0,,2.0,,0.0,,0.0,,1.0,,0.0,,0.0,,7.0,-7.0,-2.0,-4.0,0.0,0.0,-1.0,0.0,0.0,0.0
portugal,OPG120,EBC-03524,,4.0,,0.0,,6.0,,2.0,,0.0,,0.0,,1.0,,1.0,,0.0,,10.0,-10.0,-2.0,-6.0,0.0,-1.0,-1.0,0.0,0.0,0.0
portugal,OPG120,EBC-03533,,5.0,,0.0,,2.0,,2.0,,0.0,,0.0,,1.0,,0.0,,0.0,,5.0,-5.0,-2.0,-2.0,0.0,0.0,-1.0,0.0,0.0,0.0
portugal,OPG120,EBC-03546,,65.0,,0.0,,5.0,,2.0,,0.0,,0.0,,1.0,,0.0,,0.0,,8.0,-8.0,-2.0,-5.0,0.0,0.0,-1.0,0.0,0.0,0.0
portugal,OPG120,EBC-03552,,55.0,,0.0,,2.0,,2.0,,0.0,,0.0,,1.0,,0.0,,0.0,,5.0,-5.0,-2.0,-2.0,0.0,0.0,-1.0,0.0,0.0,0.0
portugal,OPG120,EBC-03561,,70.0,,0.0,,4.0,,2.0,,0.0,,0.0,,1.0,,0.0,,0.0,,7.0,-7.0,-2.0,-4.0,0.0,0.0,-1.0,0.0,0.0,0.0
portugal,OPG120,EBC-03584,,73.0,,0.0,,5.0,,2.0,,0.0,,1.0,,0.0,,0.0,,0.0,,8.0,-8.0,-2.0,-5.0,0.0,0.0,0.0,-1.0,0.0,0.0
portugal,OPG120,EBC-03656,,34.0,,0.0,,4.0,,0.0,,0.0,,1.0,,0.0,,1.0,,0.0,,6.0,-6.0,0.0,-4.0,0.0,-1.0,0.0,-1.0,0.0,0.0
portugal,OPG120,EBC-03673,,61.0,,0.0,,3.0,,2.0,,0.0,,0.0,,1.0,,1.0,,0.0,,7.0,-7.0,-2.0,-3.0,0.0,-1.0,-1.0,0.0,0.0,0.0
portugal,OPG120,EBC-03694,,48.0,,0.0,,2.0,,3.0,,0.0,,0.0,,1.0,,0.0,,0.0,,6.0,-6.0,-3.0,-2.0,0.0,0.0,-1.0,0.0,0.0,0.0
portugal,OPG120,EBC-03853,,99.0,,0.0,,1.0,,2.0,,0.0,,0.0,,0.0,,0.0,,0.0,,3.0,-3.0,-2.0,-1.0,0.0,0.0,0.0,0.0,0.0,0.0
portugal,OPG120,EBC-03865,74.0,,0.0,,11.0,,206.0,,0.0,,1.0,,0.0,,0.0,,0.0,,218.0,,218.0,206.0,11.0,0.0,0.0,0.0,1.0,0.0,0.0
portugal,OPG120,EBC-03980,,17.0,,0.0,,2.0,,2.0,,0.0,,0.0,,1.0,,0.0,,0.0,,5.0,-5.0,-2.0,-2.0,0.0,0.0,-1.0,0.0,0.0,0.0
portugal,OPG120,EBC-04007,,1.0,,0.0,,5.0,,4.0,,0.0,,0.0,,1.0,,1.0,,0.0,,11.0,-11.0,-4.0,-5.0,0.0,-1.0,-1.0,0.0,0.0,0.0
portugal,OPG120,EBC-04039,,16.0,,0.0,,2.0,,2.0,,0.0,,0.0,,1.0,,0.0,,0.0,,5.0,-5.0,-2.0,-2.0,0.0,0.0,-1.0,0.0,0.0,0.0
portugal,OPG120,EBC-04045,,20.0,,0.0,,3.0,,2.0,,0.0,,0.0,,1.0,,0.0,,0.0,,6.0,-6.0,-2.0,-3.0,0.0,0.0,-1.0,0.0,0.0,0.0
portugal,OPG120,EBC-04048,,51.0,,0.0,,2.0,,2.0,,0.0,,0.0,,1.0,,0.0,,0.0,,5.0,-5.0,-2.0,-2.0,0.0,0.0,-1.0,0.0,0.0,0.0
portugal,OPG120,EBC-04049,,22.0,,0.0,,2.0,,2.0,,0.0,,0.0,,1.0,,0.0,,0.0,,5.0,-5.0,-2.0,-2.0,0.0,0.0,-1.0,0.0,0.0,0.0
portugal,OPG120,EBC-04050,,78.0,,0.0,,2.0,,2.0,,0.0,,0.0,,1.0,,0.0,,0.0,,5.0,-5.0,-2.0,-2.0,0.0,0.0,-1.0,0.0,0.0,0.0
portugal,OPG120,EBC-04065,,62.0,,0.0,,8.0,,1.0,,0.0,,0.0,,0.0,,1.0,,0.0,,10.0,-10.0,-1.0,-8.0,0.0,-1.0,0.0,0.0,0.0,0.0
portugal,OPG120,EBC-04076,,81.0,,0.0,,4.0,,3.0,,0.0,,0.0,,1.0,,0.0,,0.0,,8.0,-8.0,-3.0,-4.0,0.0,0.0,-1.0,0.0,0.0,0.0
portugal,OPG120,EBC-04099,,80.0,,0.0,,4.0,,3.0,,0.0,,0.0,,1.0,,0.0,,0.0,,8.0,-8.0,-3.0,-4.0,0.0,0.0,-1.0,0.0,0.0,0.0
portugal,OPG120,EBC-04152,,77.0,,0.0,,2.0,,2.0,,0.0,,0.0,,1.0,,0.0,,0.0,,5.0,-5.0,-2.0,-2.0,0.0,0.0,-1.0,0.0,0.0,0.0
portugal,OPG120,EBC-06061,7.0,,0.0,,70.0,,129.0,,0.0,,4.0,,2.0,,8.0,,0.0,,213.0,,213.0,129.0,70.0,0.0,8.0,2.0,4.0,0.0,0.0
portugal,OPG120,EBC-06062,47.0,,0.0,,53.0,,176.0,,0.0,,1.0,,1.0,,3.0,,0.0,,234.0,,234.0,176.0,53.0,0.0,3.0,1.0,1.0,0.0,0.0
portugal,OPG120,EBC-06214,,47.0,,0.0,,2.0,,2.0,,0.0,,0.0,,1.0,,0.0,,0.0,,5.0,-5.0,-2.0,-2.0,0.0,0.0,-1.0,0.0,0.0,0.0
portugal,OPG120,EBC-06215,,49.0,,0.0,,2.0,,2.0,,0.0,,1.0,,0.0,,0.0,,0.0,,5.0,-5.0,-2.0,-2.0,0.0,0.0,0.0,-1.0,0.0,0.0
portugal,OPG120,EBC-06250,,27.0,,0.0,,2.0,,0.0,,0.0,,0.0,,0.0,,0.0,,0.0,,2.0,-2.0,0.0,-2.0,0.0,0.0,0.0,0.0,0.0,0.0
portugal,OPG120,EBC-06301,,76.0,,0.0,,3.0,,1.0,,0.0,,1.0,,0.0,,0.0,,0.0,,5.0,-5.0,-1.0,-3.0,0.0,0.0,0.0,-1.0,0.0,0.0
portugal,OPG120,EBC-06306,,66.0,,0.0,,2.0,,0.0,,0.0,,0.0,,0.0,,0.0,,0.0,,2.0,-2.0,0.0,-2.0,0.0,0.0,0.0,0.0,0.0,0.0
portugal,OPG120,EBC-06327,,84.0,,0.0,,2.0,,1.0,,0.0,,1.0,,0.0,,0.0,,0.0,,4.0,-4.0,-1.0,-2.0,0.0,0.0,0.0,-1.0,0.0,0.0
portugal,OPG120,EBC-06337,,37.0,,0.0,,5.0,,2.0,,0.0,,0.0,,1.0,,0.0,,0.0,,8.0,-8.0,-2.0,-5.0,0.0,0.0,-1.0,0.0,0.0,0.0
portugal,OPG120,EBC-06341,,33.0,,0.0,,2.0,,2.0,,0.0,,0.0,,1.0,,0.0,,0.0,,5.0,-5.0,-2.0,-2.0,0.0,0.0,-1.0,0.0,0.0,0.0
portugal,OPG120,EBC-06351,,35.0,,0.0,,2.0,,3.0,,0.0,,0.0,,2.0,,0.0,,0.0,,7.0,-7.0,-3.0,-2.0,0.0,0.0,-2.0,0.0,0.0,0.0
portugal,OPG120,EBC-06377,,54.0,,0.0,,4.0,,2.0,,0.0,,1.0,,0.0,,0.0,,0.0,,7.0,-7.0,-2.0,-4.0,0.0,0.0,0.0,-1.0,0.0,0.0
portugal,OPG120,EBC-06388,,52.0,,0.0,,2.0,,3.0,,0.0,,1.0,,0.0,,0.0,,0.0,,6.0,-6.0,-3.0,-2.0,0.0,0.0,0.0,-1.0,0.0,0.0
portugal,OPG120,EBC-06390,,64.0,,0.0,,4.0,,2.0,,0.0,,0.0,,1.0,,0.0,,0.0,,7.0,-7.0,-2.0,-4.0,0.0,0.0,-1.0,0.0,0.0,0.0
portugal,OPG120,EBC-06394,,58.0,,0.0,,4.0,,2.0,,0.0,,1.0,,0.0,,0.0,,0.0,,7.0,-7.0,-2.0,-4.0,0.0,0.0,0.0,-1.0,0.0,0.0
portugal,OPG120,EBC-06446,,68.0,,0.0,,7.0,,2.0,,0.0,,0.0,,2.0,,0.0,,0.0,,11.0,-11.0,-2.0,-7.0,0.0,0.0,-2.0,0.0,0.0,0.0
portugal,OPG120,EBC-06531,,45.0,,0.0,,2.0,,2.0,,0.0,,0.0,,1.0,,0.0,,0.0,,5.0,-5.0,-2.0,-2.0,0.0,0.0,-1.0,0.0,0.0,0.0
portugal,OPG120,EBC-06633,,71.0,,0.0,,5.0,,2.0,,0.0,,0.0,,1.0,,1.0,,0.0,,9.0,-9.0,-2.0,-5.0,0.0,-1.0,-1.0,0.0,0.0,0.0
portugal,OPG120,EBC-06775,,59.0,,0.0,,1.0,,3.0,,0.0,,0.0,,1.0,,0.0,,0.0,,5.0,-5.0,-3.0,-1.0,0.0,0.0,-1.0,0.0,0.0,0.0
portugal,OPG120,EBC-06781,,90.0,,0.0,,0.0,,5.0,,0.0,,0.0,,1.0,,0.0,,0.0,,6.0,-6.0,-5.0,0.0,0.0,0.0,-1.0,0.0,0.0,0.0
portugal,OPG120,EBC-06995,,6.0,,0.0,,0.0,,3.0,,0.0,,0.0,,1.0,,0.0,,0.0,,4.0,-4.0,-3.0,0.0,0.0,0.0,-1.0,0.0,0.0,0.0
portugal,OPG120,EBC-07161,,88.0,,0.0,,2.0,,9.0,,0.0,,0.0,,0.0,,0.0,,0.0,,11.0,-11.0,-9.0,-2.0,0.0,0.0,0.0,0.0,0.0,0.0
portugal,OPG120,EBC-07281,,13.0,,0.0,,4.0,,3.0,,0.0,,1.0,,0.0,,0.0,,0.0,,8.0,-8.0,-3.0,-4.0,0.0,0.0,0.0,-1.0,0.0,0.0
portugal,OPG120,EBC-07367,48.0,,0.0,,66.0,,138.0,,0.0,,3.0,,1.0,,7.0,,0.0,,215.0,,215.0,138.0,66.0,0.0,7.0,1.0,3.0,0.0,0.0
portugal,OPG120,EBC-07462,33.0,,0.0,,60.0,,149.0,,0.0,,4.0,,3.0,,6.0,,0.0,,222.0,,222.0,149.0,60.0,0.0,6.0,3.0,4.0,0.0,0.0
portugal,OPG120,EBC-07618,24.0,,13.0,,56.0,,98.0,,0.0,,1.0,,0.0,,3.0,,0.0,,171.0,,171.0,98.0,56.0,0.0,3.0,0.0,1.0,13.0,0.0
portugal,OPG120,EBC-07628,,12.0,,0.0,,2.0,,3.0,,0.0,,0.0,,1.0,,0.0,,0.0,,6.0,-6.0,-3.0,-2.0,0.0,0.0,-1.0,0.0,0.0,0.0
portugal,OPG120,EBC-07906,,38.0,,0.0,,0.0,,2.0,,0.0,,0.0,,1.0,,0.0,,0.0,,3.0,-3.0,-2.0,0.0,0.0,0.0,-1.0,0.0,0.0,0.0
portugal,OPG120,EBC-07988,40.0,,2.0,,121.0,,163.0,,0.0,,2.0,,4.0,,10.0,,0.0,,302.0,,302.0,163.0,121.0,0.0,10.0,4.0,2.0,2.0,0.0
portugal,OPG120,EBC-08077,,9.0,,0.0,,3.0,,3.0,,0.0,,0.0,,2.0,,0.0,,0.0,,8.0,-8.0,-3.0,-3.0,0.0,0.0,-2.0,0.0,0.0,0.0
portugal,OPG120,EBC-08111,,30.0,,0.0,,5.0,,2.0,,0.0,,0.0,,1.0,,0.0,,0.0,,8.0,-8.0,-2.0,-5.0,0.0,0.0,-1.0,0.0,0.0,0.0
portugal,OPG120,EBC-08122,,25.0,,0.0,,2.0,,0.0,,0.0,,1.0,,0.0,,0.0,,0.0,,3.0,-3.0,0.0,-2.0,0.0,0.0,0.0,-1.0,0.0,0.0
portugal,OPG120,EBC-08480,30.0,,0.0,,57.0,,131.0,,0.0,,6.0,,3.0,,6.0,,0.0,,203.0,,203.0,131.0,57.0,0.0,6.0,3.0,6.0,0.0,0.0
portugal,OPG120,EBC-08536,,39.0,,0.0,,7.0,,7.0,,0.0,,0.0,,0.0,,1.0,,0.0,,15.0,-15.0,-7.0,-7.0,0.0,-1.0,0.0,0.0,0.0,0.0
portugal,OPG120,EBC-08546,,94.0,,0.0,,2.0,,7.0,,0.0,,0.0,,0.0,,1.0,,0.0,,10.0,-10.0,-7.0,-2.0,0.0,-1.0,0.0,0.0,0.0,0.0
portugal,OPG120,EBC-08587,53.0,,0.0,,42.0,,90.0,,0.0,,0.0,,3.0,,0.0,,0.0,,135.0,,135.0,90.0,42.0,0.0,0.0,3.0,0.0,0.0,0.0
portugal,OPG120,EBC-08615,45.0,,0.0,,118.0,,130.0,,0.0,,0.0,,0.0,,18.0,,0.0,,266.0,,266.0,130.0,118.0,0.0,18.0,0.0,0.0,0.0,0.0
portugal,OPG120,EBC-08670,,97.0,,0.0,,2.0,,4.0,,0.0,,0.0,,2.0,,0.0,,0.0,,8.0,-8.0,-4.0,-2.0,0.0,0.0,-2.0,0.0,0.0,0.0
portugal,OPG120,EBC-08706,,53.0,,0.0,,5.0,,2.0,,0.0,,0.0,,1.0,,0.0,,0.0,,8.0,-8.0,-2.0,-5.0,0.0,0.0,-1.0,0.0,0.0,0.0
portugal,OPG120,EBC-08713,88.0,,0.0,,69.0,,115.0,,0.0,,1.0,,0.0,,8.0,,0.0,,193.0,,193.0,115.0,69.0,0.0,8.0,0.0,1.0,0.0,0.0
portugal,OPG120,EBC-08788,18.0,,0.0,,54.0,,129.0,,0.0,,1.0,,0.0,,5.0,,0.0,,189.0,,189.0,129.0,54.0,0.0,5.0,0.0,1.0,0.0,0.0
portugal,OPG120,EBC-08800,,60.0,,0.0,,4.0,,2.0,,0.0,,1.0,,0.0,,0.0,,0.0,,7.0,-7.0,-2.0,-4.0,0.0,0.0,0.0,-1.0,0.0,0.0
portugal,OPG120,EBC-08871,,44.0,,0.0,,3.0,,6.0,,0.0,,2.0,,1.0,,0.0,,0.0,,12.0,-12.0,-6.0,-3.0,0.0,0.0,-1.0,-2.0,0.0,0.0
portugal,OPG120,EBC-08908,35.0,,2.0,,103.0,,112.0,,0.0,,0.0,,1.0,,1.0,,0.0,,219.0,,219.0,112.0,103.0,0.0,1.0,1.0,0.0,2.0,0.0
portugal,OPG120,EBC-08915,25.0,,0.0,,38.0,,167.0,,0.0,,0.0,,1.0,,5.0,,0.0,,211.0,,211.0,167.0,38.0,0.0,5.0,1.0,0.0,0.0,0.0
portugal,OPG120,EBC-09009,,100.0,,1.0,,1.0,,13.0,,0.0,,0.0,,1.0,,0.0,,0.0,,16.0,-16.0,-13.0,-1.0,0.0,0.0,-1.0,0.0,-1.0,0.0
portugal,OPG120,EBC-09011,,50.0,,0.0,,6.0,,4.0,,0.0,,0.0,,1.0,,0.0,,0.0,,11.0,-11.0,-4.0,-6.0,0.0,0.0,-1.0,0.0,0.0,0.0
portugal,OPG120,EBC-09076,,87.0,,0.0,,2.0,,8.0,,0.0,,0.0,,1.0,,0.0,,0.0,,11.0,-11.0,-8.0,-2.0,0.0,0.0,-1.0,0.0,0.0,0.0
portugal,OPG120,EBC-09098,66.0,,0.0,,48.0,,127.0,,0.0,,1.0,,1.0,,4.0,,0.0,,181.0,,181.0,127.0,48.0,0.0,4.0,1.0,1.0,0.0,0.0
portugal,OPG120,EBC-09132,60.0,,6.0,,54.0,,105.0,,0.0,,1.0,,0.0,,17.0,,0.0,,183.0,,183.0,105.0,54.0,0.0,17.0,0.0,1.0,6.0,0.0
portugal,OPG120,EBC-09207,,10.0,,0.0,,1.0,,3.0,,0.0,,0.0,,1.0,,0.0,,0.0,,5.0,-5.0,-3.0,-1.0,0.0,0.0,-1.0,0.0,0.0,0.0
portugal,OPG120,EBC-102119,75.0,,0.0,,138.0,,104.0,,0.0,,0.0,,1.0,,4.0,,0.0,,247.0,,247.0,104.0,138.0,0.0,4.0,1.0,0.0,0.0,0.0
portugal,OPG120,EBC-11029,55.0,,0.0,,93.0,,154.0,,0.0,,3.0,,3.0,,3.0,,0.0,,256.0,,256.0,154.0,93.0,0.0,3.0,3.0,3.0,0.0,0.0
portugal,OPG120,EBC-11035,,92.0,,0.0,,3.0,,6.0,,0.0,,1.0,,0.0,,0.0,,0.0,,10.0,-10.0,-6.0,-3.0,0.0,0.0,0.0,-1.0,0.0,0.0
portugal,OPG120,EBC-11230,37.0,,0.0,,85.0,,196.0,,0.0,,0.0,,4.0,,8.0,,0.0,,293.0,,293.0,196.0,85.0,0.0,8.0,4.0,0.0,0.0,0.0
portugal,OPG120,EBC-11281,3.0,,19.0,,35.0,,114.0,,0.0,,0.0,,1.0,,2.0,,0.0,,171.0,,171.0,114.0,35.0,0.0,2.0,1.0,0.0,19.0,0.0
portugal,OPG120,EBC-11364,71.0,,11.0,,81.0,,86.0,,0.0,,0.0,,2.0,,9.0,,0.0,,189.0,,189.0,86.0,81.0,0.0,9.0,2.0,0.0,11.0,0.0
portugal,OPG120,EBC-11409,69.0,,10.0,,72.0,,89.0,,0.0,,1.0,,0.0,,7.0,,0.0,,179.0,,179.0,89.0,72.0,0.0,7.0,0.0,1.0,10.0,0.0
portugal,OPG120,EBC-11433,36.0,,6.0,,78.0,,131.0,,0.0,,1.0,,0.0,,11.0,,0.0,,227.0,,227.0,131.0,78.0,0.0,11.0,0.0,1.0,6.0,0.0
portugal,OPG120,EBC-118037,79.0,,0.0,,73.0,,101.0,,0.0,,5.0,,1.0,,9.0,,0.0,,189.0,,189.0,101.0,73.0,0.0,9.0,1.0,5.0,0.0,0.0
portugal,OPG120,EBC-12821,8.0,,0.0,,89.0,,87.0,,0.0,,1.0,,2.0,,13.0,,0.0,,192.0,,192.0,87.0,89.0,0.0,13.0,2.0,1.0,0.0,0.0
portugal,OPG120,EBC-12878,38.0,,0.0,,89.0,,145.0,,0.0,,0.0,,1.0,,10.0,,0.0,,245.0,,245.0,145.0,89.0,0.0,10.0,1.0,0.0,0.0,0.0
portugal,OPG120,EBC-12884,96.0,,10.0,,62.0,,103.0,,0.0,,5.0,,3.0,,11.0,,0.0,,194.0,,194.0,103.0,62.0,0.0,11.0,3.0,5.0,10.0,0.0
portugal,OPG120,EBC-13002,63.0,,13.0,,85.0,,97.0,,0.0,,3.0,,0.0,,7.0,,0.0,,205.0,,205.0,97.0,85.0,0.0,7.0,0.0,3.0,13.0,0.0
portugal,OPG120,EBC-13071,80.0,,0.0,,52.0,,162.0,,0.0,,0.0,,3.0,,0.0,,0.0,,217.0,,217.0,162.0,52.0,0.0,0.0,3.0,0.0,0.0,0.0
portugal,OPG120,EBC-13088,,11.0,,0.0,,4.0,,7.0,,0.0,,0.0,,0.0,,0.0,,0.0,,11.0,-11.0,-7.0,-4.0,0.0,0.0,0.0,0.0,0.0,0.0
portugal,OPG120,EBC-13120,91.0,,0.0,,87.0,,117.0,,0.0,,3.0,,5.0,,9.0,,0.0,,221.0,,221.0,117.0,87.0,0.0,9.0,5.0,3.0,0.0,0.0
portugal,OPG120,EBC-13184,83.0,,4.0,,97.0,,140.0,,0.0,,1.0,,0.0,,9.0,,0.0,,251.0,,251.0,140.0,97.0,0.0,9.0,0.0,1.0,4.0,0.0
portugal,OPG120,EBC-13345,,7.0,,0.0,,1.0,,10.0,,0.0,,0.0,,0.0,,0.0,,0.0,,11.0,-11.0,-10.0,-1.0,0.0,0.0,0.0,0.0,0.0,0.0
portugal,OPG120,EBC-13572,64.0,,7.0,,66.0,,107.0,,0.0,,1.0,,2.0,,6.0,,0.0,,189.0,,189.0,107.0,66.0,0.0,6.0,2.0,1.0,7.0,0.0
portugal,OPG120,EBC-13579,39.0,,0.0,,110.0,,122.0,,0.0,,2.0,,0.0,,13.0,,0.0,,247.0,,247.0,122.0,110.0,0.0,13.0,0.0,2.0,0.0,0.0
portugal,OPG120,EBC-13585,65.0,,2.0,,45.0,,155.0,,0.0,,1.0,,1.0,,5.0,,0.0,,209.0,,209.0,155.0,45.0,0.0,5.0,1.0,1.0,2.0,0.0
portugal,OPG120,EBC-13607,5.0,,0.0,,91.0,,193.0,,0.0,,0.0,,3.0,,10.0,,0.0,,297.0,,297.0,193.0,91.0,0.0,10.0,3.0,0.0,0.0,0.0
portugal,OPG120,EBC-13771,,98.0,,0.0,,1.0,,7.0,,0.0,,0.0,,1.0,,0.0,,0.0,,9.0,-9.0,-7.0,-1.0,0.0,0.0,-1.0,0.0,0.0,0.0
portugal,OPG120,EBC-13774,42.0,,9.0,,67.0,,98.0,,0.0,,1.0,,4.0,,14.0,,0.0,,193.0,,193.0,98.0,67.0,0.0,14.0,4.0,1.0,9.0,0.0
portugal,OPG120,EBC-13865,,41.0,,0.0,,4.0,,0.0,,0.0,,1.0,,0.0,,0.0,,0.0,,5.0,-5.0,0.0,-4.0,0.0,0.0,0.0,-1.0,0.0,0.0
portugal,OPG120,EBC-14020,72.0,,2.0,,62.0,,151.0,,0.0,,3.0,,4.0,,1.0,,0.0,,223.0,,223.0,151.0,62.0,0.0,1.0,4.0,3.0,2.0,0.0
portugal,OPG120,EBC-14345,,93.0,,0.0,,1.0,,7.0,,0.0,,0.0,,1.0,,0.0,,0.0,,9.0,-9.0,-7.0,-1.0,0.0,0.0,-1.0,0.0,0.0,0.0
portugal,OPG120,EBC-144043,,29.0,,0.0,,4.0,,0.0,,0.0,,1.0,,0.0,,1.0,,0.0,,6.0,-6.0,0.0,-4.0,0.0,-1.0,0.0,-1.0,0.0,0.0
portugal,OPG120,EBC-145156,,42.0,,0.0,,1.0,,3.0,,0.0,,0.0,,1.0,,0.0,,0.0,,5.0,-5.0,-3.0,-1.0,0.0,0.0,-1.0,0.0,0.0,0.0
portugal,OPG120,EBC-145157,90.0,,2.0,,91.0,,118.0,,0.0,,2.0,,0.0,,6.0,,0.0,,219.0,,219.0,118.0,91.0,0.0,6.0,0.0,2.0,2.0,0.0
portugal,OPG120,EBC-145172,58.0,,2.0,,81.0,,109.0,,0.0,,2.0,,0.0,,5.0,,0.0,,199.0,,199.0,109.0,81.0,0.0,5.0,0.0,2.0,2.0,0.0
portugal,OPG120,EBC-145175,,43.0,,0.0,,3.0,,2.0,,0.0,,0.0,,1.0,,0.0,,0.0,,6.0,-6.0,-2.0,-3.0,0.0,0.0,-1.0,0.0,0.0,0.0
portugal,OPG120,EBC-145226,13.0,,0.0,,86.0,,129.0,,0.0,,4.0,,1.0,,5.0,,0.0,,225.0,,225.0,129.0,86.0,0.0,5.0,1.0,4.0,0.0,0.0
portugal,OPG120,EBC-148031,97.0,,0.0,,84.0,,150.0,,0.0,,1.0,,2.0,,10.0,,0.0,,247.0,,247.0,150.0,84.0,0.0,10.0,2.0,1.0,0.0,0.0
portugal,OPG120,EBC-149094,4.0,,0.0,,69.0,,135.0,,0.0,,3.0,,2.0,,3.0,,0.0,,212.0,,212.0,135.0,69.0,0.0,3.0,2.0,3.0,0.0,0.0
portugal,OPG120,EBC-151178,,86.0,,0.0,,3.0,,0.0,,0.0,,0.0,,0.0,,0.0,,0.0,,3.0,-3.0,0.0,-3.0,0.0,0.0,0.0,0.0,0.0,0.0
portugal,OPG120,EBC-157073,29.0,,0.0,,38.0,,195.0,,0.0,,1.0,,4.0,,4.0,,0.0,,242.0,,242.0,195.0,38.0,0.0,4.0,4.0,1.0,0.0,0.0
portugal,OPG120,EBC-157197,84.0,,0.0,,80.0,,98.0,,0.0,,0.0,,0.0,,11.0,,0.0,,189.0,,189.0,98.0,80.0,0.0,11.0,0.0,0.0,0.0,0.0
portugal,OPG120,EBC-157206,,15.0,,0.0,,6.0,,3.0,,0.0,,1.0,,1.0,,0.0,,0.0,,11.0,-11.0,-3.0,-6.0,0.0,0.0,-1.0,-1.0,0.0,0.0
portugal,OPG120,EBC-157213,32.0,,7.0,,86.0,,97.0,,0.0,,1.0,,0.0,,4.0,,0.0,,195.0,,195.0,97.0,86.0,0.0,4.0,0.0,1.0,7.0,0.0
portugal,OPG120,EBC-157219,34.0,,8.0,,84.0,,126.0,,0.0,,1.0,,1.0,,8.0,,0.0,,228.0,,228.0,126.0,84.0,0.0,8.0,1.0,1.0,8.0,0.0
portugal,OPG120,EBC-157241,21.0,,8.0,,79.0,,128.0,,0.0,,2.0,,0.0,,3.0,,0.0,,220.0,,220.0,128.0,79.0,0.0,3.0,0.0,2.0,8.0,0.0
portugal,OPG120,EBC-158036,,40.0,,0.0,,2.0,,1.0,,0.0,,1.0,,1.0,,0.0,,0.0,,5.0,-5.0,-1.0,-2.0,0.0,0.0,-1.0,-1.0,0.0,0.0
portugal,OPG120,EBC-159021,,8.0,,0.0,,0.0,,8.0,,0.0,,0.0,,1.0,,0.0,,0.0,,9.0,-9.0,-8.0,0.0,0.0,0.0,-1.0,0.0,0.0,0.0
portugal,OPG120,EBC-160036,14.0,,3.0,,40.0,,143.0,,0.0,,1.0,,0.0,,7.0,,0.0,,194.0,,194.0,143.0,40.0,0.0,7.0,0.0,1.0,3.0,0.0
portugal,OPG120,EBC-200021,,56.0,,0.0,,3.0,,1.0,,0.0,,1.0,,0.0,,0.0,,0.0,,5.0,-5.0,-1.0,-3.0,0.0,0.0,0.0,-1.0,0.0,0.0
portugal,OPG120,EBC-217022,20.0,,4.0,,52.0,,100.0,,0.0,,1.0,,0.0,,8.0,,0.0,,165.0,,165.0,100.0,52.0,0.0,8.0,0.0,1.0,4.0,0.0
portugal,OPG120,EBC-218037,27.0,,0.0,,58.0,,113.0,,0.0,,1.0,,2.0,,5.0,,0.0,,179.0,,179.0,113.0,58.0,0.0,5.0,2.0,1.0,0.0,0.0
portugal,OPG120,EBC-218043,1.0,,0.0,,73.0,,138.0,,0.0,,2.0,,2.0,,7.0,,0.0,,222.0,,222.0,138.0,73.0,0.0,7.0,2.0,2.0,0.0,0.0
portugal,OPG120,EBC-221084,70.0,,0.0,,87.0,,116.0,,0.0,,3.0,,1.0,,10.0,,0.0,,217.0,,217.0,116.0,87.0,0.0,10.0,1.0,3.0,0.0,0.0
portugal,OPG120,EBC-23629,54.0,,0.0,,37.0,,151.0,,0.0,,2.0,,1.0,,5.0,,0.0,,196.0,,196.0,151.0,37.0,0.0,5.0,1.0,2.0,0.0,0.0
portugal,OPG120,EBC-24042,82.0,,0.0,,0.0,,348.0,,0.0,,0.0,,2.0,,0.0,,0.0,,350.0,,350.0,348.0,0.0,0.0,0.0,2.0,0.0,0.0,0.0
portugal,OPG120,EBC-24059,,69.0,,0.0,,5.0,,3.0,,0.0,,0.0,,1.0,,1.0,,0.0,,10.0,-10.0,-3.0,-5.0,0.0,-1.0,-1.0,0.0,0.0,0.0
portugal,OPG120,EBC-249047,59.0,,10.0,,111.0,,116.0,,0.0,,0.0,,1.0,,4.0,,0.0,,242.0,,242.0,116.0,111.0,0.0,4.0,1.0,0.0,10.0,0.0
portugal,OPG120,EBC-251173,46.0,,0.0,,110.0,,158.0,,0.0,,0.0,,2.0,,4.0,,0.0,,274.0,,274.0,158.0,110.0,0.0,4.0,2.0,0.0,0.0,0.0
portugal,OPG120,EBC-252122,22.0,,9.0,,68.0,,101.0,,0.0,,5.0,,2.0,,10.0,,0.0,,195.0,,195.0,101.0,68.0,0.0,10.0,2.0,5.0,9.0,0.0
portugal,OPG120,EBC-252146,98.0,,0.0,,87.0,,95.0,,0.0,,3.0,,0.0,,8.0,,0.0,,193.0,,193.0,95.0,87.0,0.0,8.0,0.0,3.0,0.0,0.0
portugal,OPG120,EBC-253180,89.0,,3.0,,78.0,,95.0,,0.0,,2.0,,1.0,,10.0,,0.0,,189.0,,189.0,95.0,78.0,0.0,10.0,1.0,2.0,3.0,0.0
portugal,OPG120,EBC-26032,,85.0,,0.0,,2.0,,0.0,,0.0,,0.0,,0.0,,1.0,,0.0,,3.0,-3.0,0.0,-2.0,0.0,-1.0,0.0,0.0,0.0,0.0
portugal,OPG120,EBC-26505,,46.0,,0.0,,4.0,,0.0,,0.0,,2.0,,0.0,,0.0,,0.0,,6.0,-6.0,0.0,-4.0,0.0,0.0,0.0,-2.0,0.0,0.0
portugal,OPG120,EBC-27226,95.0,,3.0,,64.0,,144.0,,0.0,,1.0,,3.0,,9.0,,0.0,,224.0,,224.0,144.0,64.0,0.0,9.0,3.0,1.0,3.0,0.0
portugal,OPG120,EBC-27265,16.0,,7.0,,27.0,,150.0,,0.0,,6.0,,7.0,,0.0,,0.0,,197.0,,197.0,150.0,27.0,0.0,0.0,7.0,6.0,7.0,0.0
portugal,OPG120,EBC-27345,44.0,,12.0,,53.0,,103.0,,0.0,,0.0,,0.0,,2.0,,0.0,,170.0,,170.0,103.0,53.0,0.0,2.0,0.0,0.0,12.0,0.0
portugal,OPG120,EBC-27367,73.0,,18.0,,98.0,,107.0,,0.0,,7.0,,1.0,,12.0,,0.0,,243.0,,243.0,107.0,98.0,0.0,12.0,1.0,7.0,18.0,0.0
portugal,OPG120,EBC-27428,10.0,,0.0,,119.0,,148.0,,0.0,,5.0,,1.0,,11.0,,0.0,,284.0,,284.0,148.0,119.0,0.0,11.0,1.0,5.0,0.0,0.0
portugal,OPG120,EBC-286055,67.0,,0.0,,88.0,,125.0,,0.0,,1.0,,0.0,,13.0,,0.0,,227.0,,227.0,125.0,88.0,0.0,13.0,0.0,1.0,0.0,0.0
portugal,OPG120,EBC-287042,43.0,,0.0,,83.0,,127.0,,0.0,,1.0,,2.0,,7.0,,0.0,,220.0,,220.0,127.0,83.0,0.0,7.0,2.0,1.0,0.0,0.0
portugal,OPG120,EBC-287052,61.0,,0.0,,97.0,,156.0,,0.0,,1.0,,3.0,,4.0,,0.0,,261.0,,261.0,156.0,97.0,0.0,4.0,3.0,1.0,0.0,0.0
portugal,OPG120,EBC-287064,51.0,,0.0,,47.0,,163.0,,0.0,,1.0,,1.0,,8.0,,0.0,,220.0,,220.0,163.0,47.0,0.0,8.0,1.0,1.0,0.0,0.0
portugal,OPG120,EBC-287070,57.0,,0.0,,53.0,,167.0,,0.0,,2.0,,0.0,,4.0,,0.0,,226.0,,226.0,167.0,53.0,0.0,4.0,0.0,2.0,0.0,0.0
portugal,OPG120,EBC-287104,56.0,,0.0,,44.0,,180.0,,0.0,,0.0,,1.0,,5.0,,0.0,,230.0,,230.0,180.0,44.0,0.0,5.0,1.0,0.0,0.0,0.0
portugal,OPG120,EBC-288044,52.0,,0.0,,54.0,,173.0,,0.0,,1.0,,5.0,,6.0,,0.0,,239.0,,239.0,173.0,54.0,0.0,6.0,5.0,1.0,0.0,0.0
portugal,OPG120,EBC-289056,,57.0,,0.0,,4.0,,6.0,,0.0,,2.0,,0.0,,1.0,,0.0,,13.0,-13.0,-6.0,-4.0,0.0,-1.0,0.0,-2.0,0.0,0.0
portugal,OPG120,EBC-289057,62.0,,0.0,,56.0,,144.0,,0.0,,2.0,,4.0,,7.0,,0.0,,213.0,,213.0,144.0,56.0,0.0,7.0,4.0,2.0,0.0,0.0
portugal,OPG120,EBC-289088,41.0,,0.0,,73.0,,139.0,,0.0,,1.0,,1.0,,7.0,,0.0,,221.0,,221.0,139.0,73.0,0.0,7.0,1.0,1.0,0.0,0.0
portugal,OPG120,EBC-289112,23.0,,0.0,,43.0,,145.0,,0.0,,2.0,,10.0,,6.0,,0.0,,206.0,,206.0,145.0,43.0,0.0,6.0,10.0,2.0,0.0,0.0
portugal,OPG120,EBC-290041,9.0,,7.0,,141.0,,126.0,,0.0,,2.0,,0.0,,26.0,,0.0,,302.0,,302.0,126.0,141.0,0.0,26.0,0.0,2.0,7.0,0.0
portugal,OPG120,EBC-291056,50.0,,0.0,,57.0,,154.0,,0.0,,2.0,,0.0,,3.0,,0.0,,216.0,,216.0,154.0,57.0,0.0,3.0,0.0,2.0,0.0,0.0
portugal,OPG120,EBC-291058,78.0,,0.0,,51.0,,151.0,,0.0,,2.0,,2.0,,7.0,,0.0,,213.0,,213.0,151.0,51.0,0.0,7.0,2.0,2.0,0.0,0.0
portugal,OPG120,EBC-291131,,14.0,,0.0,,3.0,,0.0,,0.0,,0.0,,0.0,,0.0,,0.0,,3.0,-3.0,0.0,-3.0,0.0,0.0,0.0,0.0,0.0,0.0
portugal,OPG120,EBC-291135,94.0,,0.0,,54.0,,158.0,,0.0,,1.0,,3.0,,7.0,,0.0,,223.0,,223.0,158.0,54.0,0.0,7.0,3.0,1.0,0.0,0.0
portugal,OPG120,EBC-291159,68.0,,0.0,,57.0,,181.0,,0.0,,0.0,,3.0,,4.0,,0.0,,245.0,,245.0,181.0,57.0,0.0,4.0,3.0,0.0,0.0,0.0
portugal,OPG120,EBC-306048,15.0,,10.0,,88.0,,74.0,,0.0,,1.0,,0.0,,10.0,,0.0,,183.0,,183.0,74.0,88.0,0.0,10.0,0.0,1.0,10.0,0.0
portugal,OPG120,EBC-309072,31.0,,2.0,,95.0,,108.0,,0.0,,2.0,,0.0,,12.0,,0.0,,219.0,,219.0,108.0,95.0,0.0,12.0,0.0,2.0,2.0,0.0
portugal,OPG120,EBC-373080,76.0,,6.0,,95.0,,158.0,,0.0,,0.0,,2.0,,8.0,,0.0,,269.0,,269.0,158.0,95.0,0.0,8.0,2.0,0.0,6.0,0.0
portugal,OPG120,EBC-44165,92.0,,0.0,,61.0,,74.0,,0.0,,0.0,,1.0,,7.0,,0.0,,143.0,,143.0,74.0,61.0,0.0,7.0,1.0,0.0,0.0,0.0
portugal,OPG120,EBC-44189,,82.0,,0.0,,6.0,,3.0,,0.0,,0.0,,1.0,,1.0,,0.0,,11.0,-11.0,-3.0,-6.0,0.0,-1.0,-1.0,0.0,0.0,0.0
portugal,OPG120,EBC-46024,28.0,,2.0,,86.0,,102.0,,0.0,,1.0,,3.0,,7.0,,0.0,,201.0,,201.0,102.0,86.0,0.0,7.0,3.0,1.0,2.0,0.0
portugal,OPG120,EBC-46057,11.0,,0.0,,61.0,,195.0,,0.0,,2.0,,2.0,,2.0,,0.0,,262.0,,262.0,195.0,61.0,0.0,2.0,2.0,2.0,0.0,0.0
portugal,OPG120,EBC-46196,,91.0,,0.0,,1.0,,5.0,,0.0,,0.0,,2.0,,0.0,,0.0,,8.0,-8.0,-5.0,-1.0,0.0,0.0,-2.0,0.0,0.0,0.0
portugal,OPG120,EBC-46286,93.0,,0.0,,104.0,,108.0,,0.0,,0.0,,2.0,,8.0,,0.0,,222.0,,222.0,108.0,104.0,0.0,8.0,2.0,0.0,0.0,0.0
portugal,OPG120,EBC-46294,2.0,,2.0,,160.0,,123.0,,0.0,,4.0,,2.0,,7.0,,0.0,,298.0,,298.0,123.0,160.0,0.0,7.0,2.0,4.0,2.0,0.0
portugal,OPG120,EBC-47073,26.0,,6.0,,109.0,,111.0,,0.0,,2.0,,3.0,,6.0,,0.0,,237.0,,237.0,111.0,109.0,0.0,6.0,3.0,2.0,6.0,0.0
portugal,OPG120,EBC-47094,100.0,,3.0,,55.0,,99.0,,0.0,,2.0,,2.0,,1.0,,0.0,,162.0,,162.0,99.0,55.0,0.0,1.0,2.0,2.0,3.0,0.0
portugal,OPG120,EBC-47114,87.0,,5.0,,73.0,,110.0,,0.0,,2.0,,1.0,,11.0,,0.0,,202.0,,202.0,110.0,73.0,0.0,11.0,1.0,2.0,5.0,0.0
portugal,OPG120,EBC-47119,99.0,,0.0,,146.0,,116.0,,0.0,,1.0,,3.0,,16.0,,0.0,,282.0,,282.0,116.0,146.0,0.0,16.0,3.0,1.0,0.0,0.0
portugal,OPG120,EBC-47188,,72.0,,0.0,,5.0,,2.0,,0.0,,1.0,,0.0,,1.0,,0.0,,9.0,-9.0,-2.0,-5.0,0.0,-1.0,0.0,-1.0,0.0,0.0
portugal,OPG120,EBC-47288,,74.0,,0.0,,2.0,,2.0,,0.0,,0.0,,1.0,,0.0,,0.0,,5.0,-5.0,-2.0,-2.0,0.0,0.0,-1.0,0.0,0.0,0.0
portugal,OPG120,EBC-48186,17.0,,10.0,,50.0,,98.0,,0.0,,0.0,,0.0,,2.0,,0.0,,160.0,,160.0,98.0,50.0,0.0,2.0,0.0,0.0,10.0,0.0
portugal,OPG120,EBC-48188,77.0,,0.0,,81.0,,129.0,,0.0,,4.0,,3.0,,18.0,,0.0,,235.0,,235.0,129.0,81.0,0.0,18.0,3.0,4.0,0.0,0.0
portugal,OPG120,EBC-54045,19.0,,0.0,,101.0,,78.0,,0.0,,2.0,,1.0,,1.0,,0.0,,183.0,,183.0,78.0,101.0,0.0,1.0,1.0,2.0,0.0,0.0
portugal,OPG120,EBC-63089,6.0,,4.0,,154.0,,120.0,,0.0,,5.0,,0.0,,8.0,,0.0,,291.0,,291.0,120.0,154.0,0.0,8.0,0.0,5.0,4.0,0.0
portugal,OPG120,EBC-66021,81.0,,0.0,,49.0,,136.0,,0.0,,2.0,,1.0,,3.0,,0.0,,191.0,,191.0,136.0,49.0,0.0,3.0,1.0,2.0,0.0,0.0
portugal,OPG120,EBC-71073,85.0,,0.0,,109.0,,121.0,,0.0,,1.0,,5.0,,11.0,,0.0,,247.0,,247.0,121.0,109.0,0.0,11.0,5.0,1.0,0.0,0.0
portugal,OPG120,EBC-84050,86.0,,3.0,,93.0,,113.0,,0.0,,4.0,,3.0,,10.0,,0.0,,226.0,,226.0,113.0,93.0,0.0,10.0,3.0,4.0,3.0,0.0
portugal,OPG154,EBC-00636,85.0,,0.0,,17.0,,128.0,,0.0,,4.0,,1.0,,7.0,,0.0,,157.0,,157.0,128.0,17.0,0.0,7.0,1.0,4.0,0.0,0.0
portugal,OPG154,EBC-00637,,27.0,,0.0,,0.0,,7.0,,0.0,,0.0,,1.0,,1.0,,0.0,,9.0,-9.0,-7.0,0.0,0.0,-1.0,-1.0,0.0,0.0,0.0
portugal,OPG154,EBC-00638,,74.0,,0.0,,1.0,,2.0,,0.0,,0.0,,0.0,,1.0,,0.0,,4.0,-4.0,-2.0,-1.0,0.0,-1.0,0.0,0.0,0.0,0.0
portugal,OPG154,EBC-00711,7.0,,0.0,,9.0,,163.0,,0.0,,0.0,,1.0,,7.0,,0.0,,180.0,,180.0,163.0,9.0,0.0,7.0,1.0,0.0,0.0,0.0
portugal,OPG154,EBC-00714,67.0,,2.0,,27.0,,167.0,,0.0,,1.0,,0.0,,11.0,,0.0,,208.0,,208.0,167.0,27.0,0.0,11.0,0.0,1.0,2.0,0.0
portugal,OPG154,EBC-02079,19.0,,0.0,,33.0,,120.0,,0.0,,2.0,,0.0,,6.0,,0.0,,161.0,,161.0,120.0,33.0,0.0,6.0,0.0,2.0,0.0,0.0
portugal,OPG154,EBC-03122,,25.0,,0.0,,2.0,,0.0,,0.0,,0.0,,0.0,,0.0,,0.0,,2.0,-2.0,0.0,-2.0,0.0,0.0,0.0,0.0,0.0,0.0
portugal,OPG154,EBC-03251,,16.0,,0.0,,3.0,,1.0,,0.0,,0.0,,0.0,,0.0,,0.0,,4.0,-4.0,-1.0,-3.0,0.0,0.0,0.0,0.0,0.0,0.0
portugal,OPG154,EBC-03255,,49.0,,0.0,,0.0,,0.0,,0.0,,0.0,,0.0,,0.0,,0.0,,0.0,0.0,0.0,0.0,0.0,0.0,0.0,0.0,0.0,0.0
portugal,OPG154,EBC-03422,,54.0,,0.0,,2.0,,1.0,,0.0,,0.0,,0.0,,0.0,,0.0,,3.0,-3.0,-1.0,-2.0,0.0,0.0,0.0,0.0,0.0,0.0
portugal,OPG154,EBC-03694,,77.0,,0.0,,0.0,,3.0,,0.0,,0.0,,0.0,,0.0,,0.0,,3.0,-3.0,-3.0,0.0,0.0,0.0,0.0,0.0,0.0,0.0
portugal,OPG154,EBC-03738,,47.0,,0.0,,0.0,,1.0,,0.0,,0.0,,0.0,,1.0,,0.0,,2.0,-2.0,-1.0,0.0,0.0,-1.0,0.0,0.0,0.0,0.0
portugal,OPG154,EBC-03754,,71.0,,0.0,,0.0,,5.0,,0.0,,0.0,,1.0,,0.0,,0.0,,6.0,-6.0,-5.0,0.0,0.0,0.0,-1.0,0.0,0.0,0.0
portugal,OPG154,EBC-03768,,44.0,,0.0,,1.0,,2.0,,0.0,,0.0,,0.0,,0.0,,0.0,,3.0,-3.0,-2.0,-1.0,0.0,0.0,0.0,0.0,0.0,0.0
portugal,OPG154,EBC-03829,,11.0,,0.0,,0.0,,3.0,,0.0,,0.0,,0.0,,0.0,,0.0,,3.0,-3.0,-3.0,0.0,0.0,0.0,0.0,0.0,0.0,0.0
portugal,OPG154,EBC-03839,100.0,,0.0,,23.0,,137.0,,0.0,,0.0,,0.0,,2.0,,0.0,,162.0,,162.0,137.0,23.0,0.0,2.0,0.0,0.0,0.0,0.0
portugal,OPG154,EBC-03852,17.0,,0.0,,13.0,,140.0,,0.0,,1.0,,2.0,,1.0,,0.0,,157.0,,157.0,140.0,13.0,0.0,1.0,2.0,1.0,0.0,0.0
portugal,OPG154,EBC-03865,5.0,,0.0,,10.0,,194.0,,0.0,,2.0,,0.0,,0.0,,0.0,,206.0,,206.0,194.0,10.0,0.0,0.0,0.0,2.0,0.0,0.0
portugal,OPG154,EBC-03874,,30.0,,0.0,,1.0,,3.0,,0.0,,0.0,,0.0,,0.0,,0.0,,4.0,-4.0,-3.0,-1.0,0.0,0.0,0.0,0.0,0.0,0.0
portugal,OPG154,EBC-03900,63.0,,0.0,,4.0,,153.0,,0.0,,0.0,,2.0,,0.0,,0.0,,159.0,,159.0,153.0,4.0,0.0,0.0,2.0,0.0,0.0,0.0
portugal,OPG154,EBC-04211,81.0,,0.0,,9.0,,151.0,,0.0,,0.0,,4.0,,1.0,,0.0,,165.0,,165.0,151.0,9.0,0.0,1.0,4.0,0.0,0.0,0.0
portugal,OPG154,EBC-04275,,53.0,,0.0,,1.0,,0.0,,0.0,,0.0,,0.0,,0.0,,0.0,,1.0,-1.0,0.0,-1.0,0.0,0.0,0.0,0.0,0.0,0.0
portugal,OPG154,EBC-06061,36.0,,0.0,,36.0,,100.0,,0.0,,2.0,,0.0,,22.0,,0.0,,160.0,,160.0,100.0,36.0,0.0,22.0,0.0,2.0,0.0,0.0
portugal,OPG154,EBC-06062,37.0,,0.0,,27.0,,186.0,,0.0,,2.0,,3.0,,5.0,,0.0,,223.0,,223.0,186.0,27.0,0.0,5.0,3.0,2.0,0.0,0.0
portugal,OPG154,EBC-06111,11.0,,0.0,,12.0,,153.0,,0.0,,0.0,,1.0,,0.0,,0.0,,166.0,,166.0,153.0,12.0,0.0,0.0,1.0,0.0,0.0,0.0
portugal,OPG154,EBC-06204,,50.0,,0.0,,1.0,,3.0,,0.0,,0.0,,0.0,,0.0,,0.0,,4.0,-4.0,-3.0,-1.0,0.0,0.0,0.0,0.0,0.0,0.0
portugal,OPG154,EBC-06315,,100.0,,0.0,,0.0,,0.0,,0.0,,0.0,,0.0,,0.0,,0.0,,0.0,0.0,0.0,0.0,0.0,0.0,0.0,0.0,0.0,0.0
portugal,OPG154,EBC-06565,,83.0,,0.0,,0.0,,3.0,,0.0,,0.0,,0.0,,1.0,,0.0,,4.0,-4.0,-3.0,0.0,0.0,-1.0,0.0,0.0,0.0,0.0
portugal,OPG154,EBC-06581,,80.0,,0.0,,1.0,,2.0,,0.0,,0.0,,0.0,,0.0,,0.0,,3.0,-3.0,-2.0,-1.0,0.0,0.0,0.0,0.0,0.0,0.0
portugal,OPG154,EBC-06684,,3.0,,0.0,,0.0,,5.0,,0.0,,0.0,,0.0,,1.0,,0.0,,6.0,-6.0,-5.0,0.0,0.0,-1.0,0.0,0.0,0.0,0.0
portugal,OPG154,EBC-06754,,40.0,,0.0,,1.0,,3.0,,0.0,,0.0,,0.0,,0.0,,0.0,,4.0,-4.0,-3.0,-1.0,0.0,0.0,0.0,0.0,0.0,0.0
portugal,OPG154,EBC-06755,,86.0,,0.0,,0.0,,2.0,,0.0,,0.0,,0.0,,0.0,,0.0,,2.0,-2.0,-2.0,0.0,0.0,0.0,0.0,0.0,0.0,0.0
portugal,OPG154,EBC-06903,51.0,,0.0,,30.0,,168.0,,0.0,,4.0,,0.0,,0.0,,0.0,,202.0,,202.0,168.0,30.0,0.0,0.0,0.0,4.0,0.0,0.0
portugal,OPG154,EBC-06917,,19.0,,0.0,,0.0,,3.0,,0.0,,0.0,,0.0,,1.0,,0.0,,4.0,-4.0,-3.0,0.0,0.0,-1.0,0.0,0.0,0.0,0.0
portugal,OPG154,EBC-06996,,38.0,,0.0,,0.0,,1.0,,0.0,,0.0,,0.0,,0.0,,0.0,,1.0,-1.0,-1.0,0.0,0.0,0.0,0.0,0.0,0.0,0.0
portugal,OPG154,EBC-07011,,78.0,,0.0,,0.0,,4.0,,0.0,,0.0,,0.0,,0.0,,0.0,,4.0,-4.0,-4.0,0.0,0.0,0.0,0.0,0.0,0.0,0.0
portugal,OPG154,EBC-07063,,35.0,,0.0,,0.0,,5.0,,0.0,,0.0,,0.0,,1.0,,0.0,,6.0,-6.0,-5.0,0.0,0.0,-1.0,0.0,0.0,0.0,0.0
portugal,OPG154,EBC-07157,61.0,,0.0,,30.0,,103.0,,0.0,,1.0,,2.0,,12.0,,0.0,,148.0,,148.0,103.0,30.0,0.0,12.0,2.0,1.0,0.0,0.0
portugal,OPG154,EBC-07205,,90.0,,0.0,,0.0,,1.0,,0.0,,0.0,,0.0,,0.0,,0.0,,1.0,-1.0,-1.0,0.0,0.0,0.0,0.0,0.0,0.0,0.0
portugal,OPG154,EBC-07236,72.0,,0.0,,5.0,,162.0,,0.0,,0.0,,0.0,,4.0,,0.0,,171.0,,171.0,162.0,5.0,0.0,4.0,0.0,0.0,0.0,0.0
portugal,OPG154,EBC-07249,14.0,,0.0,,12.0,,156.0,,0.0,,0.0,,0.0,,0.0,,0.0,,168.0,,168.0,156.0,12.0,0.0,0.0,0.0,0.0,0.0,0.0
portugal,OPG154,EBC-07250,34.0,,0.0,,10.0,,144.0,,0.0,,0.0,,5.0,,0.0,,0.0,,159.0,,159.0,144.0,10.0,0.0,0.0,5.0,0.0,0.0,0.0
portugal,OPG154,EBC-07256,,32.0,,0.0,,0.0,,1.0,,0.0,,0.0,,1.0,,0.0,,0.0,,2.0,-2.0,-1.0,0.0,0.0,0.0,-1.0,0.0,0.0,0.0
portugal,OPG154,EBC-07301,60.0,,0.0,,5.0,,167.0,,0.0,,2.0,,1.0,,7.0,,0.0,,182.0,,182.0,167.0,5.0,0.0,7.0,1.0,2.0,0.0,0.0
portugal,OPG154,EBC-07400,,89.0,,0.0,,0.0,,2.0,,0.0,,0.0,,0.0,,1.0,,0.0,,3.0,-3.0,-2.0,0.0,0.0,-1.0,0.0,0.0,0.0,0.0
portugal,OPG154,EBC-07421,77.0,,4.0,,12.0,,140.0,,0.0,,1.0,,3.0,,6.0,,0.0,,166.0,,166.0,140.0,12.0,0.0,6.0,3.0,1.0,4.0,0.0
portugal,OPG154,EBC-07488,,18.0,,0.0,,0.0,,1.0,,0.0,,0.0,,0.0,,0.0,,0.0,,1.0,-1.0,-1.0,0.0,0.0,0.0,0.0,0.0,0.0,0.0
portugal,OPG154,EBC-07528,83.0,,0.0,,7.0,,161.0,,0.0,,1.0,,0.0,,0.0,,0.0,,169.0,,169.0,161.0,7.0,0.0,0.0,0.0,1.0,0.0,0.0
portugal,OPG154,EBC-07670,22.0,,0.0,,31.0,,175.0,,0.0,,1.0,,1.0,,3.0,,0.0,,211.0,,211.0,175.0,31.0,0.0,3.0,1.0,1.0,0.0,0.0
portugal,OPG154,EBC-07744,82.0,,0.0,,22.0,,154.0,,0.0,,5.0,,4.0,,12.0,,0.0,,197.0,,197.0,154.0,22.0,0.0,12.0,4.0,5.0,0.0,0.0
portugal,OPG154,EBC-07836,98.0,,0.0,,17.0,,144.0,,0.0,,2.0,,0.0,,11.0,,0.0,,174.0,,174.0,144.0,17.0,0.0,11.0,0.0,2.0,0.0,0.0
portugal,OPG154,EBC-07863,,45.0,,0.0,,1.0,,0.0,,0.0,,0.0,,0.0,,0.0,,0.0,,1.0,-1.0,0.0,-1.0,0.0,0.0,0.0,0.0,0.0,0.0
portugal,OPG154,EBC-07988,35.0,,1.0,,57.0,,182.0,,0.0,,0.0,,1.0,,24.0,,0.0,,265.0,,265.0,182.0,57.0,0.0,24.0,1.0,0.0,1.0,0.0
portugal,OPG154,EBC-08119,,96.0,,0.0,,1.0,,0.0,,0.0,,0.0,,0.0,,0.0,,0.0,,1.0,-1.0,0.0,-1.0,0.0,0.0,0.0,0.0,0.0,0.0
portugal,OPG154,EBC-08150,,73.0,,0.0,,1.0,,3.0,,0.0,,0.0,,0.0,,0.0,,0.0,,4.0,-4.0,-3.0,-1.0,0.0,0.0,0.0,0.0,0.0,0.0
portugal,OPG154,EBC-08250,,87.0,,0.0,,0.0,,3.0,,0.0,,0.0,,0.0,,0.0,,0.0,,3.0,-3.0,-3.0,0.0,0.0,0.0,0.0,0.0,0.0,0.0
portugal,OPG154,EBC-08348,,79.0,,0.0,,0.0,,2.0,,0.0,,0.0,,0.0,,1.0,,0.0,,3.0,-3.0,-2.0,0.0,0.0,-1.0,0.0,0.0,0.0,0.0
portugal,OPG154,EBC-08439,,34.0,,0.0,,1.0,,1.0,,0.0,,0.0,,1.0,,0.0,,0.0,,3.0,-3.0,-1.0,-1.0,0.0,0.0,-1.0,0.0,0.0,0.0
portugal,OPG154,EBC-08587,15.0,,0.0,,16.0,,110.0,,0.0,,2.0,,1.0,,0.0,,0.0,,129.0,,129.0,110.0,16.0,0.0,0.0,1.0,2.0,0.0,0.0
portugal,OPG154,EBC-08615,32.0,,0.0,,66.0,,138.0,,0.0,,0.0,,0.0,,10.0,,0.0,,214.0,,214.0,138.0,66.0,0.0,10.0,0.0,0.0,0.0,0.0
portugal,OPG154,EBC-08640,,64.0,,0.0,,0.0,,4.0,,0.0,,0.0,,0.0,,1.0,,0.0,,5.0,-5.0,-4.0,0.0,0.0,-1.0,0.0,0.0,0.0,0.0
portugal,OPG154,EBC-08641,,8.0,,0.0,,1.0,,4.0,,0.0,,0.0,,0.0,,1.0,,0.0,,6.0,-6.0,-4.0,-1.0,0.0,-1.0,0.0,0.0,0.0,0.0
portugal,OPG154,EBC-08787,57.0,,0.0,,20.0,,175.0,,0.0,,1.0,,1.0,,4.0,,0.0,,201.0,,201.0,175.0,20.0,0.0,4.0,1.0,1.0,0.0,0.0
portugal,OPG154,EBC-08788,27.0,,0.0,,26.0,,161.0,,0.0,,2.0,,3.0,,4.0,,0.0,,196.0,,196.0,161.0,26.0,0.0,4.0,3.0,2.0,0.0,0.0
portugal,OPG154,EBC-08807,,56.0,,0.0,,0.0,,3.0,,0.0,,0.0,,0.0,,1.0,,0.0,,4.0,-4.0,-3.0,0.0,0.0,-1.0,0.0,0.0,0.0,0.0
portugal,OPG154,EBC-08813,,36.0,,0.0,,0.0,,3.0,,0.0,,0.0,,0.0,,1.0,,0.0,,4.0,-4.0,-3.0,0.0,0.0,-1.0,0.0,0.0,0.0,0.0
portugal,OPG154,EBC-08915,13.0,,0.0,,21.0,,198.0,,0.0,,1.0,,1.0,,8.0,,0.0,,229.0,,229.0,198.0,21.0,0.0,8.0,1.0,1.0,0.0,0.0
portugal,OPG154,EBC-08937,,65.0,,0.0,,0.0,,2.0,,0.0,,0.0,,1.0,,0.0,,0.0,,3.0,-3.0,-2.0,0.0,0.0,0.0,-1.0,0.0,0.0,0.0
portugal,OPG154,EBC-08955,,62.0,,0.0,,1.0,,2.0,,0.0,,0.0,,0.0,,0.0,,0.0,,3.0,-3.0,-2.0,-1.0,0.0,0.0,0.0,0.0,0.0,0.0
portugal,OPG154,EBC-09010,,33.0,,0.0,,1.0,,1.0,,0.0,,0.0,,0.0,,0.0,,0.0,,2.0,-2.0,-1.0,-1.0,0.0,0.0,0.0,0.0,0.0,0.0
portugal,OPG154,EBC-09039,,68.0,,0.0,,1.0,,2.0,,0.0,,0.0,,1.0,,0.0,,0.0,,4.0,-4.0,-2.0,-1.0,0.0,0.0,-1.0,0.0,0.0,0.0
portugal,OPG154,EBC-09050,,61.0,,0.0,,0.0,,4.0,,0.0,,0.0,,1.0,,0.0,,0.0,,5.0,-5.0,-4.0,0.0,0.0,0.0,-1.0,0.0,0.0,0.0
portugal,OPG154,EBC-09094,,76.0,,0.0,,1.0,,1.0,,0.0,,0.0,,0.0,,0.0,,0.0,,2.0,-2.0,-1.0,-1.0,0.0,0.0,0.0,0.0,0.0,0.0
portugal,OPG154,EBC-09098,99.0,,0.0,,25.0,,157.0,,0.0,,0.0,,5.0,,0.0,,0.0,,187.0,,187.0,157.0,25.0,0.0,0.0,5.0,0.0,0.0,0.0
portugal,OPG154,EBC-09202,,26.0,,0.0,,1.0,,2.0,,0.0,,0.0,,0.0,,1.0,,0.0,,4.0,-4.0,-2.0,-1.0,0.0,-1.0,0.0,0.0,0.0,0.0
portugal,OPG154,EBC-09204,,39.0,,0.0,,0.0,,1.0,,0.0,,0.0,,0.0,,1.0,,0.0,,2.0,-2.0,-1.0,0.0,0.0,-1.0,0.0,0.0,0.0,0.0
portugal,OPG154,EBC-09225,,70.0,,0.0,,0.0,,3.0,,0.0,,0.0,,0.0,,2.0,,0.0,,5.0,-5.0,-3.0,0.0,0.0,-2.0,0.0,0.0,0.0,0.0
portugal,OPG154,EBC-11041,50.0,,0.0,,30.0,,137.0,,0.0,,0.0,,0.0,,1.0,,0.0,,168.0,,168.0,137.0,30.0,0.0,1.0,0.0,0.0,0.0,0.0
portugal,OPG154,EBC-11069,44.0,,0.0,,30.0,,146.0,,0.0,,1.0,,0.0,,2.0,,0.0,,179.0,,179.0,146.0,30.0,0.0,2.0,0.0,1.0,0.0,0.0
portugal,OPG154,EBC-11140,,69.0,,0.0,,0.0,,0.0,,0.0,,0.0,,0.0,,0.0,,0.0,,0.0,0.0,0.0,0.0,0.0,0.0,0.0,0.0,0.0,0.0
portugal,OPG154,EBC-11225,,57.0,,0.0,,0.0,,6.0,,0.0,,0.0,,0.0,,0.0,,0.0,,6.0,-6.0,-6.0,0.0,0.0,0.0,0.0,0.0,0.0,0.0
portugal,OPG154,EBC-11281,41.0,,27.0,,21.0,,113.0,,0.0,,0.0,,0.0,,9.0,,0.0,,170.0,,170.0,113.0,21.0,0.0,9.0,0.0,0.0,27.0,0.0
portugal,OPG154,EBC-11342,,85.0,,0.0,,0.0,,4.0,,0.0,,0.0,,1.0,,0.0,,0.0,,5.0,-5.0,-4.0,0.0,0.0,0.0,-1.0,0.0,0.0,0.0
portugal,OPG154,EBC-11364,49.0,,9.0,,47.0,,72.0,,0.0,,1.0,,2.0,,25.0,,0.0,,156.0,,156.0,72.0,47.0,0.0,25.0,2.0,1.0,9.0,0.0
portugal,OPG154,EBC-11433,88.0,,8.0,,43.0,,115.0,,0.0,,3.0,,2.0,,12.0,,0.0,,183.0,,183.0,115.0,43.0,0.0,12.0,2.0,3.0,8.0,0.0
portugal,OPG154,EBC-118037,30.0,,0.0,,38.0,,94.0,,0.0,,4.0,,1.0,,16.0,,0.0,,153.0,,153.0,94.0,38.0,0.0,16.0,1.0,4.0,0.0,0.0
portugal,OPG154,EBC-12063,92.0,,0.0,,74.0,,72.0,,0.0,,3.0,,0.0,,16.0,,0.0,,165.0,,165.0,72.0,74.0,0.0,16.0,0.0,3.0,0.0,0.0
portugal,OPG154,EBC-12087,,29.0,,0.0,,0.0,,2.0,,0.0,,0.0,,0.0,,1.0,,0.0,,3.0,-3.0,-2.0,0.0,0.0,-1.0,0.0,0.0,0.0,0.0
portugal,OPG154,EBC-12273,48.0,,0.0,,33.0,,138.0,,0.0,,0.0,,2.0,,3.0,,0.0,,176.0,,176.0,138.0,33.0,0.0,3.0,2.0,0.0,0.0,0.0
portugal,OPG154,EBC-12281,,58.0,,0.0,,1.0,,3.0,,0.0,,0.0,,1.0,,0.0,,0.0,,5.0,-5.0,-3.0,-1.0,0.0,0.0,-1.0,0.0,0.0,0.0
portugal,OPG154,EBC-12341,,67.0,,0.0,,1.0,,1.0,,0.0,,0.0,,0.0,,0.0,,0.0,,2.0,-2.0,-1.0,-1.0,0.0,0.0,0.0,0.0,0.0,0.0
portugal,OPG154,EBC-12412,86.0,,0.0,,36.0,,183.0,,0.0,,0.0,,2.0,,9.0,,0.0,,230.0,,230.0,183.0,36.0,0.0,9.0,2.0,0.0,0.0,0.0
portugal,OPG154,EBC-12508,59.0,,0.0,,36.0,,178.0,,0.0,,0.0,,1.0,,18.0,,0.0,,233.0,,233.0,178.0,36.0,0.0,18.0,1.0,0.0,0.0,0.0
portugal,OPG154,EBC-12565,,20.0,,0.0,,3.0,,0.0,,0.0,,0.0,,0.0,,0.0,,0.0,,3.0,-3.0,0.0,-3.0,0.0,0.0,0.0,0.0,0.0,0.0
portugal,OPG154,EBC-12821,91.0,,0.0,,62.0,,100.0,,0.0,,4.0,,2.0,,10.0,,0.0,,178.0,,178.0,100.0,62.0,0.0,10.0,2.0,4.0,0.0,0.0
portugal,OPG154,EBC-12878,33.0,,0.0,,43.0,,159.0,,0.0,,1.0,,2.0,,44.0,,0.0,,249.0,,249.0,159.0,43.0,0.0,44.0,2.0,1.0,0.0,0.0
portugal,OPG154,EBC-12986,,7.0,,0.0,,1.0,,6.0,,0.0,,0.0,,0.0,,1.0,,0.0,,8.0,-8.0,-6.0,-1.0,0.0,-1.0,0.0,0.0,0.0,0.0
portugal,OPG154,EBC-13002,46.0,,12.0,,46.0,,119.0,,0.0,,1.0,,1.0,,8.0,,0.0,,187.0,,187.0,119.0,46.0,0.0,8.0,1.0,1.0,12.0,0.0
portugal,OPG154,EBC-13071,66.0,,0.0,,34.0,,195.0,,0.0,,4.0,,2.0,,0.0,,0.0,,235.0,,235.0,195.0,34.0,0.0,0.0,2.0,4.0,0.0,0.0
portugal,OPG154,EBC-13120,84.0,,0.0,,43.0,,153.0,,0.0,,3.0,,2.0,,11.0,,0.0,,212.0,,212.0,153.0,43.0,0.0,11.0,2.0,3.0,0.0,0.0
portugal,OPG154,EBC-13145,,41.0,,0.0,,0.0,,2.0,,0.0,,0.0,,0.0,,0.0,,0.0,,2.0,-2.0,-2.0,0.0,0.0,0.0,0.0,0.0,0.0,0.0
portugal,OPG154,EBC-13184,62.0,,2.0,,44.0,,143.0,,0.0,,4.0,,0.0,,25.0,,0.0,,218.0,,218.0,143.0,44.0,0.0,25.0,0.0,4.0,2.0,0.0
portugal,OPG154,EBC-13324,,51.0,,0.0,,3.0,,0.0,,0.0,,0.0,,0.0,,0.0,,0.0,,3.0,-3.0,0.0,-3.0,0.0,0.0,0.0,0.0,0.0,0.0
portugal,OPG154,EBC-13326,,43.0,,0.0,,3.0,,1.0,,0.0,,0.0,,0.0,,0.0,,0.0,,4.0,-4.0,-1.0,-3.0,0.0,0.0,0.0,0.0,0.0,0.0
portugal,OPG154,EBC-13579,23.0,,0.0,,61.0,,119.0,,0.0,,0.0,,0.0,,12.0,,0.0,,192.0,,192.0,119.0,61.0,0.0,12.0,0.0,0.0,0.0,0.0
portugal,OPG154,EBC-13607,1.0,,0.0,,65.0,,165.0,,0.0,,2.0,,0.0,,27.0,,0.0,,259.0,,259.0,165.0,65.0,0.0,27.0,0.0,2.0,0.0,0.0
portugal,OPG154,EBC-13814,90.0,,0.0,,17.0,,142.0,,0.0,,0.0,,3.0,,1.0,,0.0,,163.0,,163.0,142.0,17.0,0.0,1.0,3.0,0.0,0.0,0.0
portugal,OPG154,EBC-13822,,28.0,,0.0,,0.0,,5.0,,0.0,,0.0,,0.0,,1.0,,0.0,,6.0,-6.0,-5.0,0.0,0.0,-1.0,0.0,0.0,0.0,0.0
portugal,OPG154,EBC-13851,65.0,,0.0,,45.0,,172.0,,0.0,,0.0,,2.0,,5.0,,0.0,,224.0,,224.0,172.0,45.0,0.0,5.0,2.0,0.0,0.0,0.0
portugal,OPG154,EBC-13852,,46.0,,0.0,,0.0,,0.0,,0.0,,0.0,,0.0,,0.0,,0.0,,0.0,0.0,0.0,0.0,0.0,0.0,0.0,0.0,0.0,0.0
portugal,OPG154,EBC-14176,,60.0,,0.0,,0.0,,1.0,,0.0,,0.0,,0.0,,1.0,,0.0,,2.0,-2.0,-1.0,0.0,0.0,-1.0,0.0,0.0,0.0,0.0
portugal,OPG154,EBC-14210,70.0,,0.0,,17.0,,163.0,,0.0,,0.0,,4.0,,7.0,,0.0,,191.0,,191.0,163.0,17.0,0.0,7.0,4.0,0.0,0.0,0.0
portugal,OPG154,EBC-14214,39.0,,2.0,,25.0,,183.0,,0.0,,0.0,,1.0,,14.0,,0.0,,225.0,,225.0,183.0,25.0,0.0,14.0,1.0,0.0,2.0,0.0
portugal,OPG154,EBC-14302,,37.0,,0.0,,0.0,,4.0,,0.0,,0.0,,0.0,,0.0,,0.0,,4.0,-4.0,-4.0,0.0,0.0,0.0,0.0,0.0,0.0,0.0
portugal,OPG154,EBC-14434,,21.0,,0.0,,2.0,,0.0,,0.0,,0.0,,0.0,,0.0,,0.0,,2.0,-2.0,0.0,-2.0,0.0,0.0,0.0,0.0,0.0,0.0
portugal,OPG154,EBC-145157,73.0,,0.0,,50.0,,120.0,,0.0,,1.0,,2.0,,7.0,,0.0,,180.0,,180.0,120.0,50.0,0.0,7.0,2.0,1.0,0.0,0.0
portugal,OPG154,EBC-145177,,72.0,,0.0,,0.0,,4.0,,0.0,,0.0,,0.0,,1.0,,0.0,,5.0,-5.0,-4.0,0.0,0.0,-1.0,0.0,0.0,0.0,0.0
portugal,OPG154,EBC-145226,18.0,,0.0,,61.0,,139.0,,0.0,,1.0,,0.0,,11.0,,0.0,,212.0,,212.0,139.0,61.0,0.0,11.0,0.0,1.0,0.0,0.0
portugal,OPG154,EBC-148031,89.0,,0.0,,42.0,,162.0,,0.0,,3.0,,1.0,,13.0,,0.0,,221.0,,221.0,162.0,42.0,0.0,13.0,1.0,3.0,0.0,0.0
portugal,OPG154,EBC-14842,,4.0,,0.0,,1.0,,0.0,,0.0,,0.0,,0.0,,0.0,,0.0,,1.0,-1.0,0.0,-1.0,0.0,0.0,0.0,0.0,0.0,0.0
portugal,OPG154,EBC-149094,10.0,,0.0,,41.0,,143.0,,0.0,,2.0,,1.0,,10.0,,0.0,,197.0,,197.0,143.0,41.0,0.0,10.0,1.0,2.0,0.0,0.0
portugal,OPG154,EBC-15027,,98.0,,0.0,,2.0,,0.0,,0.0,,0.0,,0.0,,0.0,,0.0,,2.0,-2.0,0.0,-2.0,0.0,0.0,0.0,0.0,0.0,0.0
portugal,OPG154,EBC-151087,,52.0,,0.0,,1.0,,0.0,,0.0,,0.0,,0.0,,0.0,,0.0,,1.0,-1.0,0.0,-1.0,0.0,0.0,0.0,0.0,0.0,0.0
portugal,OPG154,EBC-155045,,1.0,,0.0,,2.0,,0.0,,0.0,,0.0,,0.0,,0.0,,0.0,,2.0,-2.0,0.0,-2.0,0.0,0.0,0.0,0.0,0.0,0.0
portugal,OPG154,EBC-157172,,75.0,,0.0,,0.0,,3.0,,0.0,,0.0,,1.0,,0.0,,0.0,,4.0,-4.0,-3.0,0.0,0.0,0.0,-1.0,0.0,0.0,0.0
portugal,OPG154,EBC-157209,55.0,,0.0,,31.0,,174.0,,0.0,,2.0,,2.0,,18.0,,0.0,,227.0,,227.0,174.0,31.0,0.0,18.0,2.0,2.0,0.0,0.0
portugal,OPG154,EBC-157218,78.0,,8.0,,68.0,,130.0,,0.0,,0.0,,1.0,,6.0,,0.0,,213.0,,213.0,130.0,68.0,0.0,6.0,1.0,0.0,8.0,0.0
portugal,OPG154,EBC-157241,42.0,,4.0,,59.0,,127.0,,0.0,,2.0,,2.0,,22.0,,0.0,,216.0,,216.0,127.0,59.0,0.0,22.0,2.0,2.0,4.0,0.0
portugal,OPG154,EBC-157248,47.0,,0.0,,50.0,,126.0,,0.0,,3.0,,0.0,,16.0,,0.0,,195.0,,195.0,126.0,50.0,0.0,16.0,0.0,3.0,0.0,0.0
portugal,OPG154,EBC-160036,2.0,,3.0,,23.0,,145.0,,0.0,,2.0,,3.0,,11.0,,0.0,,187.0,,187.0,145.0,23.0,0.0,11.0,3.0,2.0,3.0,0.0
portugal,OPG154,EBC-160051,,91.0,,0.0,,0.0,,0.0,,0.0,,0.0,,0.0,,0.0,,0.0,,0.0,0.0,0.0,0.0,0.0,0.0,0.0,0.0,0.0,0.0
portugal,OPG154,EBC-17028,,2.0,,0.0,,3.0,,1.0,,0.0,,0.0,,0.0,,0.0,,0.0,,4.0,-4.0,-1.0,-3.0,0.0,0.0,0.0,0.0,0.0,0.0
portugal,OPG154,EBC-180260,38.0,,0.0,,18.0,,142.0,,0.0,,2.0,,1.0,,4.0,,0.0,,167.0,,167.0,142.0,18.0,0.0,4.0,1.0,2.0,0.0,0.0
portugal,OPG154,EBC-198037,16.0,,10.0,,58.0,,97.0,,0.0,,2.0,,0.0,,18.0,,0.0,,185.0,,185.0,97.0,58.0,0.0,18.0,0.0,2.0,10.0,0.0
portugal,OPG154,EBC-216028,53.0,,0.0,,20.0,,172.0,,0.0,,3.0,,3.0,,5.0,,0.0,,203.0,,203.0,172.0,20.0,0.0,5.0,3.0,3.0,0.0,0.0
portugal,OPG154,EBC-217022,54.0,,3.0,,35.0,,115.0,,0.0,,3.0,,1.0,,18.0,,0.0,,175.0,,175.0,115.0,35.0,0.0,18.0,1.0,3.0,3.0,0.0
portugal,OPG154,EBC-218037,24.0,,0.0,,24.0,,131.0,,0.0,,2.0,,0.0,,5.0,,0.0,,162.0,,162.0,131.0,24.0,0.0,5.0,0.0,2.0,0.0,0.0
portugal,OPG154,EBC-218043,3.0,,0.0,,39.0,,166.0,,0.0,,4.0,,1.0,,11.0,,0.0,,221.0,,221.0,166.0,39.0,0.0,11.0,1.0,4.0,0.0,0.0
portugal,OPG154,EBC-221084,20.0,,0.0,,65.0,,110.0,,0.0,,3.0,,0.0,,19.0,,0.0,,197.0,,197.0,110.0,65.0,0.0,19.0,0.0,3.0,0.0,0.0
portugal,OPG154,EBC-23629,6.0,,0.0,,15.0,,183.0,,0.0,,4.0,,4.0,,3.0,,0.0,,209.0,,209.0,183.0,15.0,0.0,3.0,4.0,4.0,0.0,0.0
portugal,OPG154,EBC-24042,8.0,,0.0,,0.0,,273.0,,0.0,,0.0,,2.0,,0.0,,0.0,,275.0,,275.0,273.0,0.0,0.0,0.0,2.0,0.0,0.0,0.0
portugal,OPG154,EBC-244029,25.0,,0.0,,21.0,,178.0,,0.0,,1.0,,1.0,,6.0,,0.0,,207.0,,207.0,178.0,21.0,0.0,6.0,1.0,1.0,0.0,0.0
portugal,OPG154,EBC-246080,,13.0,,0.0,,0.0,,1.0,,0.0,,0.0,,0.0,,0.0,,0.0,,1.0,-1.0,-1.0,0.0,0.0,0.0,0.0,0.0,0.0,0.0
portugal,OPG154,EBC-249057,79.0,,0.0,,18.0,,150.0,,0.0,,3.0,,3.0,,4.0,,0.0,,178.0,,178.0,150.0,18.0,0.0,4.0,3.0,3.0,0.0,0.0
portugal,OPG154,EBC-249079,,99.0,,0.0,,2.0,,0.0,,0.0,,0.0,,0.0,,0.0,,0.0,,2.0,-2.0,0.0,-2.0,0.0,0.0,0.0,0.0,0.0,0.0
portugal,OPG154,EBC-251144,,88.0,,0.0,,1.0,,1.0,,0.0,,0.0,,0.0,,0.0,,0.0,,2.0,-2.0,-1.0,-1.0,0.0,0.0,0.0,0.0,0.0,0.0
portugal,OPG154,EBC-251173,29.0,,0.0,,49.0,,169.0,,0.0,,0.0,,1.0,,18.0,,0.0,,237.0,,237.0,169.0,49.0,0.0,18.0,1.0,0.0,0.0,0.0
portugal,OPG154,EBC-253291,45.0,,0.0,,37.0,,164.0,,0.0,,1.0,,2.0,,8.0,,0.0,,212.0,,212.0,164.0,37.0,0.0,8.0,2.0,1.0,0.0,0.0
portugal,OPG154,EBC-253294,,97.0,,0.0,,0.0,,2.0,,0.0,,0.0,,0.0,,0.0,,0.0,,2.0,-2.0,-2.0,0.0,0.0,0.0,0.0,0.0,0.0,0.0
portugal,OPG154,EBC-255053,71.0,,0.0,,23.0,,167.0,,0.0,,2.0,,0.0,,8.0,,0.0,,200.0,,200.0,167.0,23.0,0.0,8.0,0.0,2.0,0.0,0.0
portugal,OPG154,EBC-255056,75.0,,0.0,,21.0,,147.0,,0.0,,1.0,,3.0,,3.0,,0.0,,175.0,,175.0,147.0,21.0,0.0,3.0,3.0,1.0,0.0,0.0
portugal,OPG154,EBC-26103,,12.0,,0.0,,0.0,,2.0,,0.0,,0.0,,0.0,,0.0,,0.0,,2.0,-2.0,-2.0,0.0,0.0,0.0,0.0,0.0,0.0,0.0
portugal,OPG154,EBC-26180,,22.0,,0.0,,2.0,,0.0,,1.0,,0.0,,0.0,,0.0,,0.0,,3.0,-3.0,0.0,-2.0,0.0,0.0,0.0,0.0,0.0,-1.0
portugal,OPG154,EBC-265042,76.0,,0.0,,25.0,,170.0,,0.0,,2.0,,2.0,,4.0,,0.0,,203.0,,203.0,170.0,25.0,0.0,4.0,2.0,2.0,0.0,0.0
portugal,OPG154,EBC-26770,26.0,,0.0,,11.0,,167.0,,0.0,,0.0,,1.0,,0.0,,0.0,,179.0,,179.0,167.0,11.0,0.0,0.0,1.0,0.0,0.0,0.0
portugal,OPG154,EBC-26955,93.0,,0.0,,26.0,,170.0,,0.0,,0.0,,6.0,,9.0,,0.0,,211.0,,211.0,170.0,26.0,0.0,9.0,6.0,0.0,0.0,0.0
portugal,OPG154,EBC-27035,97.0,,0.0,,35.0,,167.0,,0.0,,2.0,,2.0,,6.0,,0.0,,212.0,,212.0,167.0,35.0,0.0,6.0,2.0,2.0,0.0,0.0
portugal,OPG154,EBC-27125,,5.0,,0.0,,1.0,,4.0,,0.0,,0.0,,0.0,,0.0,,0.0,,5.0,-5.0,-4.0,-1.0,0.0,0.0,0.0,0.0,0.0,0.0
portugal,OPG154,EBC-27265,4.0,,2.0,,10.0,,147.0,,0.0,,1.0,,2.0,,1.0,,0.0,,163.0,,163.0,147.0,10.0,0.0,1.0,2.0,1.0,2.0,0.0
portugal,OPG154,EBC-27345,43.0,,9.0,,26.0,,114.0,,0.0,,0.0,,2.0,,5.0,,0.0,,156.0,,156.0,114.0,26.0,0.0,5.0,2.0,0.0,9.0,0.0
portugal,OPG154,EBC-27428,74.0,,0.0,,65.0,,110.0,,0.0,,3.0,,1.0,,17.0,,0.0,,196.0,,196.0,110.0,65.0,0.0,17.0,1.0,3.0,0.0,0.0
portugal,OPG154,EBC-280050,,84.0,,0.0,,1.0,,0.0,,3.0,,0.0,,0.0,,0.0,,0.0,,4.0,-4.0,0.0,-1.0,0.0,0.0,0.0,0.0,0.0,-3.0
portugal,OPG154,EBC-28042,,9.0,,0.0,,1.0,,0.0,,0.0,,0.0,,0.0,,0.0,,0.0,,1.0,-1.0,0.0,-1.0,0.0,0.0,0.0,0.0,0.0,0.0
portugal,OPG154,EBC-28055,,15.0,,0.0,,2.0,,1.0,,2.0,,0.0,,0.0,,0.0,,0.0,,5.0,-5.0,-1.0,-2.0,0.0,0.0,0.0,0.0,0.0,-2.0
portugal,OPG154,EBC-287070,68.0,,0.0,,46.0,,150.0,,0.0,,1.0,,0.0,,6.0,,0.0,,203.0,,203.0,150.0,46.0,0.0,6.0,0.0,1.0,0.0,0.0
portugal,OPG154,EBC-289112,52.0,,0.0,,29.0,,149.0,,0.0,,3.0,,0.0,,9.0,,0.0,,190.0,,190.0,149.0,29.0,0.0,9.0,0.0,3.0,0.0,0.0
portugal,OPG154,EBC-290041,12.0,,6.0,,80.0,,156.0,,0.0,,2.0,,0.0,,20.0,,0.0,,264.0,,264.0,156.0,80.0,0.0,20.0,0.0,2.0,6.0,0.0
portugal,OPG154,EBC-290046,,82.0,,0.0,,2.0,,3.0,,0.0,,0.0,,0.0,,0.0,,0.0,,5.0,-5.0,-3.0,-2.0,0.0,0.0,0.0,0.0,0.0,0.0
portugal,OPG154,EBC-290082,69.0,,0.0,,34.0,,132.0,,0.0,,1.0,,0.0,,5.0,,0.0,,172.0,,172.0,132.0,34.0,0.0,5.0,0.0,1.0,0.0,0.0
portugal,OPG154,EBC-291159,58.0,,0.0,,36.0,,167.0,,0.0,,2.0,,1.0,,10.0,,0.0,,216.0,,216.0,167.0,36.0,0.0,10.0,1.0,2.0,0.0,0.0
portugal,OPG154,EBC-30021,,55.0,,0.0,,1.0,,0.0,,0.0,,0.0,,0.0,,0.0,,0.0,,1.0,-1.0,0.0,-1.0,0.0,0.0,0.0,0.0,0.0,0.0
portugal,OPG154,EBC-303208,,6.0,,0.0,,1.0,,4.0,,0.0,,0.0,,0.0,,0.0,,0.0,,5.0,-5.0,-4.0,-1.0,0.0,0.0,0.0,0.0,0.0,0.0
portugal,OPG154,EBC-303213,,63.0,,0.0,,0.0,,5.0,,0.0,,0.0,,0.0,,1.0,,0.0,,6.0,-6.0,-5.0,0.0,0.0,-1.0,0.0,0.0,0.0,0.0
portugal,OPG154,EBC-303277,,59.0,,0.0,,0.0,,1.0,,0.0,,0.0,,1.0,,2.0,,0.0,,4.0,-4.0,-1.0,0.0,0.0,-2.0,-1.0,0.0,0.0,0.0
portugal,OPG154,EBC-306041,,93.0,,0.0,,1.0,,3.0,,0.0,,0.0,,0.0,,0.0,,0.0,,4.0,-4.0,-3.0,-1.0,0.0,0.0,0.0,0.0,0.0,0.0
portugal,OPG154,EBC-306048,94.0,,4.0,,45.0,,84.0,,0.0,,6.0,,1.0,,23.0,,0.0,,163.0,,163.0,84.0,45.0,0.0,23.0,1.0,6.0,4.0,0.0
portugal,OPG154,EBC-312060,,17.0,,0.0,,0.0,,2.0,,0.0,,0.0,,1.0,,0.0,,0.0,,3.0,-3.0,-2.0,0.0,0.0,0.0,-1.0,0.0,0.0,0.0
portugal,OPG154,EBC-331049,,94.0,,0.0,,1.0,,2.0,,0.0,,0.0,,0.0,,0.0,,0.0,,3.0,-3.0,-2.0,-1.0,0.0,0.0,0.0,0.0,0.0,0.0
portugal,OPG154,EBC-361045,,10.0,,0.0,,2.0,,1.0,,0.0,,0.0,,0.0,,0.0,,0.0,,3.0,-3.0,-1.0,-2.0,0.0,0.0,0.0,0.0,0.0,0.0
portugal,OPG154,EBC-372050,,14.0,,0.0,,0.0,,4.0,,0.0,,0.0,,0.0,,0.0,,0.0,,4.0,-4.0,-4.0,0.0,0.0,0.0,0.0,0.0,0.0,0.0
portugal,OPG154,EBC-381049,,66.0,,0.0,,0.0,,0.0,,0.0,,0.0,,0.0,,0.0,,0.0,,0.0,0.0,0.0,0.0,0.0,0.0,0.0,0.0,0.0,0.0
portugal,OPG154,EBC-43021,80.0,,1.0,,41.0,,134.0,,0.0,,1.0,,1.0,,17.0,,0.0,,195.0,,195.0,134.0,41.0,0.0,17.0,1.0,1.0,1.0,0.0
portugal,OPG154,EBC-44117,,24.0,,0.0,,1.0,,1.0,,0.0,,0.0,,0.0,,0.0,,0.0,,2.0,-2.0,-1.0,-1.0,0.0,0.0,0.0,0.0,0.0,0.0
portugal,OPG154,EBC-44365,,31.0,,0.0,,0.0,,4.0,,0.0,,0.0,,0.0,,1.0,,0.0,,5.0,-5.0,-4.0,0.0,0.0,-1.0,0.0,0.0,0.0,0.0
portugal,OPG154,EBC-44401,95.0,,3.0,,41.0,,165.0,,0.0,,0.0,,0.0,,17.0,,0.0,,226.0,,226.0,165.0,41.0,0.0,17.0,0.0,0.0,3.0,0.0
portugal,OPG154,EBC-44440,,23.0,,0.0,,0.0,,1.0,,0.0,,0.0,,0.0,,0.0,,0.0,,1.0,-1.0,-1.0,0.0,0.0,0.0,0.0,0.0,0.0,0.0
portugal,OPG154,EBC-46057,9.0,,0.0,,36.0,,196.0,,0.0,,3.0,,1.0,,9.0,,0.0,,245.0,,245.0,196.0,36.0,0.0,9.0,1.0,3.0,0.0,0.0
portugal,OPG154,EBC-46200,21.0,,6.0,,45.0,,153.0,,0.0,,0.0,,1.0,,26.0,,0.0,,231.0,,231.0,153.0,45.0,0.0,26.0,1.0,0.0,6.0,0.0
portugal,OPG154,EBC-46294,96.0,,1.0,,98.0,,120.0,,0.0,,3.0,,5.0,,27.0,,0.0,,254.0,,254.0,120.0,98.0,0.0,27.0,5.0,3.0,1.0,0.0
portugal,OPG154,EBC-47114,64.0,,8.0,,36.0,,146.0,,0.0,,2.0,,1.0,,5.0,,0.0,,198.0,,198.0,146.0,36.0,0.0,5.0,1.0,2.0,8.0,0.0
portugal,OPG154,EBC-47190,,48.0,,0.0,,1.0,,0.0,,0.0,,0.0,,0.0,,0.0,,0.0,,1.0,-1.0,0.0,-1.0,0.0,0.0,0.0,0.0,0.0,0.0
portugal,OPG154,EBC-47232,,42.0,,0.0,,2.0,,1.0,,0.0,,0.0,,0.0,,0.0,,0.0,,3.0,-3.0,-1.0,-2.0,0.0,0.0,0.0,0.0,0.0,0.0
portugal,OPG154,EBC-47233,,95.0,,0.0,,2.0,,1.0,,0.0,,0.0,,0.0,,0.0,,0.0,,3.0,-3.0,-1.0,-2.0,0.0,0.0,0.0,0.0,0.0,0.0
portugal,OPG154,EBC-48186,87.0,,8.0,,34.0,,115.0,,0.0,,1.0,,0.0,,4.0,,0.0,,162.0,,162.0,115.0,34.0,0.0,4.0,0.0,1.0,8.0,0.0
portugal,OPG154,EBC-50093,,92.0,,0.0,,2.0,,0.0,,0.0,,0.0,,0.0,,0.0,,0.0,,2.0,-2.0,0.0,-2.0,0.0,0.0,0.0,0.0,0.0,0.0
portugal,OPG154,EBC-63089,40.0,,0.0,,82.0,,137.0,,0.0,,4.0,,1.0,,36.0,,0.0,,260.0,,260.0,137.0,82.0,0.0,36.0,1.0,4.0,0.0,0.0
portugal,OPG154,EBC-65177,,81.0,,0.0,,0.0,,3.0,,0.0,,0.0,,0.0,,0.0,,0.0,,3.0,-3.0,-3.0,0.0,0.0,0.0,0.0,0.0,0.0,0.0
portugal,OPG154,EBC-71073,56.0,,0.0,,68.0,,149.0,,0.0,,1.0,,2.0,,15.0,,0.0,,235.0,,235.0,149.0,68.0,0.0,15.0,2.0,1.0,0.0,0.0
portugal,OPG154,EBC-73021,31.0,,3.0,,22.0,,146.0,,0.0,,2.0,,0.0,,8.0,,0.0,,181.0,,181.0,146.0,22.0,0.0,8.0,0.0,2.0,3.0,0.0
portugal,OPG154,EBC-84050,28.0,,3.0,,62.0,,124.0,,0.0,,5.0,,1.0,,30.0,,0.0,,225.0,,225.0,124.0,62.0,0.0,30.0,1.0,5.0,3.0,0.0
portugal,OPG174,EBC-00013,,98.0,,0.0,,1.0,,0.0,,1.0,,0.0,,0.0,,0.0,,0.0,,2.0,-2.0,0.0,-1.0,0.0,0.0,0.0,0.0,0.0,-1.0
portugal,OPG174,EBC-00570,,51.0,,0.0,,1.0,,0.0,,0.0,,0.0,,1.0,,0.0,,0.0,,2.0,-2.0,0.0,-1.0,0.0,0.0,-1.0,0.0,0.0,0.0
portugal,OPG174,EBC-00571,,48.0,,0.0,,1.0,,6.0,,0.0,,0.0,,1.0,,0.0,,0.0,,8.0,-8.0,-6.0,-1.0,0.0,0.0,-1.0,0.0,0.0,0.0
portugal,OPG174,EBC-00633,,33.0,,0.0,,5.0,,0.0,,0.0,,0.0,,0.0,,0.0,,0.0,,5.0,-5.0,0.0,-5.0,0.0,0.0,0.0,0.0,0.0,0.0
portugal,OPG174,EBC-00646,,91.0,,0.0,,3.0,,10.0,,0.0,,0.0,,2.0,,0.0,,0.0,,15.0,-15.0,-10.0,-3.0,0.0,0.0,-2.0,0.0,0.0,0.0
portugal,OPG174,EBC-00663,,20.0,,0.0,,1.0,,8.0,,0.0,,0.0,,0.0,,1.0,,0.0,,10.0,-10.0,-8.0,-1.0,0.0,-1.0,0.0,0.0,0.0,0.0
portugal,OPG174,EBC-00694,85.0,,10.0,,78.0,,151.0,,0.0,,0.0,,2.0,,18.0,,0.0,,259.0,,259.0,151.0,78.0,0.0,18.0,2.0,0.0,10.0,0.0
portugal,OPG174,EBC-00704,,43.0,,0.0,,3.0,,5.0,,0.0,,0.0,,1.0,,1.0,,0.0,,10.0,-10.0,-5.0,-3.0,0.0,-1.0,-1.0,0.0,0.0,0.0
portugal,OPG174,EBC-00711,48.0,,0.0,,20.0,,152.0,,0.0,,0.0,,1.0,,4.0,,0.0,,177.0,,177.0,152.0,20.0,0.0,4.0,1.0,0.0,0.0,0.0
portugal,OPG174,EBC-02039,,55.0,,0.0,,1.0,,6.0,,0.0,,0.0,,2.0,,0.0,,0.0,,9.0,-9.0,-6.0,-1.0,0.0,0.0,-2.0,0.0,0.0,0.0
portugal,OPG174,EBC-02079,18.0,,0.0,,18.0,,54.0,,0.0,,0.0,,0.0,,4.0,,0.0,,76.0,,76.0,54.0,18.0,0.0,4.0,0.0,0.0,0.0,0.0
portugal,OPG174,EBC-02080,25.0,,0.0,,32.0,,78.0,,0.0,,0.0,,0.0,,3.0,,0.0,,113.0,,113.0,78.0,32.0,0.0,3.0,0.0,0.0,0.0,0.0
portugal,OPG174,EBC-03100,,68.0,,0.0,,3.0,,0.0,,0.0,,0.0,,0.0,,0.0,,0.0,,3.0,-3.0,0.0,-3.0,0.0,0.0,0.0,0.0,0.0,0.0
portugal,OPG174,EBC-03170,,100.0,,0.0,,4.0,,0.0,,0.0,,0.0,,0.0,,0.0,,0.0,,4.0,-4.0,0.0,-4.0,0.0,0.0,0.0,0.0,0.0,0.0
portugal,OPG174,EBC-03462,,73.0,,0.0,,3.0,,3.0,,0.0,,0.0,,0.0,,0.0,,0.0,,6.0,-6.0,-3.0,-3.0,0.0,0.0,0.0,0.0,0.0,0.0
portugal,OPG174,EBC-03625,,52.0,,0.0,,1.0,,6.0,,0.0,,0.0,,0.0,,0.0,,0.0,,7.0,-7.0,-6.0,-1.0,0.0,0.0,0.0,0.0,0.0,0.0
portugal,OPG174,EBC-03826,,50.0,,0.0,,2.0,,5.0,,0.0,,0.0,,0.0,,0.0,,0.0,,7.0,-7.0,-5.0,-2.0,0.0,0.0,0.0,0.0,0.0,0.0
portugal,OPG174,EBC-03845,,69.0,,0.0,,2.0,,5.0,,0.0,,0.0,,1.0,,1.0,,0.0,,9.0,-9.0,-5.0,-2.0,0.0,-1.0,-1.0,0.0,0.0,0.0
portugal,OPG174,EBC-03893,,65.0,,0.0,,1.0,,6.0,,0.0,,0.0,,0.0,,1.0,,0.0,,8.0,-8.0,-6.0,-1.0,0.0,-1.0,0.0,0.0,0.0,0.0
portugal,OPG174,EBC-03910,,27.0,,0.0,,4.0,,0.0,,0.0,,0.0,,0.0,,0.0,,0.0,,4.0,-4.0,0.0,-4.0,0.0,0.0,0.0,0.0,0.0,0.0
portugal,OPG174,EBC-03919,,41.0,,0.0,,5.0,,8.0,,0.0,,0.0,,0.0,,0.0,,0.0,,13.0,-13.0,-8.0,-5.0,0.0,0.0,0.0,0.0,0.0,0.0
portugal,OPG174,EBC-04247,,47.0,,0.0,,1.0,,7.0,,0.0,,0.0,,0.0,,1.0,,0.0,,9.0,-9.0,-7.0,-1.0,0.0,-1.0,0.0,0.0,0.0,0.0
portugal,OPG174,EBC-06061,17.0,,0.0,,41.0,,116.0,,0.0,,1.0,,1.0,,9.0,,0.0,,168.0,,168.0,116.0,41.0,0.0,9.0,1.0,1.0,0.0,0.0
portugal,OPG174,EBC-06062,43.0,,0.0,,54.0,,188.0,,0.0,,0.0,,0.0,,6.0,,0.0,,248.0,,248.0,188.0,54.0,0.0,6.0,0.0,0.0,0.0,0.0
portugal,OPG174,EBC-06092,50.0,,0.0,,69.0,,96.0,,0.0,,2.0,,0.0,,2.0,,0.0,,169.0,,169.0,96.0,69.0,0.0,2.0,0.0,2.0,0.0,0.0
portugal,OPG174,EBC-06116,,36.0,,0.0,,3.0,,8.0,,0.0,,0.0,,0.0,,0.0,,0.0,,11.0,-11.0,-8.0,-3.0,0.0,0.0,0.0,0.0,0.0,0.0
portugal,OPG174,EBC-06369,,90.0,,0.0,,0.0,,7.0,,0.0,,0.0,,0.0,,1.0,,0.0,,8.0,-8.0,-7.0,0.0,0.0,-1.0,0.0,0.0,0.0,0.0
portugal,OPG174,EBC-06764,,60.0,,2.0,,2.0,,3.0,,0.0,,0.0,,1.0,,0.0,,0.0,,8.0,-8.0,-3.0,-2.0,0.0,0.0,-1.0,0.0,-2.0,0.0
portugal,OPG174,EBC-06844,,76.0,,0.0,,3.0,,4.0,,0.0,,0.0,,2.0,,0.0,,0.0,,9.0,-9.0,-4.0,-3.0,0.0,0.0,-2.0,0.0,0.0,0.0
portugal,OPG174,EBC-06903,94.0,,0.0,,58.0,,187.0,,0.0,,1.0,,0.0,,4.0,,0.0,,250.0,,250.0,187.0,58.0,0.0,4.0,0.0,1.0,0.0,0.0
portugal,OPG174,EBC-07127,,94.0,,0.0,,1.0,,1.0,,0.0,,0.0,,2.0,,1.0,,0.0,,5.0,-5.0,-1.0,-1.0,0.0,-1.0,-2.0,0.0,0.0,0.0
portugal,OPG174,EBC-07157,35.0,,0.0,,57.0,,80.0,,0.0,,0.0,,2.0,,9.0,,0.0,,148.0,,148.0,80.0,57.0,0.0,9.0,2.0,0.0,0.0,0.0
portugal,OPG174,EBC-07221,,37.0,,0.0,,1.0,,7.0,,0.0,,0.0,,1.0,,0.0,,0.0,,9.0,-9.0,-7.0,-1.0,0.0,0.0,-1.0,0.0,0.0,0.0
portugal,OPG174,EBC-07249,84.0,,0.0,,38.0,,137.0,,0.0,,0.0,,0.0,,2.0,,0.0,,177.0,,177.0,137.0,38.0,0.0,2.0,0.0,0.0,0.0,0.0
portugal,OPG174,EBC-07301,70.0,,0.0,,20.0,,157.0,,0.0,,0.0,,0.0,,3.0,,0.0,,180.0,,180.0,157.0,20.0,0.0,3.0,0.0,0.0,0.0,0.0
portugal,OPG174,EBC-07353,,58.0,,0.0,,0.0,,7.0,,0.0,,0.0,,0.0,,0.0,,0.0,,7.0,-7.0,-7.0,0.0,0.0,0.0,0.0,0.0,0.0,0.0
portugal,OPG174,EBC-07355,,59.0,,0.0,,2.0,,5.0,,0.0,,0.0,,1.0,,0.0,,0.0,,8.0,-8.0,-5.0,-2.0,0.0,0.0,-1.0,0.0,0.0,0.0
portugal,OPG174,EBC-07400,,71.0,,0.0,,1.0,,4.0,,0.0,,0.0,,0.0,,1.0,,0.0,,6.0,-6.0,-4.0,-1.0,0.0,-1.0,0.0,0.0,0.0,0.0
portugal,OPG174,EBC-07480,,57.0,,0.0,,1.0,,11.0,,0.0,,0.0,,0.0,,1.0,,0.0,,13.0,-13.0,-11.0,-1.0,0.0,-1.0,0.0,0.0,0.0,0.0
portugal,OPG174,EBC-07491,,84.0,,0.0,,1.0,,8.0,,0.0,,0.0,,0.0,,1.0,,0.0,,10.0,-10.0,-8.0,-1.0,0.0,-1.0,0.0,0.0,0.0,0.0
portugal,OPG174,EBC-07543,,22.0,,0.0,,3.0,,5.0,,0.0,,0.0,,2.0,,1.0,,0.0,,11.0,-11.0,-5.0,-3.0,0.0,-1.0,-2.0,0.0,0.0,0.0
portugal,OPG174,EBC-07557,90.0,,0.0,,66.0,,113.0,,0.0,,1.0,,1.0,,10.0,,0.0,,191.0,,191.0,113.0,66.0,0.0,10.0,1.0,1.0,0.0,0.0
portugal,OPG174,EBC-07670,77.0,,0.0,,71.0,,157.0,,0.0,,0.0,,0.0,,1.0,,0.0,,229.0,,229.0,157.0,71.0,0.0,1.0,0.0,0.0,0.0,0.0
portugal,OPG174,EBC-07683,97.0,,0.0,,55.0,,179.0,,0.0,,1.0,,0.0,,9.0,,0.0,,244.0,,244.0,179.0,55.0,0.0,9.0,0.0,1.0,0.0,0.0
portugal,OPG174,EBC-07787,,45.0,,0.0,,0.0,,6.0,,0.0,,0.0,,1.0,,1.0,,0.0,,8.0,-8.0,-6.0,0.0,0.0,-1.0,-1.0,0.0,0.0,0.0
portugal,OPG174,EBC-07862,,9.0,,0.0,,8.0,,0.0,,0.0,,0.0,,0.0,,0.0,,0.0,,8.0,-8.0,0.0,-8.0,0.0,0.0,0.0,0.0,0.0,0.0
portugal,OPG174,EBC-07893,,23.0,,0.0,,1.0,,7.0,,0.0,,0.0,,1.0,,0.0,,0.0,,9.0,-9.0,-7.0,-1.0,0.0,0.0,-1.0,0.0,0.0,0.0
portugal,OPG174,EBC-07988,47.0,14.0,1.0,0.0,77.0,4.0,173.0,10.0,0.0,0.0,1.0,1.0,0.0,2.0,18.0,0.0,0.0,0.0,270.0,17.0,253.0,163.0,73.0,0.0,18.0,-2.0,0.0,1.0,0.0
portugal,OPG174,EBC-08023,,31.0,,0.0,,3.0,,0.0,,0.0,,0.0,,0.0,,0.0,,0.0,,3.0,-3.0,0.0,-3.0,0.0,0.0,0.0,0.0,0.0,0.0
portugal,OPG174,EBC-08040,,89.0,,0.0,,3.0,,3.0,,0.0,,0.0,,1.0,,0.0,,0.0,,7.0,-7.0,-3.0,-3.0,0.0,0.0,-1.0,0.0,0.0,0.0
portugal,OPG174,EBC-08344,,46.0,,0.0,,1.0,,5.0,,0.0,,0.0,,0.0,,1.0,,0.0,,7.0,-7.0,-5.0,-1.0,0.0,-1.0,0.0,0.0,0.0,0.0
portugal,OPG174,EBC-08358,,83.0,,0.0,,3.0,,4.0,,0.0,,0.0,,1.0,,1.0,,0.0,,9.0,-9.0,-4.0,-3.0,0.0,-1.0,-1.0,0.0,0.0,0.0
portugal,OPG174,EBC-08536,93.0,,0.0,,88.0,,156.0,,0.0,,1.0,,0.0,,8.0,,0.0,,253.0,,253.0,156.0,88.0,0.0,8.0,0.0,1.0,0.0,0.0
portugal,OPG174,EBC-08557,,39.0,,0.0,,2.0,,5.0,,0.0,,0.0,,2.0,,1.0,,0.0,,10.0,-10.0,-5.0,-2.0,0.0,-1.0,-2.0,0.0,0.0,0.0
portugal,OPG174,EBC-08587,87.0,,0.0,,20.0,,117.0,,0.0,,0.0,,0.0,,0.0,,0.0,,137.0,,137.0,117.0,20.0,0.0,0.0,0.0,0.0,0.0,0.0
portugal,OPG174,EBC-08615,45.0,,0.0,,133.0,,158.0,,0.0,,0.0,,0.0,,10.0,,0.0,,301.0,,301.0,158.0,133.0,0.0,10.0,0.0,0.0,0.0,0.0
portugal,OPG174,EBC-08636,,77.0,,0.0,,1.0,,9.0,,0.0,,0.0,,1.0,,1.0,,0.0,,12.0,-12.0,-9.0,-1.0,0.0,-1.0,-1.0,0.0,0.0,0.0
portugal,OPG174,EBC-08788,82.0,,0.0,,62.0,,142.0,,0.0,,0.0,,0.0,,12.0,,0.0,,216.0,,216.0,142.0,62.0,0.0,12.0,0.0,0.0,0.0,0.0
portugal,OPG174,EBC-08908,57.0,,2.0,,102.0,,142.0,,0.0,,0.0,,0.0,,5.0,,0.0,,251.0,,251.0,142.0,102.0,0.0,5.0,0.0,0.0,2.0,0.0
portugal,OPG174,EBC-08915,33.0,,0.0,,37.0,,150.0,,0.0,,0.0,,0.0,,3.0,,0.0,,190.0,,190.0,150.0,37.0,0.0,3.0,0.0,0.0,0.0,0.0
portugal,OPG174,EBC-09085,99.0,,0.0,,73.0,,131.0,,0.0,,2.0,,0.0,,7.0,,0.0,,213.0,,213.0,131.0,73.0,0.0,7.0,0.0,2.0,0.0,0.0
portugal,OPG174,EBC-09098,,16.0,,0.0,,3.0,,8.0,,0.0,,0.0,,0.0,,0.0,,0.0,,11.0,-11.0,-8.0,-3.0,0.0,0.0,0.0,0.0,0.0,0.0
portugal,OPG174,EBC-09132,78.0,,9.0,,45.0,,106.0,,0.0,,0.0,,0.0,,5.0,,0.0,,165.0,,165.0,106.0,45.0,0.0,5.0,0.0,0.0,9.0,0.0
portugal,OPG174,EBC-09156,,15.0,,1.0,,1.0,,6.0,,0.0,,0.0,,1.0,,0.0,,0.0,,9.0,-9.0,-6.0,-1.0,0.0,0.0,-1.0,0.0,-1.0,0.0
portugal,OPG174,EBC-09186,,87.0,,0.0,,2.0,,11.0,,0.0,,0.0,,0.0,,1.0,,0.0,,14.0,-14.0,-11.0,-2.0,0.0,-1.0,0.0,0.0,0.0,0.0
portugal,OPG174,EBC-09202,14.0,,4.0,,67.0,,139.0,,0.0,,1.0,,0.0,,10.0,,0.0,,221.0,,221.0,139.0,67.0,0.0,10.0,0.0,1.0,4.0,0.0
portugal,OPG174,EBC-102119,73.0,,0.0,,136.0,,89.0,,0.0,,1.0,,0.0,,6.0,,0.0,,232.0,,232.0,89.0,136.0,0.0,6.0,0.0,1.0,0.0,0.0
portugal,OPG174,EBC-11026,,28.0,,0.0,,5.0,,0.0,,0.0,,0.0,,0.0,,0.0,,0.0,,5.0,-5.0,0.0,-5.0,0.0,0.0,0.0,0.0,0.0,0.0
portugal,OPG174,EBC-11027,,3.0,,0.0,,5.0,,0.0,,0.0,,0.0,,0.0,,0.0,,0.0,,5.0,-5.0,0.0,-5.0,0.0,0.0,0.0,0.0,0.0,0.0
portugal,OPG174,EBC-11029,44.0,,0.0,,94.0,,159.0,,0.0,,3.0,,0.0,,9.0,,0.0,,265.0,,265.0,159.0,94.0,0.0,9.0,0.0,3.0,0.0,0.0
portugal,OPG174,EBC-11050,,2.0,,0.0,,5.0,,0.0,,0.0,,0.0,,0.0,,0.0,,0.0,,5.0,-5.0,0.0,-5.0,0.0,0.0,0.0,0.0,0.0,0.0
portugal,OPG174,EBC-11061,,35.0,,0.0,,6.0,,7.0,,0.0,,0.0,,0.0,,1.0,,0.0,,14.0,-14.0,-7.0,-6.0,0.0,-1.0,0.0,0.0,0.0,0.0
portugal,OPG174,EBC-11111,,95.0,,0.0,,5.0,,3.0,,0.0,,0.0,,2.0,,0.0,,0.0,,10.0,-10.0,-3.0,-5.0,0.0,0.0,-2.0,0.0,0.0,0.0
portugal,OPG174,EBC-11150,,85.0,,0.0,,13.0,,5.0,,0.0,,0.0,,2.0,,0.0,,0.0,,20.0,-20.0,-5.0,-13.0,0.0,0.0,-2.0,0.0,0.0,0.0
portugal,OPG174,EBC-11226,,44.0,,0.0,,2.0,,5.0,,0.0,,0.0,,2.0,,1.0,,0.0,,10.0,-10.0,-5.0,-2.0,0.0,-1.0,-2.0,0.0,0.0,0.0
portugal,OPG174,EBC-11230,64.0,,0.0,,81.0,,177.0,,0.0,,3.0,,1.0,,9.0,,0.0,,271.0,,271.0,177.0,81.0,0.0,9.0,1.0,3.0,0.0,0.0
portugal,OPG174,EBC-11232,,13.0,,0.0,,4.0,,8.0,,0.0,,1.0,,2.0,,2.0,,0.0,,17.0,-17.0,-8.0,-4.0,0.0,-2.0,-2.0,-1.0,0.0,0.0
portugal,OPG174,EBC-11244,,42.0,,0.0,,6.0,,5.0,,0.0,,0.0,,2.0,,0.0,,0.0,,13.0,-13.0,-5.0,-6.0,0.0,0.0,-2.0,0.0,0.0,0.0
portugal,OPG174,EBC-11275,,56.0,,0.0,,2.0,,9.0,,0.0,,0.0,,1.0,,0.0,,0.0,,12.0,-12.0,-9.0,-2.0,0.0,0.0,-1.0,0.0,0.0,0.0
portugal,OPG174,EBC-11281,9.0,,12.0,,41.0,,131.0,,0.0,,0.0,,0.0,,3.0,,0.0,,187.0,,187.0,131.0,41.0,0.0,3.0,0.0,0.0,12.0,0.0
portugal,OPG174,EBC-11320,,24.0,,2.0,,2.0,,2.0,,0.0,,0.0,,1.0,,0.0,,0.0,,7.0,-7.0,-2.0,-2.0,0.0,0.0,-1.0,0.0,-2.0,0.0
portugal,OPG174,EBC-11364,12.0,,9.0,,23.0,,48.0,,0.0,,0.0,,0.0,,4.0,,0.0,,84.0,,84.0,48.0,23.0,0.0,4.0,0.0,0.0,9.0,0.0
portugal,OPG174,EBC-11367,59.0,,0.0,,89.0,,128.0,,0.0,,0.0,,0.0,,22.0,,0.0,,239.0,,239.0,128.0,89.0,0.0,22.0,0.0,0.0,0.0,0.0
portugal,OPG174,EBC-11433,28.0,,4.0,,89.0,,128.0,,0.0,,1.0,,1.0,,9.0,,0.0,,232.0,,232.0,128.0,89.0,0.0,9.0,1.0,1.0,4.0,0.0
portugal,OPG174,EBC-11442,56.0,,0.0,,20.0,,25.0,,0.0,,1.0,,0.0,,5.0,,0.0,,51.0,,51.0,25.0,20.0,0.0,5.0,0.0,1.0,0.0,0.0
portugal,OPG174,EBC-118033,69.0,,4.0,,72.0,,114.0,,0.0,,2.0,,0.0,,7.0,,0.0,,199.0,,199.0,114.0,72.0,0.0,7.0,0.0,2.0,4.0,0.0
portugal,OPG174,EBC-12034,,99.0,,0.0,,2.0,,10.0,,0.0,,0.0,,1.0,,0.0,,0.0,,13.0,-13.0,-10.0,-2.0,0.0,0.0,-1.0,0.0,0.0,0.0
portugal,OPG174,EBC-12065,,17.0,,0.0,,1.0,,5.0,,0.0,,0.0,,1.0,,1.0,,0.0,,8.0,-8.0,-5.0,-1.0,0.0,-1.0,-1.0,0.0,0.0,0.0
portugal,OPG174,EBC-12163,,12.0,,0.0,,5.0,,0.0,,0.0,,0.0,,0.0,,0.0,,0.0,,5.0,-5.0,0.0,-5.0,0.0,0.0,0.0,0.0,0.0,0.0
portugal,OPG174,EBC-12288,,97.0,,0.0,,1.0,,7.0,,0.0,,0.0,,1.0,,0.0,,0.0,,9.0,-9.0,-7.0,-1.0,0.0,0.0,-1.0,0.0,0.0,0.0
portugal,OPG174,EBC-12394,,34.0,,0.0,,3.0,,4.0,,0.0,,0.0,,2.0,,1.0,,0.0,,10.0,-10.0,-4.0,-3.0,0.0,-1.0,-2.0,0.0,0.0,0.0
portugal,OPG174,EBC-12821,52.0,,0.0,,116.0,,115.0,,0.0,,0.0,,0.0,,10.0,,0.0,,241.0,,241.0,115.0,116.0,0.0,10.0,0.0,0.0,0.0,0.0
portugal,OPG174,EBC-12825,67.0,,10.0,,57.0,,168.0,,0.0,,0.0,,0.0,,3.0,,0.0,,238.0,,238.0,168.0,57.0,0.0,3.0,0.0,0.0,10.0,0.0
portugal,OPG174,EBC-12827,,78.0,,0.0,,6.0,,7.0,,0.0,,0.0,,1.0,,1.0,,0.0,,15.0,-15.0,-7.0,-6.0,0.0,-1.0,-1.0,0.0,0.0,0.0
portugal,OPG174,EBC-13002,19.0,,7.0,,78.0,,122.0,,0.0,,0.0,,0.0,,11.0,,0.0,,218.0,,218.0,122.0,78.0,0.0,11.0,0.0,0.0,7.0,0.0
portugal,OPG174,EBC-131022,83.0,,10.0,,71.0,,142.0,,0.0,,1.0,,0.0,,9.0,,0.0,,233.0,,233.0,142.0,71.0,0.0,9.0,0.0,1.0,10.0,0.0
portugal,OPG174,EBC-13120,41.0,,0.0,,75.0,,144.0,,0.0,,4.0,,2.0,,15.0,,0.0,,240.0,,240.0,144.0,75.0,0.0,15.0,2.0,4.0,0.0,0.0
portugal,OPG174,EBC-13184,27.0,,4.0,,93.0,,151.0,,0.0,,5.0,,0.0,,22.0,,0.0,,275.0,,275.0,151.0,93.0,0.0,22.0,0.0,5.0,4.0,0.0
portugal,OPG174,EBC-13250,51.0,,8.0,,57.0,,120.0,,0.0,,0.0,,0.0,,3.0,,0.0,,188.0,,188.0,120.0,57.0,0.0,3.0,0.0,0.0,8.0,0.0
portugal,OPG174,EBC-13257,,67.0,,0.0,,2.0,,4.0,,0.0,,0.0,,3.0,,0.0,,0.0,,9.0,-9.0,-4.0,-2.0,0.0,0.0,-3.0,0.0,0.0,0.0
portugal,OPG174,EBC-13376,,10.0,,0.0,,4.0,,0.0,,0.0,,0.0,,0.0,,0.0,,0.0,,4.0,-4.0,0.0,-4.0,0.0,0.0,0.0,0.0,0.0,0.0
portugal,OPG174,EBC-13379,92.0,,0.0,,76.0,,126.0,,0.0,,0.0,,0.0,,13.0,,0.0,,215.0,,215.0,126.0,76.0,0.0,13.0,0.0,0.0,0.0,0.0
portugal,OPG174,EBC-13451,,80.0,,0.0,,2.0,,5.0,,0.0,,0.0,,0.0,,0.0,,0.0,,7.0,-7.0,-5.0,-2.0,0.0,0.0,0.0,0.0,0.0,0.0
portugal,OPG174,EBC-13579,32.0,,0.0,,98.0,,146.0,,0.0,,0.0,,0.0,,11.0,,0.0,,255.0,,255.0,146.0,98.0,0.0,11.0,0.0,0.0,0.0,0.0
portugal,OPG174,EBC-13585,68.0,,2.0,,45.0,,168.0,,0.0,,0.0,,0.0,,6.0,,0.0,,221.0,,221.0,168.0,45.0,0.0,6.0,0.0,0.0,2.0,0.0
portugal,OPG174,EBC-13607,13.0,,0.0,,81.0,,143.0,,0.0,,2.0,,0.0,,7.0,,0.0,,233.0,,233.0,143.0,81.0,0.0,7.0,0.0,2.0,0.0,0.0
portugal,OPG174,EBC-13769,,81.0,,0.0,,3.0,,11.0,,0.0,,0.0,,1.0,,0.0,,0.0,,15.0,-15.0,-11.0,-3.0,0.0,0.0,-1.0,0.0,0.0,0.0
portugal,OPG174,EBC-13774,49.0,,3.0,,79.0,,124.0,,0.0,,0.0,,1.0,,15.0,,0.0,,222.0,,222.0,124.0,79.0,0.0,15.0,1.0,0.0,3.0,0.0
portugal,OPG174,EBC-13852,,8.0,,1.0,,4.0,,0.0,,0.0,,0.0,,0.0,,0.0,,0.0,,5.0,-5.0,0.0,-4.0,0.0,0.0,0.0,0.0,-1.0,0.0
portugal,OPG174,EBC-14147,72.0,,1.0,,38.0,,61.0,,0.0,,0.0,,1.0,,4.0,,0.0,,105.0,,105.0,61.0,38.0,0.0,4.0,1.0,0.0,1.0,0.0
portugal,OPG174,EBC-14214,96.0,,5.0,,33.0,,174.0,,0.0,,0.0,,1.0,,4.0,,0.0,,217.0,,217.0,174.0,33.0,0.0,4.0,1.0,0.0,5.0,0.0
portugal,OPG174,EBC-145068,,32.0,,0.0,,5.0,,2.0,,0.0,,0.0,,0.0,,0.0,,0.0,,7.0,-7.0,-2.0,-5.0,0.0,0.0,0.0,0.0,0.0,0.0
portugal,OPG174,EBC-145226,10.0,,0.0,,71.0,,115.0,,0.0,,1.0,,0.0,,10.0,,0.0,,197.0,,197.0,115.0,71.0,0.0,10.0,0.0,1.0,0.0,0.0
portugal,OPG174,EBC-148031,38.0,,0.0,,90.0,,194.0,,0.0,,1.0,,0.0,,16.0,,0.0,,301.0,,301.0,194.0,90.0,0.0,16.0,0.0,1.0,0.0,0.0
portugal,OPG174,EBC-149090,,49.0,,0.0,,4.0,,0.0,,0.0,,0.0,,1.0,,0.0,,0.0,,5.0,-5.0,0.0,-4.0,0.0,0.0,-1.0,0.0,0.0,0.0
portugal,OPG174,EBC-149094,4.0,,0.0,,16.0,,76.0,,0.0,,0.0,,0.0,,2.0,,0.0,,94.0,,94.0,76.0,16.0,0.0,2.0,0.0,0.0,0.0,0.0
portugal,OPG174,EBC-149105,,70.0,,0.0,,3.0,,3.0,,0.0,,0.0,,2.0,,0.0,,0.0,,8.0,-8.0,-3.0,-3.0,0.0,0.0,-2.0,0.0,0.0,0.0
portugal,OPG174,EBC-152142,,7.0,,0.0,,4.0,,0.0,,0.0,,0.0,,0.0,,0.0,,0.0,,4.0,-4.0,0.0,-4.0,0.0,0.0,0.0,0.0,0.0,0.0
portugal,OPG174,EBC-157073,54.0,,0.0,,35.0,,196.0,,0.0,,0.0,,0.0,,6.0,,0.0,,237.0,,237.0,196.0,35.0,0.0,6.0,0.0,0.0,0.0,0.0
portugal,OPG174,EBC-157199,,62.0,,0.0,,2.0,,5.0,,0.0,,0.0,,2.0,,1.0,,0.0,,10.0,-10.0,-5.0,-2.0,0.0,-1.0,-2.0,0.0,0.0,0.0
portugal,OPG174,EBC-157208,,19.0,,0.0,,1.0,,7.0,,0.0,,0.0,,1.0,,0.0,,0.0,,9.0,-9.0,-7.0,-1.0,0.0,0.0,-1.0,0.0,0.0,0.0
portugal,OPG174,EBC-157219,75.0,,13.0,,82.0,,98.0,,0.0,,0.0,,0.0,,13.0,,0.0,,206.0,,206.0,98.0,82.0,0.0,13.0,0.0,0.0,13.0,0.0
portugal,OPG174,EBC-157222,39.0,,0.0,,13.0,,47.0,,0.0,,0.0,,0.0,,0.0,,0.0,,60.0,,60.0,47.0,13.0,0.0,0.0,0.0,0.0,0.0,0.0
portugal,OPG174,EBC-157249,,21.0,,0.0,,1.0,,3.0,,0.0,,2.0,,0.0,,0.0,,0.0,,6.0,-6.0,-3.0,-1.0,0.0,0.0,0.0,-2.0,0.0,0.0
portugal,OPG174,EBC-160036,2.0,,1.0,,19.0,,56.0,,0.0,,1.0,,0.0,,0.0,,0.0,,77.0,,77.0,56.0,19.0,0.0,0.0,0.0,1.0,1.0,0.0
portugal,OPG174,EBC-17049,,74.0,,0.0,,0.0,,0.0,,0.0,,0.0,,0.0,,0.0,,0.0,,0.0,0.0,0.0,0.0,0.0,0.0,0.0,0.0,0.0,0.0
portugal,OPG174,EBC-17140,,54.0,,0.0,,3.0,,12.0,,0.0,,0.0,,2.0,,1.0,,0.0,,18.0,-18.0,-12.0,-3.0,0.0,-1.0,-2.0,0.0,0.0,0.0
portugal,OPG174,EBC-191032,53.0,,15.0,,80.0,,131.0,,0.0,,0.0,,0.0,,2.0,,0.0,,228.0,,228.0,131.0,80.0,0.0,2.0,0.0,0.0,15.0,0.0
portugal,OPG174,EBC-208024,,75.0,,0.0,,3.0,,3.0,,0.0,,0.0,,3.0,,0.0,,0.0,,9.0,-9.0,-3.0,-3.0,0.0,0.0,-3.0,0.0,0.0,0.0
portugal,OPG174,EBC-217022,42.0,,9.0,,51.0,,123.0,,0.0,,1.0,,2.0,,9.0,,0.0,,195.0,,195.0,123.0,51.0,0.0,9.0,2.0,1.0,9.0,0.0
portugal,OPG174,EBC-218037,65.0,,0.0,,53.0,,122.0,,0.0,,0.0,,0.0,,6.0,,0.0,,181.0,,181.0,122.0,53.0,0.0,6.0,0.0,0.0,0.0,0.0
portugal,OPG174,EBC-218039,,40.0,,0.0,,3.0,,4.0,,0.0,,0.0,,2.0,,0.0,,0.0,,9.0,-9.0,-4.0,-3.0,0.0,0.0,-2.0,0.0,0.0,0.0
portugal,OPG174,EBC-218043,1.0,,0.0,,50.0,,104.0,,0.0,,1.0,,0.0,,8.0,,0.0,,163.0,,163.0,104.0,50.0,0.0,8.0,0.0,1.0,0.0,0.0
portugal,OPG174,EBC-221084,100.0,,0.0,,72.0,,100.0,,0.0,,1.0,,0.0,,7.0,,0.0,,180.0,,180.0,100.0,72.0,0.0,7.0,0.0,1.0,0.0,0.0
portugal,OPG174,EBC-23629,36.0,,0.0,,45.0,,152.0,,0.0,,2.0,,0.0,,6.0,,0.0,,205.0,,205.0,152.0,45.0,0.0,6.0,0.0,2.0,0.0,0.0
portugal,OPG174,EBC-24042,81.0,,0.0,,0.0,,302.0,,0.0,,0.0,,0.0,,0.0,,0.0,,302.0,,302.0,302.0,0.0,0.0,0.0,0.0,0.0,0.0,0.0
portugal,OPG174,EBC-244029,79.0,,0.0,,73.0,,129.0,,0.0,,0.0,,0.0,,5.0,,0.0,,207.0,,207.0,129.0,73.0,0.0,5.0,0.0,0.0,0.0,0.0
portugal,OPG174,EBC-248045,,86.0,,0.0,,1.0,,8.0,,0.0,,0.0,,2.0,,0.0,,0.0,,11.0,-11.0,-8.0,-1.0,0.0,0.0,-2.0,0.0,0.0,0.0
portugal,OPG174,EBC-249047,37.0,,7.0,,109.0,,144.0,,0.0,,1.0,,0.0,,11.0,,0.0,,272.0,,272.0,144.0,109.0,0.0,11.0,0.0,1.0,7.0,0.0
portugal,OPG174,EBC-251099,,25.0,,0.0,,10.0,,0.0,,0.0,,0.0,,0.0,,0.0,,0.0,,10.0,-10.0,0.0,-10.0,0.0,0.0,0.0,0.0,0.0,0.0
portugal,OPG174,EBC-251173,16.0,,0.0,,77.0,,191.0,,0.0,,0.0,,0.0,,4.0,,0.0,,272.0,,272.0,191.0,77.0,0.0,4.0,0.0,0.0,0.0,0.0
portugal,OPG174,EBC-251220,,5.0,,0.0,,5.0,,0.0,,0.0,,0.0,,0.0,,0.0,,0.0,,5.0,-5.0,0.0,-5.0,0.0,0.0,0.0,0.0,0.0,0.0
portugal,OPG174,EBC-252122,31.0,,9.0,,36.0,,117.0,,0.0,,0.0,,0.0,,17.0,,0.0,,179.0,,179.0,117.0,36.0,0.0,17.0,0.0,0.0,9.0,0.0
portugal,OPG174,EBC-253180,88.0,,2.0,,102.0,,104.0,,0.0,,0.0,,0.0,,10.0,,0.0,,218.0,,218.0,104.0,102.0,0.0,10.0,0.0,0.0,2.0,0.0
portugal,OPG174,EBC-26679,,6.0,,0.0,,7.0,,0.0,,0.0,,0.0,,0.0,,0.0,,0.0,,7.0,-7.0,0.0,-7.0,0.0,0.0,0.0,0.0,0.0,0.0
portugal,OPG174,EBC-27184,23.0,,0.0,,27.0,,173.0,,0.0,,0.0,,0.0,,0.0,,0.0,,200.0,,200.0,173.0,27.0,0.0,0.0,0.0,0.0,0.0,0.0
portugal,OPG174,EBC-27265,60.0,,5.0,,34.0,,134.0,,0.0,,0.0,,0.0,,1.0,,0.0,,174.0,,174.0,134.0,34.0,0.0,1.0,0.0,0.0,5.0,0.0
portugal,OPG174,EBC-27284,80.0,,0.0,,45.0,,196.0,,0.0,,0.0,,0.0,,2.0,,0.0,,243.0,,243.0,196.0,45.0,0.0,2.0,0.0,0.0,0.0,0.0
portugal,OPG174,EBC-27345,22.0,,14.0,,58.0,,90.0,,0.0,,0.0,,0.0,,1.0,,0.0,,163.0,,163.0,90.0,58.0,0.0,1.0,0.0,0.0,14.0,0.0
portugal,OPG174,EBC-27428,6.0,,0.0,,50.0,,103.0,,0.0,,1.0,,0.0,,5.0,,0.0,,159.0,,159.0,103.0,50.0,0.0,5.0,0.0,1.0,0.0,0.0
portugal,OPG174,EBC-277061,,64.0,,0.0,,5.0,,0.0,,0.0,,0.0,,0.0,,0.0,,0.0,,5.0,-5.0,0.0,-5.0,0.0,0.0,0.0,0.0,0.0,0.0
portugal,OPG174,EBC-277093,,11.0,,0.0,,8.0,,0.0,,0.0,,0.0,,0.0,,0.0,,0.0,,8.0,-8.0,0.0,-8.0,0.0,0.0,0.0,0.0,0.0,0.0
portugal,OPG174,EBC-28050,,88.0,,0.0,,0.0,,5.0,,0.0,,0.0,,1.0,,1.0,,0.0,,7.0,-7.0,-5.0,0.0,0.0,-1.0,-1.0,0.0,0.0,0.0
portugal,OPG174,EBC-287042,89.0,,0.0,,59.0,,167.0,,0.0,,0.0,,0.0,,4.0,,0.0,,230.0,,230.0,167.0,59.0,0.0,4.0,0.0,0.0,0.0,0.0
portugal,OPG174,EBC-287070,40.0,,0.0,,38.0,,182.0,,0.0,,0.0,,0.0,,10.0,,0.0,,230.0,,230.0,182.0,38.0,0.0,10.0,0.0,0.0,0.0,0.0
portugal,OPG174,EBC-289112,58.0,,0.0,,39.0,,166.0,,0.0,,1.0,,2.0,,3.0,,0.0,,211.0,,211.0,166.0,39.0,0.0,3.0,2.0,1.0,0.0,0.0
portugal,OPG174,EBC-290041,8.0,,0.0,,90.0,,113.0,,0.0,,4.0,,0.0,,2.0,,0.0,,209.0,,209.0,113.0,90.0,0.0,2.0,0.0,4.0,0.0,0.0
portugal,OPG174,EBC-29034,,82.0,,0.0,,4.0,,4.0,,0.0,,0.0,,1.0,,0.0,,0.0,,9.0,-9.0,-4.0,-4.0,0.0,0.0,-1.0,0.0,0.0,0.0
portugal,OPG174,EBC-291159,62.0,,0.0,,56.0,,197.0,,0.0,,0.0,,0.0,,6.0,,0.0,,259.0,,259.0,197.0,56.0,0.0,6.0,0.0,0.0,0.0,0.0
portugal,OPG174,EBC-291167,95.0,,11.0,,92.0,,89.0,,0.0,,0.0,,0.0,,15.0,,0.0,,207.0,,207.0,89.0,92.0,0.0,15.0,0.0,0.0,11.0,0.0
portugal,OPG174,EBC-292060,86.0,,5.0,,46.0,,125.0,,0.0,,1.0,,0.0,,7.0,,0.0,,184.0,,184.0,125.0,46.0,0.0,7.0,0.0,1.0,5.0,0.0
portugal,OPG174,EBC-306048,20.0,,11.0,,98.0,,88.0,,0.0,,1.0,,0.0,,12.0,,0.0,,210.0,,210.0,88.0,98.0,0.0,12.0,0.0,1.0,11.0,0.0
portugal,OPG174,EBC-309070,98.0,,5.0,,39.0,,89.0,,0.0,,0.0,,2.0,,7.0,,0.0,,142.0,,142.0,89.0,39.0,0.0,7.0,2.0,0.0,5.0,0.0
portugal,OPG174,EBC-309072,30.0,,2.0,,74.0,,157.0,,0.0,,0.0,,0.0,,12.0,,0.0,,245.0,,245.0,157.0,74.0,0.0,12.0,0.0,0.0,2.0,0.0
portugal,OPG174,EBC-312078,,18.0,,0.0,,1.0,,6.0,,0.0,,0.0,,1.0,,1.0,,0.0,,9.0,-9.0,-6.0,-1.0,0.0,-1.0,-1.0,0.0,0.0,0.0
portugal,OPG174,EBC-331067,24.0,,5.0,,33.0,,55.0,,0.0,,1.0,,3.0,,2.0,,0.0,,99.0,,99.0,55.0,33.0,0.0,2.0,3.0,1.0,5.0,0.0
portugal,OPG174,EBC-346050,,92.0,,0.0,,2.0,,4.0,,0.0,,0.0,,2.0,,1.0,,0.0,,9.0,-9.0,-4.0,-2.0,0.0,-1.0,-2.0,0.0,0.0,0.0
portugal,OPG174,EBC-43021,76.0,,1.0,,62.0,,124.0,,0.0,,0.0,,0.0,,4.0,,0.0,,191.0,,191.0,124.0,62.0,0.0,4.0,0.0,0.0,1.0,0.0
portugal,OPG174,EBC-44133,,4.0,,0.0,,5.0,,0.0,,0.0,,0.0,,0.0,,0.0,,0.0,,5.0,-5.0,0.0,-5.0,0.0,0.0,0.0,0.0,0.0,0.0
portugal,OPG174,EBC-44134,,1.0,,0.0,,5.0,,0.0,,0.0,,0.0,,0.0,,0.0,,0.0,,5.0,-5.0,0.0,-5.0,0.0,0.0,0.0,0.0,0.0,0.0
portugal,OPG174,EBC-44365,,66.0,,0.0,,2.0,,8.0,,0.0,,0.0,,2.0,,0.0,,0.0,,12.0,-12.0,-8.0,-2.0,0.0,0.0,-2.0,0.0,0.0,0.0
portugal,OPG174,EBC-44370,55.0,,16.0,,64.0,,160.0,,0.0,,2.0,,0.0,,20.0,,0.0,,262.0,,262.0,160.0,64.0,0.0,20.0,0.0,2.0,16.0,0.0
portugal,OPG174,EBC-44401,63.0,,7.0,,84.0,,158.0,,0.0,,0.0,,0.0,,17.0,,0.0,,266.0,,266.0,158.0,84.0,0.0,17.0,0.0,0.0,7.0,0.0
portugal,OPG174,EBC-44402,66.0,,6.0,,104.0,,139.0,,0.0,,0.0,,0.0,,23.0,,0.0,,272.0,,272.0,139.0,104.0,0.0,23.0,0.0,0.0,6.0,0.0
portugal,OPG174,EBC-46024,34.0,,1.0,,89.0,,136.0,,0.0,,3.0,,0.0,,17.0,,0.0,,246.0,,246.0,136.0,89.0,0.0,17.0,0.0,3.0,1.0,0.0
portugal,OPG174,EBC-46057,11.0,,0.0,,56.0,,205.0,,0.0,,0.0,,0.0,,7.0,,0.0,,268.0,,268.0,205.0,56.0,0.0,7.0,0.0,0.0,0.0,0.0
portugal,OPG174,EBC-46194,,96.0,,0.0,,3.0,,11.0,,0.0,,0.0,,1.0,,0.0,,0.0,,15.0,-15.0,-11.0,-3.0,0.0,0.0,-1.0,0.0,0.0,0.0
portugal,OPG174,EBC-46200,26.0,,7.0,,102.0,,159.0,,0.0,,1.0,,0.0,,26.0,,0.0,,295.0,,295.0,159.0,102.0,0.0,26.0,0.0,1.0,7.0,0.0
portugal,OPG174,EBC-46286,,26.0,,0.0,,2.0,,8.0,,0.0,,0.0,,2.0,,0.0,,0.0,,12.0,-12.0,-8.0,-2.0,0.0,0.0,-2.0,0.0,0.0,0.0
portugal,OPG174,EBC-46294,5.0,,1.0,,131.0,,163.0,,0.0,,2.0,,0.0,,12.0,,0.0,,309.0,,309.0,163.0,131.0,0.0,12.0,0.0,2.0,1.0,0.0
portugal,OPG174,EBC-47073,15.0,,10.0,,89.0,,131.0,,0.0,,0.0,,0.0,,16.0,,0.0,,246.0,,246.0,131.0,89.0,0.0,16.0,0.0,0.0,10.0,0.0
portugal,OPG174,EBC-47094,46.0,,2.0,,26.0,,69.0,,0.0,,0.0,,0.0,,3.0,,0.0,,100.0,,100.0,69.0,26.0,0.0,3.0,0.0,0.0,2.0,0.0
portugal,OPG174,EBC-47119,61.0,,0.0,,135.0,,108.0,,0.0,,2.0,,1.0,,17.0,,0.0,,263.0,,263.0,108.0,135.0,0.0,17.0,1.0,2.0,0.0,0.0
portugal,OPG174,EBC-47437,,63.0,,0.0,,5.0,,0.0,,0.0,,0.0,,0.0,,0.0,,0.0,,5.0,-5.0,0.0,-5.0,0.0,0.0,0.0,0.0,0.0,0.0
portugal,OPG174,EBC-48186,7.0,,10.0,,25.0,,72.0,,0.0,,0.0,,0.0,,0.0,,0.0,,107.0,,107.0,72.0,25.0,0.0,0.0,0.0,0.0,10.0,0.0
portugal,OPG174,EBC-48187,,29.0,,0.0,,12.0,,2.0,,0.0,,0.0,,0.0,,0.0,,0.0,,14.0,-14.0,-2.0,-12.0,0.0,0.0,0.0,0.0,0.0,0.0
portugal,OPG174,EBC-48188,29.0,,0.0,,51.0,,76.0,,0.0,,0.0,,1.0,,11.0,,0.0,,139.0,,139.0,76.0,51.0,0.0,11.0,1.0,0.0,0.0,0.0
portugal,OPG174,EBC-50033,,38.0,,0.0,,1.0,,4.0,,0.0,,0.0,,2.0,,0.0,,0.0,,7.0,-7.0,-4.0,-1.0,0.0,0.0,-2.0,0.0,0.0,0.0
portugal,OPG174,EBC-50059,,79.0,,0.0,,4.0,,9.0,,0.0,,0.0,,2.0,,0.0,,0.0,,15.0,-15.0,-9.0,-4.0,0.0,0.0,-2.0,0.0,0.0,0.0
portugal,OPG174,EBC-50093,,30.0,,0.0,,5.0,,0.0,,0.0,,0.0,,0.0,,0.0,,0.0,,5.0,-5.0,0.0,-5.0,0.0,0.0,0.0,0.0,0.0,0.0
portugal,OPG174,EBC-53021,91.0,,0.0,,50.0,,61.0,,0.0,,0.0,,0.0,,10.0,,0.0,,121.0,,121.0,61.0,50.0,0.0,10.0,0.0,0.0,0.0,0.0
portugal,OPG174,EBC-54045,74.0,,1.0,,82.0,,107.0,,0.0,,3.0,,0.0,,12.0,,0.0,,205.0,,205.0,107.0,82.0,0.0,12.0,0.0,3.0,1.0,0.0
portugal,OPG174,EBC-63089,3.0,,2.0,,105.0,,129.0,,0.0,,1.0,,0.0,,17.0,,0.0,,254.0,,254.0,129.0,105.0,0.0,17.0,0.0,1.0,2.0,0.0
portugal,OPG174,EBC-66056,,61.0,,0.0,,1.0,,9.0,,0.0,,0.0,,1.0,,0.0,,0.0,,11.0,-11.0,-9.0,-1.0,0.0,0.0,-1.0,0.0,0.0,0.0
portugal,OPG174,EBC-71073,71.0,,0.0,,79.0,,153.0,,0.0,,2.0,,1.0,,23.0,,0.0,,258.0,,258.0,153.0,79.0,0.0,23.0,1.0,2.0,0.0,0.0
portugal,OPG174,EBC-84050,21.0,,3.0,,51.0,,74.0,,0.0,,0.0,,0.0,,4.0,,0.0,,132.0,,132.0,74.0,51.0,0.0,4.0,0.0,0.0,3.0,0.0
portugal,OPG174,EBC-97044,,72.0,,0.0,,3.0,,15.0,,0.0,,0.0,,0.0,,1.0,,0.0,,19.0,-19.0,-15.0,-3.0,0.0,-1.0,0.0,0.0,0.0,0.0
portugal,OPG174,EBC-97116,,53.0,,0.0,,5.0,,12.0,,0.0,,0.0,,1.0,,1.0,,0.0,,19.0,-19.0,-12.0,-5.0,0.0,-1.0,-1.0,0.0,0.0,0.0
portugal,OPG174,EBC-99033,,93.0,,0.0,,2.0,,5.0,,0.0,,0.0,,2.0,,1.0,,0.0,,10.0,-10.0,-5.0,-2.0,0.0,-1.0,-2.0,0.0,0.0,0.0
portugal,OPG198,EBC-00541,,36.0,,0.0,,3.0,,4.0,,0.0,,0.0,,0.0,,0.0,,0.0,,7.0,-7.0,-4.0,-3.0,0.0,0.0,0.0,0.0,0.0,0.0
portugal,OPG198,EBC-00571,,48.0,,0.0,,2.0,,2.0,,0.0,,0.0,,0.0,,0.0,,0.0,,4.0,-4.0,-2.0,-2.0,0.0,0.0,0.0,0.0,0.0,0.0
portugal,OPG198,EBC-00575,,26.0,,0.0,,2.0,,3.0,,0.0,,0.0,,0.0,,0.0,,0.0,,5.0,-5.0,-3.0,-2.0,0.0,0.0,0.0,0.0,0.0,0.0
portugal,OPG198,EBC-00578,,50.0,,0.0,,2.0,,2.0,,0.0,,0.0,,0.0,,0.0,,0.0,,4.0,-4.0,-2.0,-2.0,0.0,0.0,0.0,0.0,0.0,0.0
portugal,OPG198,EBC-00633,,47.0,,0.0,,4.0,,0.0,,0.0,,0.0,,0.0,,0.0,,0.0,,4.0,-4.0,0.0,-4.0,0.0,0.0,0.0,0.0,0.0,0.0
portugal,OPG198,EBC-00647,,61.0,,0.0,,2.0,,6.0,,0.0,,0.0,,0.0,,1.0,,0.0,,9.0,-9.0,-6.0,-2.0,0.0,-1.0,0.0,0.0,0.0,0.0
portugal,OPG198,EBC-00670,,30.0,,0.0,,2.0,,8.0,,0.0,,0.0,,0.0,,0.0,,0.0,,10.0,-10.0,-8.0,-2.0,0.0,0.0,0.0,0.0,0.0,0.0
portugal,OPG198,EBC-00711,35.0,,0.0,,34.0,,146.0,,0.0,,0.0,,0.0,,9.0,,0.0,,189.0,,189.0,146.0,34.0,0.0,9.0,0.0,0.0,0.0,0.0
portugal,OPG198,EBC-02079,7.0,,0.0,,55.0,,137.0,,0.0,,2.0,,1.0,,14.0,,0.0,,209.0,,209.0,137.0,55.0,0.0,14.0,1.0,2.0,0.0,0.0
portugal,OPG198,EBC-02080,5.0,,0.0,,18.0,,72.0,,0.0,,0.0,,0.0,,3.0,,0.0,,93.0,,93.0,72.0,18.0,0.0,3.0,0.0,0.0,0.0,0.0
portugal,OPG198,EBC-03034,,57.0,,0.0,,1.0,,0.0,,0.0,,0.0,,0.0,,0.0,,0.0,,1.0,-1.0,0.0,-1.0,0.0,0.0,0.0,0.0,0.0,0.0
portugal,OPG198,EBC-03075,,16.0,,0.0,,2.0,,3.0,,0.0,,0.0,,0.0,,0.0,,0.0,,5.0,-5.0,-3.0,-2.0,0.0,0.0,0.0,0.0,0.0,0.0
portugal,OPG198,EBC-03089,,80.0,,0.0,,2.0,,6.0,,0.0,,0.0,,0.0,,0.0,,0.0,,8.0,-8.0,-6.0,-2.0,0.0,0.0,0.0,0.0,0.0,0.0
portugal,OPG198,EBC-03112,,25.0,,0.0,,2.0,,0.0,,0.0,,0.0,,0.0,,0.0,,0.0,,2.0,-2.0,0.0,-2.0,0.0,0.0,0.0,0.0,0.0,0.0
portugal,OPG198,EBC-03130,,33.0,,1.0,,0.0,,3.0,,0.0,,0.0,,0.0,,1.0,,0.0,,5.0,-5.0,-3.0,0.0,0.0,-1.0,0.0,0.0,-1.0,0.0
portugal,OPG198,EBC-03205,,98.0,,0.0,,2.0,,4.0,,0.0,,0.0,,0.0,,0.0,,0.0,,6.0,-6.0,-4.0,-2.0,0.0,0.0,0.0,0.0,0.0,0.0
portugal,OPG198,EBC-03319,,15.0,,0.0,,0.0,,4.0,,0.0,,0.0,,0.0,,1.0,,0.0,,5.0,-5.0,-4.0,0.0,0.0,-1.0,0.0,0.0,0.0,0.0
portugal,OPG198,EBC-03334,,54.0,,0.0,,2.0,,4.0,,0.0,,0.0,,0.0,,1.0,,0.0,,7.0,-7.0,-4.0,-2.0,0.0,-1.0,0.0,0.0,0.0,0.0
portugal,OPG198,EBC-03424,,89.0,,0.0,,1.0,,1.0,,0.0,,0.0,,0.0,,0.0,,0.0,,2.0,-2.0,-1.0,-1.0,0.0,0.0,0.0,0.0,0.0,0.0
portugal,OPG198,EBC-03472,,90.0,,0.0,,0.0,,3.0,,0.0,,0.0,,0.0,,0.0,,0.0,,3.0,-3.0,-3.0,0.0,0.0,0.0,0.0,0.0,0.0,0.0
portugal,OPG198,EBC-03524,,31.0,,0.0,,3.0,,3.0,,0.0,,0.0,,0.0,,1.0,,0.0,,7.0,-7.0,-3.0,-3.0,0.0,-1.0,0.0,0.0,0.0,0.0
portugal,OPG198,EBC-03550,,34.0,,0.0,,1.0,,4.0,,0.0,,0.0,,0.0,,1.0,,0.0,,6.0,-6.0,-4.0,-1.0,0.0,-1.0,0.0,0.0,0.0,0.0
portugal,OPG198,EBC-03554,,2.0,,0.0,,2.0,,5.0,,0.0,,0.0,,0.0,,0.0,,0.0,,7.0,-7.0,-5.0,-2.0,0.0,0.0,0.0,0.0,0.0,0.0
portugal,OPG198,EBC-03584,,85.0,,0.0,,6.0,,4.0,,0.0,,0.0,,0.0,,0.0,,0.0,,10.0,-10.0,-4.0,-6.0,0.0,0.0,0.0,0.0,0.0,0.0
portugal,OPG198,EBC-03589,,5.0,,0.0,,2.0,,4.0,,0.0,,0.0,,0.0,,0.0,,0.0,,6.0,-6.0,-4.0,-2.0,0.0,0.0,0.0,0.0,0.0,0.0
portugal,OPG198,EBC-03645,,83.0,,0.0,,1.0,,3.0,,0.0,,0.0,,0.0,,1.0,,0.0,,5.0,-5.0,-3.0,-1.0,0.0,-1.0,0.0,0.0,0.0,0.0
portugal,OPG198,EBC-03646,,87.0,,0.0,,1.0,,5.0,,0.0,,0.0,,0.0,,0.0,,0.0,,6.0,-6.0,-5.0,-1.0,0.0,0.0,0.0,0.0,0.0,0.0
portugal,OPG198,EBC-03682,,49.0,,0.0,,2.0,,5.0,,0.0,,0.0,,0.0,,0.0,,0.0,,7.0,-7.0,-5.0,-2.0,0.0,0.0,0.0,0.0,0.0,0.0
portugal,OPG198,EBC-03774,,8.0,,0.0,,3.0,,1.0,,0.0,,0.0,,0.0,,0.0,,0.0,,4.0,-4.0,-1.0,-3.0,0.0,0.0,0.0,0.0,0.0,0.0
portugal,OPG198,EBC-03838,72.0,,0.0,,19.0,,142.0,,0.0,,1.0,,0.0,,3.0,,0.0,,165.0,,165.0,142.0,19.0,0.0,3.0,0.0,1.0,0.0,0.0
portugal,OPG198,EBC-03852,96.0,,0.0,,31.0,,169.0,,0.0,,3.0,,0.0,,0.0,,0.0,,203.0,,203.0,169.0,31.0,0.0,0.0,0.0,3.0,0.0,0.0
portugal,OPG198,EBC-03865,59.0,,0.0,,31.0,,205.0,,0.0,,2.0,,0.0,,0.0,,0.0,,238.0,,238.0,205.0,31.0,0.0,0.0,0.0,2.0,0.0,0.0
portugal,OPG198,EBC-03896,,27.0,,0.0,,2.0,,7.0,,0.0,,0.0,,0.0,,0.0,,0.0,,9.0,-9.0,-7.0,-2.0,0.0,0.0,0.0,0.0,0.0,0.0
portugal,OPG198,EBC-03931,,97.0,,0.0,,2.0,,0.0,,0.0,,0.0,,0.0,,0.0,,0.0,,2.0,-2.0,0.0,-2.0,0.0,0.0,0.0,0.0,0.0,0.0
portugal,OPG198,EBC-03971,,79.0,,0.0,,1.0,,1.0,,0.0,,0.0,,0.0,,0.0,,0.0,,2.0,-2.0,-1.0,-1.0,0.0,0.0,0.0,0.0,0.0,0.0
portugal,OPG198,EBC-04022,,88.0,,0.0,,3.0,,3.0,,0.0,,0.0,,0.0,,0.0,,0.0,,6.0,-6.0,-3.0,-3.0,0.0,0.0,0.0,0.0,0.0,0.0
portugal,OPG198,EBC-04117,,41.0,,1.0,,2.0,,4.0,,0.0,,0.0,,0.0,,1.0,,0.0,,8.0,-8.0,-4.0,-2.0,0.0,-1.0,0.0,0.0,-1.0,0.0
portugal,OPG198,EBC-04135,,59.0,,0.0,,2.0,,3.0,,0.0,,0.0,,0.0,,0.0,,0.0,,5.0,-5.0,-3.0,-2.0,0.0,0.0,0.0,0.0,0.0,0.0
portugal,OPG198,EBC-04241,,84.0,,0.0,,4.0,,5.0,,0.0,,0.0,,0.0,,0.0,,0.0,,9.0,-9.0,-5.0,-4.0,0.0,0.0,0.0,0.0,0.0,0.0
portugal,OPG198,EBC-04338,,99.0,,0.0,,1.0,,5.0,,0.0,,0.0,,0.0,,0.0,,0.0,,6.0,-6.0,-5.0,-1.0,0.0,0.0,0.0,0.0,0.0,0.0
portugal,OPG198,EBC-04358,,96.0,,0.0,,4.0,,0.0,,0.0,,0.0,,0.0,,1.0,,0.0,,5.0,-5.0,0.0,-4.0,0.0,-1.0,0.0,0.0,0.0,0.0
portugal,OPG198,EBC-04368,,13.0,,0.0,,2.0,,5.0,,0.0,,0.0,,0.0,,0.0,,0.0,,7.0,-7.0,-5.0,-2.0,0.0,0.0,0.0,0.0,0.0,0.0
portugal,OPG198,EBC-06061,25.0,,0.0,,50.0,,134.0,,0.0,,1.0,,0.0,,10.0,,0.0,,195.0,,195.0,134.0,50.0,0.0,10.0,0.0,1.0,0.0,0.0
portugal,OPG198,EBC-06225,,58.0,,0.0,,2.0,,3.0,,0.0,,0.0,,0.0,,0.0,,0.0,,5.0,-5.0,-3.0,-2.0,0.0,0.0,0.0,0.0,0.0,0.0
portugal,OPG198,EBC-06227,,64.0,,0.0,,1.0,,2.0,,0.0,,0.0,,0.0,,0.0,,0.0,,3.0,-3.0,-2.0,-1.0,0.0,0.0,0.0,0.0,0.0,0.0
portugal,OPG198,EBC-06298,,19.0,,0.0,,1.0,,2.0,,0.0,,0.0,,0.0,,0.0,,0.0,,3.0,-3.0,-2.0,-1.0,0.0,0.0,0.0,0.0,0.0,0.0
portugal,OPG198,EBC-06362,,51.0,,0.0,,3.0,,2.0,,0.0,,0.0,,0.0,,0.0,,0.0,,5.0,-5.0,-2.0,-3.0,0.0,0.0,0.0,0.0,0.0,0.0
portugal,OPG198,EBC-06379,,37.0,,0.0,,1.0,,3.0,,0.0,,0.0,,0.0,,0.0,,0.0,,4.0,-4.0,-3.0,-1.0,0.0,0.0,0.0,0.0,0.0,0.0
portugal,OPG198,EBC-06474,,22.0,,0.0,,2.0,,0.0,,0.0,,0.0,,1.0,,0.0,,0.0,,3.0,-3.0,0.0,-2.0,0.0,0.0,-1.0,0.0,0.0,0.0
portugal,OPG198,EBC-06482,,12.0,,0.0,,2.0,,3.0,,0.0,,0.0,,1.0,,0.0,,0.0,,6.0,-6.0,-3.0,-2.0,0.0,0.0,-1.0,0.0,0.0,0.0
portugal,OPG198,EBC-06624,,68.0,,0.0,,4.0,,7.0,,0.0,,0.0,,0.0,,0.0,,0.0,,11.0,-11.0,-7.0,-4.0,0.0,0.0,0.0,0.0,0.0,0.0
portugal,OPG198,EBC-06687,,45.0,,0.0,,1.0,,5.0,,0.0,,1.0,,0.0,,0.0,,0.0,,7.0,-7.0,-5.0,-1.0,0.0,0.0,0.0,-1.0,0.0,0.0
portugal,OPG198,EBC-06700,60.0,,6.0,,24.0,,156.0,,0.0,,1.0,,0.0,,6.0,,0.0,,193.0,,193.0,156.0,24.0,0.0,6.0,0.0,1.0,6.0,0.0
portugal,OPG198,EBC-06711,,53.0,,0.0,,2.0,,3.0,,0.0,,0.0,,0.0,,0.0,,0.0,,5.0,-5.0,-3.0,-2.0,0.0,0.0,0.0,0.0,0.0,0.0
portugal,OPG198,EBC-06727,,6.0,,0.0,,2.0,,3.0,,0.0,,0.0,,0.0,,0.0,,0.0,,5.0,-5.0,-3.0,-2.0,0.0,0.0,0.0,0.0,0.0,0.0
portugal,OPG198,EBC-07117,,70.0,,0.0,,2.0,,2.0,,0.0,,0.0,,0.0,,1.0,,0.0,,5.0,-5.0,-2.0,-2.0,0.0,-1.0,0.0,0.0,0.0,0.0
portugal,OPG198,EBC-07157,88.0,,0.0,,71.0,,98.0,,0.0,,2.0,,1.0,,22.0,,0.0,,194.0,,194.0,98.0,71.0,0.0,22.0,1.0,2.0,0.0,0.0
portugal,OPG198,EBC-07210,,100.0,,0.0,,2.0,,8.0,,0.0,,0.0,,0.0,,0.0,,0.0,,10.0,-10.0,-8.0,-2.0,0.0,0.0,0.0,0.0,0.0,0.0
portugal,OPG198,EBC-07217,84.0,,0.0,,33.0,,150.0,,0.0,,1.0,,2.0,,6.0,,0.0,,192.0,,192.0,150.0,33.0,0.0,6.0,2.0,1.0,0.0,0.0
portugal,OPG198,EBC-07238,,56.0,,0.0,,1.0,,3.0,,0.0,,0.0,,0.0,,0.0,,0.0,,4.0,-4.0,-3.0,-1.0,0.0,0.0,0.0,0.0,0.0,0.0
portugal,OPG198,EBC-07269,,62.0,,0.0,,1.0,,4.0,,0.0,,0.0,,2.0,,0.0,,0.0,,7.0,-7.0,-4.0,-1.0,0.0,0.0,-2.0,0.0,0.0,0.0
portugal,OPG198,EBC-07400,,20.0,,0.0,,1.0,,2.0,,0.0,,0.0,,0.0,,0.0,,0.0,,3.0,-3.0,-2.0,-1.0,0.0,0.0,0.0,0.0,0.0,0.0
portugal,OPG198,EBC-07421,62.0,,7.0,,35.0,,144.0,,0.0,,4.0,,0.0,,6.0,,0.0,,196.0,,196.0,144.0,35.0,0.0,6.0,0.0,4.0,7.0,0.0
portugal,OPG198,EBC-07462,92.0,,0.0,,56.0,,145.0,,0.0,,2.0,,0.0,,18.0,,0.0,,221.0,,221.0,145.0,56.0,0.0,18.0,0.0,2.0,0.0,0.0
portugal,OPG198,EBC-07472,,46.0,,0.0,,2.0,,3.0,,0.0,,0.0,,0.0,,1.0,,0.0,,6.0,-6.0,-3.0,-2.0,0.0,-1.0,0.0,0.0,0.0,0.0
portugal,OPG198,EBC-07557,87.0,,0.0,,83.0,,137.0,,0.0,,1.0,,4.0,,11.0,,0.0,,236.0,,236.0,137.0,83.0,0.0,11.0,4.0,1.0,0.0,0.0
portugal,OPG198,EBC-07670,37.0,,0.0,,82.0,,173.0,,0.0,,1.0,,0.0,,2.0,,0.0,,258.0,,258.0,173.0,82.0,0.0,2.0,0.0,1.0,0.0,0.0
portugal,OPG198,EBC-07688,,63.0,,0.0,,2.0,,6.0,,0.0,,0.0,,0.0,,0.0,,0.0,,8.0,-8.0,-6.0,-2.0,0.0,0.0,0.0,0.0,0.0,0.0
portugal,OPG198,EBC-07967,,24.0,,1.0,,1.0,,6.0,,0.0,,0.0,,0.0,,0.0,,0.0,,8.0,-8.0,-6.0,-1.0,0.0,0.0,0.0,0.0,-1.0,0.0
portugal,OPG198,EBC-08084,,74.0,,0.0,,4.0,,6.0,,0.0,,0.0,,0.0,,0.0,,0.0,,10.0,-10.0,-6.0,-4.0,0.0,0.0,0.0,0.0,0.0,0.0
portugal,OPG198,EBC-08146,,77.0,,0.0,,3.0,,1.0,,0.0,,0.0,,0.0,,1.0,,0.0,,5.0,-5.0,-1.0,-3.0,0.0,-1.0,0.0,0.0,0.0,0.0
portugal,OPG198,EBC-08557,,23.0,,1.0,,1.0,,1.0,,0.0,,0.0,,0.0,,1.0,,0.0,,4.0,-4.0,-1.0,-1.0,0.0,-1.0,0.0,0.0,-1.0,0.0
portugal,OPG198,EBC-08560,,43.0,,0.0,,3.0,,10.0,,0.0,,0.0,,1.0,,0.0,,0.0,,14.0,-14.0,-10.0,-3.0,0.0,0.0,-1.0,0.0,0.0,0.0
portugal,OPG198,EBC-08587,65.0,,0.0,,30.0,,137.0,,0.0,,0.0,,0.0,,1.0,,0.0,,168.0,,168.0,137.0,30.0,0.0,1.0,0.0,0.0,0.0,0.0
portugal,OPG198,EBC-08915,12.0,,0.0,,49.0,,161.0,,0.0,,2.0,,2.0,,6.0,,0.0,,220.0,,220.0,161.0,49.0,0.0,6.0,2.0,2.0,0.0,0.0
portugal,OPG198,EBC-11025,39.0,69.0,0.0,0.0,77.0,2.0,82.0,9.0,0.0,0.0,0.0,0.0,0.0,0.0,7.0,0.0,0.0,0.0,166.0,11.0,155.0,73.0,75.0,0.0,7.0,0.0,0.0,0.0,0.0
portugal,OPG198,EBC-11027,,42.0,,1.0,,4.0,,0.0,,0.0,,0.0,,0.0,,0.0,,0.0,,5.0,-5.0,0.0,-4.0,0.0,0.0,0.0,0.0,-1.0,0.0
portugal,OPG198,EBC-11047,,92.0,,0.0,,1.0,,1.0,,0.0,,0.0,,0.0,,0.0,,0.0,,2.0,-2.0,-1.0,-1.0,0.0,0.0,0.0,0.0,0.0,0.0
portugal,OPG198,EBC-11050,,4.0,,0.0,,3.0,,0.0,,0.0,,0.0,,0.0,,0.0,,0.0,,3.0,-3.0,0.0,-3.0,0.0,0.0,0.0,0.0,0.0,0.0
portugal,OPG198,EBC-11069,53.0,,0.0,,73.0,,164.0,,0.0,,2.0,,1.0,,6.0,,0.0,,246.0,,246.0,164.0,73.0,0.0,6.0,1.0,2.0,0.0,0.0
portugal,OPG198,EBC-11226,,32.0,,1.0,,1.0,,1.0,,0.0,,0.0,,0.0,,1.0,,0.0,,4.0,-4.0,-1.0,-1.0,0.0,-1.0,0.0,0.0,-1.0,0.0
portugal,OPG198,EBC-11230,91.0,,0.0,,94.0,,161.0,,0.0,,10.0,,3.0,,21.0,,0.0,,289.0,,289.0,161.0,94.0,0.0,21.0,3.0,10.0,0.0,0.0
portugal,OPG198,EBC-11260,10.0,,0.0,,48.0,,82.0,,0.0,,0.0,,0.0,,12.0,,0.0,,142.0,,142.0,82.0,48.0,0.0,12.0,0.0,0.0,0.0,0.0
portugal,OPG198,EBC-11281,21.0,,22.0,,39.0,,112.0,,0.0,,1.0,,0.0,,3.0,,0.0,,177.0,,177.0,112.0,39.0,0.0,3.0,0.0,1.0,22.0,0.0
portugal,OPG198,EBC-11351,,14.0,,0.0,,3.0,,3.0,,0.0,,0.0,,0.0,,0.0,,0.0,,6.0,-6.0,-3.0,-3.0,0.0,0.0,0.0,0.0,0.0,0.0
portugal,OPG198,EBC-11364,11.0,,8.0,,73.0,,98.0,,0.0,,5.0,,1.0,,14.0,,0.0,,199.0,,199.0,98.0,73.0,0.0,14.0,1.0,5.0,8.0,0.0
portugal,OPG198,EBC-11433,29.0,,5.0,,99.0,,121.0,,0.0,,3.0,,3.0,,8.0,,0.0,,239.0,,239.0,121.0,99.0,0.0,8.0,3.0,3.0,5.0,0.0
portugal,OPG198,EBC-12063,95.0,,0.0,,115.0,,87.0,,0.0,,4.0,,1.0,,34.0,,0.0,,241.0,,241.0,87.0,115.0,0.0,34.0,1.0,4.0,0.0,0.0
portugal,OPG198,EBC-12087,,44.0,,0.0,,1.0,,5.0,,0.0,,0.0,,0.0,,1.0,,0.0,,7.0,-7.0,-5.0,-1.0,0.0,-1.0,0.0,0.0,0.0,0.0
portugal,OPG198,EBC-12285,,81.0,,0.0,,3.0,,6.0,,0.0,,0.0,,0.0,,0.0,,0.0,,9.0,-9.0,-6.0,-3.0,0.0,0.0,0.0,0.0,0.0,0.0
portugal,OPG198,EBC-12288,,95.0,,0.0,,2.0,,3.0,,0.0,,0.0,,0.0,,0.0,,0.0,,5.0,-5.0,-3.0,-2.0,0.0,0.0,0.0,0.0,0.0,0.0
portugal,OPG198,EBC-12412,99.0,,0.0,,86.0,,176.0,,0.0,,2.0,,0.0,,12.0,,0.0,,276.0,,276.0,176.0,86.0,0.0,12.0,0.0,2.0,0.0,0.0
portugal,OPG198,EBC-12442,90.0,,6.0,,83.0,,113.0,,0.0,,1.0,,1.0,,19.0,,0.0,,223.0,,223.0,113.0,83.0,0.0,19.0,1.0,1.0,6.0,0.0
portugal,OPG198,EBC-12647,,82.0,,0.0,,6.0,,7.0,,0.0,,0.0,,1.0,,0.0,,0.0,,14.0,-14.0,-7.0,-6.0,0.0,0.0,-1.0,0.0,0.0,0.0
portugal,OPG198,EBC-12783,,75.0,,1.0,,2.0,,9.0,,0.0,,0.0,,0.0,,0.0,,0.0,,12.0,-12.0,-9.0,-2.0,0.0,0.0,0.0,0.0,-1.0,0.0
portugal,OPG198,EBC-12821,3.0,,0.0,,120.0,,114.0,,0.0,,2.0,,3.0,,11.0,,0.0,,250.0,,250.0,114.0,120.0,0.0,11.0,3.0,2.0,0.0,0.0
portugal,OPG198,EBC-12884,28.0,,6.0,,48.0,,70.0,,0.0,,7.0,,1.0,,16.0,,0.0,,148.0,,148.0,70.0,48.0,0.0,16.0,1.0,7.0,6.0,0.0
portugal,OPG198,EBC-13002,86.0,,11.0,,93.0,,112.0,,0.0,,3.0,,1.0,,7.0,,0.0,,227.0,,227.0,112.0,93.0,0.0,7.0,1.0,3.0,11.0,0.0
portugal,OPG198,EBC-13024,,67.0,,0.0,,6.0,,8.0,,0.0,,0.0,,0.0,,0.0,,0.0,,14.0,-14.0,-8.0,-6.0,0.0,0.0,0.0,0.0,0.0,0.0
portugal,OPG198,EBC-13032,,1.0,,1.0,,2.0,,5.0,,0.0,,0.0,,0.0,,0.0,,0.0,,8.0,-8.0,-5.0,-2.0,0.0,0.0,0.0,0.0,-1.0,0.0
portugal,OPG198,EBC-13061,16.0,,0.0,,62.0,,82.0,,0.0,,0.0,,0.0,,6.0,,0.0,,150.0,,150.0,82.0,62.0,0.0,6.0,0.0,0.0,0.0,0.0
portugal,OPG198,EBC-13071,77.0,,0.0,,74.0,,158.0,,0.0,,1.0,,1.0,,0.0,,0.0,,234.0,,234.0,158.0,74.0,0.0,0.0,1.0,1.0,0.0,0.0
portugal,OPG198,EBC-13141,,28.0,,0.0,,2.0,,0.0,,0.0,,0.0,,0.0,,0.0,,0.0,,2.0,-2.0,0.0,-2.0,0.0,0.0,0.0,0.0,0.0,0.0
portugal,OPG198,EBC-13169,,86.0,,0.0,,2.0,,2.0,,0.0,,0.0,,1.0,,0.0,,0.0,,5.0,-5.0,-2.0,-2.0,0.0,0.0,-1.0,0.0,0.0,0.0
portugal,OPG198,EBC-13190,,18.0,,0.0,,3.0,,11.0,,0.0,,0.0,,0.0,,0.0,,0.0,,14.0,-14.0,-11.0,-3.0,0.0,0.0,0.0,0.0,0.0,0.0
portugal,OPG198,EBC-13376,,94.0,,0.0,,2.0,,0.0,,0.0,,0.0,,0.0,,0.0,,0.0,,2.0,-2.0,0.0,-2.0,0.0,0.0,0.0,0.0,0.0,0.0
portugal,OPG198,EBC-13379,82.0,,0.0,,74.0,,181.0,,0.0,,2.0,,1.0,,10.0,,0.0,,268.0,,268.0,181.0,74.0,0.0,10.0,1.0,2.0,0.0,0.0
portugal,OPG198,EBC-13476,,71.0,,1.0,,2.0,,1.0,,0.0,,0.0,,0.0,,1.0,,0.0,,5.0,-5.0,-1.0,-2.0,0.0,-1.0,0.0,0.0,-1.0,0.0
portugal,OPG198,EBC-13607,1.0,,0.0,,70.0,,218.0,,0.0,,0.0,,0.0,,18.0,,0.0,,306.0,,306.0,218.0,70.0,0.0,18.0,0.0,0.0,0.0,0.0
portugal,OPG198,EBC-13677,,91.0,,0.0,,2.0,,7.0,,0.0,,0.0,,0.0,,0.0,,0.0,,9.0,-9.0,-7.0,-2.0,0.0,0.0,0.0,0.0,0.0,0.0
portugal,OPG198,EBC-13827,45.0,,12.0,,73.0,,130.0,,0.0,,1.0,,0.0,,11.0,,0.0,,227.0,,227.0,130.0,73.0,0.0,11.0,0.0,1.0,12.0,0.0
portugal,OPG198,EBC-13852,,9.0,,0.0,,2.0,,0.0,,0.0,,0.0,,0.0,,0.0,,0.0,,2.0,-2.0,0.0,-2.0,0.0,0.0,0.0,0.0,0.0,0.0
portugal,OPG198,EBC-14147,22.0,,3.0,,62.0,,86.0,,0.0,,2.0,,0.0,,17.0,,0.0,,170.0,,170.0,86.0,62.0,0.0,17.0,0.0,2.0,3.0,0.0
portugal,OPG198,EBC-14210,49.0,,0.0,,49.0,,141.0,,0.0,,0.0,,3.0,,8.0,,0.0,,201.0,,201.0,141.0,49.0,0.0,8.0,3.0,0.0,0.0,0.0
portugal,OPG198,EBC-145226,14.0,,0.0,,96.0,,174.0,,0.0,,3.0,,4.0,,6.0,,0.0,,283.0,,283.0,174.0,96.0,0.0,6.0,4.0,3.0,0.0,0.0
portugal,OPG198,EBC-148031,55.0,,0.0,,77.0,,194.0,,0.0,,2.0,,1.0,,29.0,,0.0,,303.0,,303.0,194.0,77.0,0.0,29.0,1.0,2.0,0.0,0.0
portugal,OPG198,EBC-149094,9.0,,0.0,,56.0,,166.0,,0.0,,4.0,,1.0,,13.0,,0.0,,240.0,,240.0,166.0,56.0,0.0,13.0,1.0,4.0,0.0,0.0
portugal,OPG198,EBC-151028,,29.0,,0.0,,2.0,,6.0,,0.0,,0.0,,0.0,,0.0,,0.0,,8.0,-8.0,-6.0,-2.0,0.0,0.0,0.0,0.0,0.0,0.0
portugal,OPG198,EBC-151029,,38.0,,0.0,,1.0,,5.0,,0.0,,0.0,,0.0,,0.0,,0.0,,6.0,-6.0,-5.0,-1.0,0.0,0.0,0.0,0.0,0.0,0.0
portugal,OPG198,EBC-154070,33.0,,6.0,,66.0,,108.0,,0.0,,2.0,,1.0,,14.0,,0.0,,197.0,,197.0,108.0,66.0,0.0,14.0,1.0,2.0,6.0,0.0
portugal,OPG198,EBC-157193,,7.0,,0.0,,2.0,,7.0,,0.0,,0.0,,0.0,,0.0,,0.0,,9.0,-9.0,-7.0,-2.0,0.0,0.0,0.0,0.0,0.0,0.0
portugal,OPG198,EBC-157209,63.0,,0.0,,68.0,,165.0,,0.0,,0.0,,4.0,,10.0,,0.0,,247.0,,247.0,165.0,68.0,0.0,10.0,4.0,0.0,0.0,0.0
portugal,OPG198,EBC-157219,57.0,,7.0,,69.0,,127.0,,0.0,,4.0,,0.0,,21.0,,0.0,,228.0,,228.0,127.0,69.0,0.0,21.0,0.0,4.0,7.0,0.0
portugal,OPG198,EBC-157235,,35.0,,0.0,,3.0,,4.0,,0.0,,0.0,,0.0,,0.0,,0.0,,7.0,-7.0,-4.0,-3.0,0.0,0.0,0.0,0.0,0.0,0.0
portugal,OPG198,EBC-157241,81.0,,4.0,,82.0,,122.0,,0.0,,2.0,,1.0,,20.0,,0.0,,231.0,,231.0,122.0,82.0,0.0,20.0,1.0,2.0,4.0,0.0
portugal,OPG198,EBC-157248,98.0,,0.0,,69.0,,130.0,,0.0,,3.0,,0.0,,11.0,,0.0,,213.0,,213.0,130.0,69.0,0.0,11.0,0.0,3.0,0.0,0.0
portugal,OPG198,EBC-157249,93.0,,0.0,,77.0,,151.0,,0.0,,4.0,,1.0,,19.0,,0.0,,252.0,,252.0,151.0,77.0,0.0,19.0,1.0,4.0,0.0,0.0
portugal,OPG198,EBC-157251,,52.0,,0.0,,3.0,,5.0,,0.0,,0.0,,0.0,,0.0,,0.0,,8.0,-8.0,-5.0,-3.0,0.0,0.0,0.0,0.0,0.0,0.0
portugal,OPG198,EBC-157259,,73.0,,1.0,,3.0,,5.0,,0.0,,0.0,,0.0,,0.0,,0.0,,9.0,-9.0,-5.0,-3.0,0.0,0.0,0.0,0.0,-1.0,0.0
portugal,OPG198,EBC-160036,4.0,,1.0,,63.0,,149.0,,0.0,,2.0,,2.0,,3.0,,0.0,,220.0,,220.0,149.0,63.0,0.0,3.0,2.0,2.0,1.0,0.0
portugal,OPG198,EBC-198037,24.0,,12.0,,87.0,,109.0,,0.0,,2.0,,0.0,,18.0,,0.0,,228.0,,228.0,109.0,87.0,0.0,18.0,0.0,2.0,12.0,0.0
portugal,OPG198,EBC-216028,27.0,78.0,0.0,0.0,48.0,3.0,199.0,9.0,0.0,0.0,3.0,0.0,5.0,1.0,10.0,1.0,0.0,0.0,265.0,14.0,251.0,190.0,45.0,0.0,9.0,4.0,3.0,0.0,0.0
portugal,OPG198,EBC-217022,17.0,,4.0,,67.0,,110.0,,0.0,,4.0,,1.0,,28.0,,0.0,,214.0,,214.0,110.0,67.0,0.0,28.0,1.0,4.0,4.0,0.0
portugal,OPG198,EBC-218037,66.0,,0.0,,52.0,,134.0,,0.0,,0.0,,2.0,,10.0,,0.0,,198.0,,198.0,134.0,52.0,0.0,10.0,2.0,0.0,0.0,0.0
portugal,OPG198,EBC-218043,2.0,,0.0,,89.0,,129.0,,0.0,,4.0,,1.0,,19.0,,0.0,,242.0,,242.0,129.0,89.0,0.0,19.0,1.0,4.0,0.0,0.0
portugal,OPG198,EBC-221084,8.0,,0.0,,119.0,,112.0,,0.0,,3.0,,3.0,,32.0,,0.0,,269.0,,269.0,112.0,119.0,0.0,32.0,3.0,3.0,0.0,0.0
portugal,OPG198,EBC-230024,,21.0,,1.0,,1.0,,8.0,,0.0,,0.0,,0.0,,0.0,,0.0,,10.0,-10.0,-8.0,-1.0,0.0,0.0,0.0,0.0,-1.0,0.0
portugal,OPG198,EBC-23629,100.0,,0.0,,54.0,,171.0,,0.0,,1.0,,0.0,,3.0,,0.0,,229.0,,229.0,171.0,54.0,0.0,3.0,0.0,1.0,0.0,0.0
portugal,OPG198,EBC-244029,36.0,,0.0,,67.0,,183.0,,0.0,,2.0,,0.0,,6.0,,0.0,,258.0,,258.0,183.0,67.0,0.0,6.0,0.0,2.0,0.0,0.0
portugal,OPG198,EBC-246080,,72.0,,0.0,,1.0,,4.0,,0.0,,0.0,,0.0,,1.0,,0.0,,6.0,-6.0,-4.0,-1.0,0.0,-1.0,0.0,0.0,0.0,0.0
portugal,OPG198,EBC-249057,52.0,,0.0,,47.0,,157.0,,0.0,,9.0,,3.0,,7.0,,0.0,,223.0,,223.0,157.0,47.0,0.0,7.0,3.0,9.0,0.0,0.0
portugal,OPG198,EBC-251173,23.0,,0.0,,90.0,,188.0,,0.0,,0.0,,0.0,,16.0,,0.0,,294.0,,294.0,188.0,90.0,0.0,16.0,0.0,0.0,0.0,0.0
portugal,OPG198,EBC-251220,,11.0,,0.0,,2.0,,0.0,,0.0,,0.0,,0.0,,0.0,,0.0,,2.0,-2.0,0.0,-2.0,0.0,0.0,0.0,0.0,0.0,0.0
portugal,OPG198,EBC-252122,61.0,,8.0,,55.0,,136.0,,0.0,,3.0,,1.0,,8.0,,0.0,,211.0,,211.0,136.0,55.0,0.0,8.0,1.0,3.0,8.0,0.0
portugal,OPG198,EBC-253165,80.0,,0.0,,42.0,,162.0,,0.0,,3.0,,1.0,,17.0,,0.0,,225.0,,225.0,162.0,42.0,0.0,17.0,1.0,3.0,0.0,0.0
portugal,OPG198,EBC-253205,54.0,,0.0,,79.0,,176.0,,0.0,,2.0,,0.0,,5.0,,0.0,,262.0,,262.0,176.0,79.0,0.0,5.0,0.0,2.0,0.0,0.0
portugal,OPG198,EBC-253302,,39.0,,0.0,,2.0,,6.0,,0.0,,0.0,,0.0,,0.0,,0.0,,8.0,-8.0,-6.0,-2.0,0.0,0.0,0.0,0.0,0.0,0.0
portugal,OPG198,EBC-255053,51.0,,0.0,,57.0,,161.0,,0.0,,3.0,,3.0,,7.0,,0.0,,231.0,,231.0,161.0,57.0,0.0,7.0,3.0,3.0,0.0,0.0
portugal,OPG198,EBC-255056,50.0,,0.0,,42.0,,139.0,,0.0,,7.0,,3.0,,13.0,,0.0,,204.0,,204.0,139.0,42.0,0.0,13.0,3.0,7.0,0.0,0.0
portugal,OPG198,EBC-265042,46.0,,0.0,,46.0,,133.0,,0.0,,3.0,,3.0,,10.0,,0.0,,195.0,,195.0,133.0,46.0,0.0,10.0,3.0,3.0,0.0,0.0
portugal,OPG198,EBC-27035,40.0,,0.0,,77.0,,152.0,,0.0,,1.0,,1.0,,8.0,,0.0,,239.0,,239.0,152.0,77.0,0.0,8.0,1.0,1.0,0.0,0.0
portugal,OPG198,EBC-27042,18.0,,5.0,,49.0,,82.0,,0.0,,0.0,,0.0,,14.0,,0.0,,150.0,,150.0,82.0,49.0,0.0,14.0,0.0,0.0,5.0,0.0
portugal,OPG198,EBC-27078,44.0,,0.0,,17.0,,221.0,,0.0,,0.0,,0.0,,0.0,,0.0,,238.0,,238.0,221.0,17.0,0.0,0.0,0.0,0.0,0.0,0.0
portugal,OPG198,EBC-27122,75.0,,15.0,,80.0,,96.0,,0.0,,1.0,,1.0,,8.0,,0.0,,201.0,,201.0,96.0,80.0,0.0,8.0,1.0,1.0,15.0,0.0
portugal,OPG198,EBC-27184,58.0,,0.0,,20.0,,197.0,,0.0,,0.0,,0.0,,3.0,,0.0,,220.0,,220.0,197.0,20.0,0.0,3.0,0.0,0.0,0.0,0.0
portugal,OPG198,EBC-27265,15.0,,4.0,,34.0,,140.0,,0.0,,1.0,,0.0,,0.0,,0.0,,179.0,,179.0,140.0,34.0,0.0,0.0,0.0,1.0,4.0,0.0
portugal,OPG198,EBC-27284,34.0,,0.0,,56.0,,212.0,,0.0,,0.0,,1.0,,12.0,,0.0,,281.0,,281.0,212.0,56.0,0.0,12.0,1.0,0.0,0.0,0.0
portugal,OPG198,EBC-27288,83.0,,24.0,,104.0,,88.0,,0.0,,2.0,,1.0,,4.0,,0.0,,223.0,,223.0,88.0,104.0,0.0,4.0,1.0,2.0,24.0,0.0
portugal,OPG198,EBC-27345,85.0,,5.0,,41.0,,154.0,,0.0,,2.0,,0.0,,3.0,,0.0,,205.0,,205.0,154.0,41.0,0.0,3.0,0.0,2.0,5.0,0.0
portugal,OPG198,EBC-27347,76.0,,4.0,,166.0,,74.0,,0.0,,3.0,,0.0,,26.0,,0.0,,273.0,,273.0,74.0,166.0,0.0,26.0,0.0,3.0,4.0,0.0
portugal,OPG198,EBC-27367,68.0,,16.0,,100.0,,114.0,,0.0,,1.0,,0.0,,22.0,,0.0,,253.0,,253.0,114.0,100.0,0.0,22.0,0.0,1.0,16.0,0.0
portugal,OPG198,EBC-27428,70.0,,0.0,,130.0,,104.0,,0.0,,0.0,,0.0,,11.0,,0.0,,245.0,,245.0,104.0,130.0,0.0,11.0,0.0,0.0,0.0,0.0
portugal,OPG198,EBC-287050,79.0,,0.0,,89.0,,153.0,,0.0,,3.0,,2.0,,13.0,,0.0,,260.0,,260.0,153.0,89.0,0.0,13.0,2.0,3.0,0.0,0.0
portugal,OPG198,EBC-287051,30.0,,0.0,,99.0,,136.0,,0.0,,5.0,,2.0,,17.0,,0.0,,259.0,,259.0,136.0,99.0,0.0,17.0,2.0,5.0,0.0,0.0
portugal,OPG198,EBC-287070,97.0,,0.0,,57.0,,202.0,,0.0,,2.0,,0.0,,11.0,,0.0,,272.0,,272.0,202.0,57.0,0.0,11.0,0.0,2.0,0.0,0.0
portugal,OPG198,EBC-287071,47.0,,0.0,,68.0,,105.0,,0.0,,1.0,,3.0,,20.0,,0.0,,197.0,,197.0,105.0,68.0,0.0,20.0,3.0,1.0,0.0,0.0
portugal,OPG198,EBC-289112,71.0,,0.0,,31.0,,178.0,,0.0,,3.0,,2.0,,9.0,,0.0,,223.0,,223.0,178.0,31.0,0.0,9.0,2.0,3.0,0.0,0.0
portugal,OPG198,EBC-290041,20.0,,5.0,,172.0,,102.0,,0.0,,5.0,,0.0,,26.0,,0.0,,310.0,,310.0,102.0,172.0,0.0,26.0,0.0,5.0,5.0,0.0
portugal,OPG198,EBC-291106,69.0,,0.0,,62.0,,155.0,,0.0,,0.0,,3.0,,8.0,,0.0,,228.0,,228.0,155.0,62.0,0.0,8.0,3.0,0.0,0.0,0.0
portugal,OPG198,EBC-291154,,60.0,,1.0,,2.0,,5.0,,0.0,,1.0,,0.0,,0.0,,0.0,,9.0,-9.0,-5.0,-2.0,0.0,0.0,0.0,-1.0,-1.0,0.0
portugal,OPG198,EBC-291167,56.0,,9.0,,100.0,,95.0,,0.0,,2.0,,0.0,,29.0,,0.0,,235.0,,235.0,95.0,100.0,0.0,29.0,0.0,2.0,9.0,0.0
portugal,OPG198,EBC-292060,94.0,,2.0,,54.0,,132.0,,0.0,,1.0,,0.0,,10.0,,0.0,,199.0,,199.0,132.0,54.0,0.0,10.0,0.0,1.0,2.0,0.0
portugal,OPG198,EBC-306041,78.0,,4.0,,84.0,,94.0,,0.0,,4.0,,1.0,,26.0,,0.0,,213.0,,213.0,94.0,84.0,0.0,26.0,1.0,4.0,4.0,0.0
portugal,OPG198,EBC-309072,73.0,,0.0,,91.0,,153.0,,0.0,,2.0,,0.0,,9.0,,0.0,,255.0,,255.0,153.0,91.0,0.0,9.0,0.0,2.0,0.0,0.0
portugal,OPG198,EBC-331067,48.0,,5.0,,51.0,,107.0,,0.0,,1.0,,2.0,,3.0,,0.0,,169.0,,169.0,107.0,51.0,0.0,3.0,2.0,1.0,5.0,0.0
portugal,OPG198,EBC-43021,42.0,,6.0,,65.0,,142.0,,0.0,,0.0,,2.0,,5.0,,0.0,,220.0,,220.0,142.0,65.0,0.0,5.0,2.0,0.0,6.0,0.0
portugal,OPG198,EBC-44083,,93.0,,0.0,,2.0,,4.0,,0.0,,0.0,,0.0,,0.0,,0.0,,6.0,-6.0,-4.0,-2.0,0.0,0.0,0.0,0.0,0.0,0.0
portugal,OPG198,EBC-44134,,17.0,,1.0,,4.0,,0.0,,0.0,,0.0,,0.0,,0.0,,0.0,,5.0,-5.0,0.0,-4.0,0.0,0.0,0.0,0.0,-1.0,0.0
portugal,OPG198,EBC-44151,,3.0,,0.0,,3.0,,2.0,,0.0,,0.0,,0.0,,0.0,,0.0,,5.0,-5.0,-2.0,-3.0,0.0,0.0,0.0,0.0,0.0,0.0
portugal,OPG198,EBC-44440,,66.0,,0.0,,1.0,,4.0,,0.0,,0.0,,0.0,,1.0,,0.0,,6.0,-6.0,-4.0,-1.0,0.0,-1.0,0.0,0.0,0.0,0.0
portugal,OPG198,EBC-46057,74.0,,0.0,,62.0,,219.0,,0.0,,1.0,,3.0,,2.0,,0.0,,287.0,,287.0,219.0,62.0,0.0,2.0,3.0,1.0,0.0,0.0
portugal,OPG198,EBC-46164,,55.0,,0.0,,2.0,,1.0,,0.0,,0.0,,0.0,,0.0,,0.0,,3.0,-3.0,-1.0,-2.0,0.0,0.0,0.0,0.0,0.0,0.0
portugal,OPG198,EBC-46294,13.0,,1.0,,158.0,,180.0,,0.0,,3.0,,1.0,,22.0,,0.0,,365.0,,365.0,180.0,158.0,0.0,22.0,1.0,3.0,1.0,0.0
portugal,OPG198,EBC-47024,67.0,,0.0,,128.0,,118.0,,0.0,,4.0,,0.0,,13.0,,0.0,,263.0,,263.0,118.0,128.0,0.0,13.0,0.0,4.0,0.0,0.0
portugal,OPG198,EBC-47073,89.0,,11.0,,130.0,,108.0,,0.0,,1.0,,1.0,,25.0,,0.0,,276.0,,276.0,108.0,130.0,0.0,25.0,1.0,1.0,11.0,0.0
portugal,OPG198,EBC-47094,41.0,,6.0,,40.0,,122.0,,0.0,,1.0,,2.0,,8.0,,0.0,,179.0,,179.0,122.0,40.0,0.0,8.0,2.0,1.0,6.0,0.0
portugal,OPG198,EBC-47103,,40.0,,0.0,,3.0,,6.0,,0.0,,0.0,,0.0,,0.0,,0.0,,9.0,-9.0,-6.0,-3.0,0.0,0.0,0.0,0.0,0.0,0.0
portugal,OPG198,EBC-47119,64.0,,0.0,,141.0,,102.0,,0.0,,0.0,,3.0,,31.0,,0.0,,277.0,,277.0,102.0,141.0,0.0,31.0,3.0,0.0,0.0,0.0
portugal,OPG198,EBC-47377,,76.0,,0.0,,4.0,,9.0,,0.0,,0.0,,0.0,,1.0,,0.0,,14.0,-14.0,-9.0,-4.0,0.0,-1.0,0.0,0.0,0.0,0.0
portugal,OPG198,EBC-48186,31.0,,15.0,,61.0,,102.0,,0.0,,0.0,,0.0,,4.0,,0.0,,182.0,,182.0,102.0,61.0,0.0,4.0,0.0,0.0,15.0,0.0
portugal,OPG198,EBC-48188,19.0,,0.0,,90.0,,118.0,,0.0,,3.0,,0.0,,16.0,,0.0,,227.0,,227.0,118.0,90.0,0.0,16.0,0.0,3.0,0.0,0.0
portugal,OPG198,EBC-53021,26.0,,3.0,,78.0,,107.0,,0.0,,4.0,,1.0,,17.0,,0.0,,210.0,,210.0,107.0,78.0,0.0,17.0,1.0,4.0,3.0,0.0
portugal,OPG198,EBC-63089,38.0,,6.0,,131.0,,159.0,,0.0,,2.0,,2.0,,25.0,,0.0,,325.0,,325.0,159.0,131.0,0.0,25.0,2.0,2.0,6.0,0.0
portugal,OPG198,EBC-71073,43.0,,0.0,,105.0,,159.0,,0.0,,1.0,,0.0,,12.0,,0.0,,277.0,,277.0,159.0,105.0,0.0,12.0,0.0,1.0,0.0,0.0
portugal,OPG198,EBC-73021,,10.0,,1.0,,2.0,,9.0,,0.0,,0.0,,0.0,,1.0,,0.0,,13.0,-13.0,-9.0,-2.0,0.0,-1.0,0.0,0.0,-1.0,0.0
portugal,OPG198,EBC-77052,,65.0,,0.0,,0.0,,3.0,,0.0,,0.0,,0.0,,0.0,,0.0,,3.0,-3.0,-3.0,0.0,0.0,0.0,0.0,0.0,0.0,0.0
portugal,OPG198,EBC-84050,6.0,,4.0,,81.0,,113.0,,0.0,,4.0,,1.0,,18.0,,0.0,,221.0,,221.0,113.0,81.0,0.0,18.0,1.0,4.0,4.0,0.0
portugal,OPG198,EBC-99051,32.0,,2.0,,63.0,,100.0,,0.0,,2.0,,3.0,,20.0,,0.0,,190.0,,190.0,100.0,63.0,0.0,20.0,3.0,2.0,2.0,0.0
portugal,OPG199,EBC-00005,,79.0,,0.0,,2.0,,1.0,,0.0,,0.0,,0.0,,0.0,,0.0,,3.0,-3.0,-1.0,-2.0,0.0,0.0,0.0,0.0,0.0,0.0
portugal,OPG199,EBC-00640,,34.0,,0.0,,2.0,,9.0,,0.0,,0.0,,0.0,,0.0,,0.0,,11.0,-11.0,-9.0,-2.0,0.0,0.0,0.0,0.0,0.0,0.0
portugal,OPG199,EBC-00641,,17.0,,0.0,,2.0,,9.0,,0.0,,0.0,,0.0,,0.0,,0.0,,11.0,-11.0,-9.0,-2.0,0.0,0.0,0.0,0.0,0.0,0.0
portugal,OPG199,EBC-00651,68.0,,4.0,,66.0,,82.0,,0.0,,7.0,,0.0,,11.0,,0.0,,170.0,,170.0,82.0,66.0,0.0,11.0,0.0,7.0,4.0,0.0
portugal,OPG199,EBC-00696,48.0,,4.0,,55.0,,136.0,,0.0,,1.0,,1.0,,9.0,,0.0,,206.0,,206.0,136.0,55.0,0.0,9.0,1.0,1.0,4.0,0.0
portugal,OPG199,EBC-00711,19.0,,0.0,,34.0,,137.0,,0.0,,1.0,,0.0,,9.0,,0.0,,181.0,,181.0,137.0,34.0,0.0,9.0,0.0,1.0,0.0,0.0
portugal,OPG199,EBC-02025,,66.0,,0.0,,6.0,,1.0,,0.0,,0.0,,0.0,,0.0,,0.0,,7.0,-7.0,-1.0,-6.0,0.0,0.0,0.0,0.0,0.0,0.0
portugal,OPG199,EBC-02079,11.0,,0.0,,52.0,,96.0,,0.0,,1.0,,0.0,,21.0,,0.0,,170.0,,170.0,96.0,52.0,0.0,21.0,0.0,1.0,0.0,0.0
portugal,OPG199,EBC-03088,,47.0,,0.0,,2.0,,0.0,,0.0,,0.0,,0.0,,0.0,,0.0,,2.0,-2.0,0.0,-2.0,0.0,0.0,0.0,0.0,0.0,0.0
portugal,OPG199,EBC-03091,,77.0,,0.0,,5.0,,2.0,,0.0,,0.0,,0.0,,0.0,,0.0,,7.0,-7.0,-2.0,-5.0,0.0,0.0,0.0,0.0,0.0,0.0
portugal,OPG199,EBC-03100,,63.0,,0.0,,8.0,,0.0,,0.0,,0.0,,0.0,,0.0,,0.0,,8.0,-8.0,0.0,-8.0,0.0,0.0,0.0,0.0,0.0,0.0
portugal,OPG199,EBC-03121,,71.0,,0.0,,1.0,,2.0,,0.0,,0.0,,0.0,,0.0,,0.0,,3.0,-3.0,-2.0,-1.0,0.0,0.0,0.0,0.0,0.0,0.0
portugal,OPG199,EBC-03137,,48.0,,0.0,,3.0,,1.0,,0.0,,0.0,,0.0,,0.0,,0.0,,4.0,-4.0,-1.0,-3.0,0.0,0.0,0.0,0.0,0.0,0.0
portugal,OPG199,EBC-03153,,44.0,,1.0,,5.0,,2.0,,0.0,,0.0,,1.0,,0.0,,0.0,,9.0,-9.0,-2.0,-5.0,0.0,0.0,-1.0,0.0,-1.0,0.0
portugal,OPG199,EBC-03154,,81.0,,1.0,,3.0,,4.0,,0.0,,0.0,,0.0,,0.0,,0.0,,8.0,-8.0,-4.0,-3.0,0.0,0.0,0.0,0.0,-1.0,0.0
portugal,OPG199,EBC-03164,,46.0,,0.0,,3.0,,2.0,,0.0,,0.0,,0.0,,0.0,,0.0,,5.0,-5.0,-2.0,-3.0,0.0,0.0,0.0,0.0,0.0,0.0
portugal,OPG199,EBC-03167,,70.0,,0.0,,3.0,,1.0,,0.0,,0.0,,0.0,,0.0,,0.0,,4.0,-4.0,-1.0,-3.0,0.0,0.0,0.0,0.0,0.0,0.0
portugal,OPG199,EBC-03196,,45.0,,0.0,,4.0,,3.0,,0.0,,0.0,,1.0,,0.0,,0.0,,8.0,-8.0,-3.0,-4.0,0.0,0.0,-1.0,0.0,0.0,0.0
portugal,OPG199,EBC-03293,,27.0,,0.0,,2.0,,1.0,,0.0,,0.0,,0.0,,0.0,,0.0,,3.0,-3.0,-1.0,-2.0,0.0,0.0,0.0,0.0,0.0,0.0
portugal,OPG199,EBC-03334,,39.0,,0.0,,3.0,,2.0,,0.0,,0.0,,0.0,,1.0,,0.0,,6.0,-6.0,-2.0,-3.0,0.0,-1.0,0.0,0.0,0.0,0.0
portugal,OPG199,EBC-03355,,42.0,,0.0,,3.0,,3.0,,0.0,,0.0,,1.0,,0.0,,0.0,,7.0,-7.0,-3.0,-3.0,0.0,0.0,-1.0,0.0,0.0,0.0
portugal,OPG199,EBC-03359,,52.0,,0.0,,1.0,,2.0,,0.0,,0.0,,0.0,,0.0,,0.0,,3.0,-3.0,-2.0,-1.0,0.0,0.0,0.0,0.0,0.0,0.0
portugal,OPG199,EBC-03374,,50.0,,0.0,,2.0,,1.0,,0.0,,0.0,,0.0,,0.0,,0.0,,3.0,-3.0,-1.0,-2.0,0.0,0.0,0.0,0.0,0.0,0.0
portugal,OPG199,EBC-03375,,72.0,,0.0,,2.0,,1.0,,0.0,,0.0,,0.0,,0.0,,0.0,,3.0,-3.0,-1.0,-2.0,0.0,0.0,0.0,0.0,0.0,0.0
portugal,OPG199,EBC-03383,,18.0,,0.0,,2.0,,4.0,,0.0,,0.0,,0.0,,0.0,,0.0,,6.0,-6.0,-4.0,-2.0,0.0,0.0,0.0,0.0,0.0,0.0
portugal,OPG199,EBC-03384,,26.0,,0.0,,2.0,,1.0,,0.0,,0.0,,0.0,,0.0,,0.0,,3.0,-3.0,-1.0,-2.0,0.0,0.0,0.0,0.0,0.0,0.0
portugal,OPG199,EBC-03395,,43.0,,0.0,,3.0,,1.0,,0.0,,0.0,,0.0,,0.0,,0.0,,4.0,-4.0,-1.0,-3.0,0.0,0.0,0.0,0.0,0.0,0.0
portugal,OPG199,EBC-03399,,49.0,,0.0,,3.0,,2.0,,0.0,,0.0,,0.0,,0.0,,0.0,,5.0,-5.0,-2.0,-3.0,0.0,0.0,0.0,0.0,0.0,0.0
portugal,OPG199,EBC-03537,,30.0,,0.0,,1.0,,4.0,,0.0,,0.0,,0.0,,0.0,,0.0,,5.0,-5.0,-4.0,-1.0,0.0,0.0,0.0,0.0,0.0,0.0
portugal,OPG199,EBC-03602,,69.0,,0.0,,2.0,,2.0,,0.0,,0.0,,0.0,,0.0,,0.0,,4.0,-4.0,-2.0,-2.0,0.0,0.0,0.0,0.0,0.0,0.0
portugal,OPG199,EBC-03672,,68.0,,0.0,,0.0,,3.0,,0.0,,0.0,,0.0,,0.0,,0.0,,3.0,-3.0,-3.0,0.0,0.0,0.0,0.0,0.0,0.0,0.0
portugal,OPG199,EBC-03758,,73.0,,0.0,,3.0,,3.0,,0.0,,0.0,,0.0,,0.0,,0.0,,6.0,-6.0,-3.0,-3.0,0.0,0.0,0.0,0.0,0.0,0.0
portugal,OPG199,EBC-03870,,51.0,,0.0,,2.0,,5.0,,0.0,,0.0,,0.0,,0.0,,0.0,,7.0,-7.0,-5.0,-2.0,0.0,0.0,0.0,0.0,0.0,0.0
portugal,OPG199,EBC-04015,,80.0,,0.0,,2.0,,0.0,,0.0,,0.0,,0.0,,0.0,,0.0,,2.0,-2.0,0.0,-2.0,0.0,0.0,0.0,0.0,0.0,0.0
portugal,OPG199,EBC-04072,,83.0,,0.0,,3.0,,0.0,,0.0,,0.0,,0.0,,0.0,,0.0,,3.0,-3.0,0.0,-3.0,0.0,0.0,0.0,0.0,0.0,0.0
portugal,OPG199,EBC-04093,,31.0,,0.0,,1.0,,1.0,,0.0,,0.0,,0.0,,0.0,,0.0,,2.0,-2.0,-1.0,-1.0,0.0,0.0,0.0,0.0,0.0,0.0
portugal,OPG199,EBC-04161,,78.0,,0.0,,3.0,,0.0,,0.0,,0.0,,0.0,,0.0,,0.0,,3.0,-3.0,0.0,-3.0,0.0,0.0,0.0,0.0,0.0,0.0
portugal,OPG199,EBC-04295,,84.0,,0.0,,3.0,,2.0,,0.0,,0.0,,0.0,,0.0,,0.0,,5.0,-5.0,-2.0,-3.0,0.0,0.0,0.0,0.0,0.0,0.0
portugal,OPG199,EBC-04305,,67.0,,0.0,,9.0,,0.0,,0.0,,0.0,,0.0,,0.0,,0.0,,9.0,-9.0,0.0,-9.0,0.0,0.0,0.0,0.0,0.0,0.0
portugal,OPG199,EBC-06061,20.0,,0.0,,72.0,,86.0,,0.0,,2.0,,1.0,,23.0,,0.0,,184.0,,184.0,86.0,72.0,0.0,23.0,1.0,2.0,0.0,0.0
portugal,OPG199,EBC-06062,78.0,,0.0,,64.0,,155.0,,0.0,,1.0,,0.0,,9.0,,0.0,,229.0,,229.0,155.0,64.0,0.0,9.0,0.0,1.0,0.0,0.0
portugal,OPG199,EBC-06206,,97.0,,0.0,,3.0,,1.0,,0.0,,0.0,,0.0,,0.0,,0.0,,4.0,-4.0,-1.0,-3.0,0.0,0.0,0.0,0.0,0.0,0.0
portugal,OPG199,EBC-06246,,35.0,,0.0,,2.0,,9.0,,0.0,,0.0,,1.0,,0.0,,0.0,,12.0,-12.0,-9.0,-2.0,0.0,0.0,-1.0,0.0,0.0,0.0
portugal,OPG199,EBC-06351,,96.0,,0.0,,3.0,,5.0,,0.0,,0.0,,1.0,,0.0,,0.0,,9.0,-9.0,-5.0,-3.0,0.0,0.0,-1.0,0.0,0.0,0.0
portugal,OPG199,EBC-06756,,19.0,,0.0,,4.0,,4.0,,0.0,,0.0,,1.0,,0.0,,0.0,,9.0,-9.0,-4.0,-4.0,0.0,0.0,-1.0,0.0,0.0,0.0
portugal,OPG199,EBC-06844,,82.0,,0.0,,4.0,,4.0,,0.0,,0.0,,0.0,,0.0,,0.0,,8.0,-8.0,-4.0,-4.0,0.0,0.0,0.0,0.0,0.0,0.0
portugal,OPG199,EBC-06855,,55.0,,0.0,,6.0,,3.0,,0.0,,0.0,,1.0,,1.0,,0.0,,11.0,-11.0,-3.0,-6.0,0.0,-1.0,-1.0,0.0,0.0,0.0
portugal,OPG199,EBC-06859,,21.0,,0.0,,3.0,,10.0,,0.0,,0.0,,0.0,,0.0,,0.0,,13.0,-13.0,-10.0,-3.0,0.0,0.0,0.0,0.0,0.0,0.0
portugal,OPG199,EBC-06902,70.0,,0.0,,76.0,,117.0,,0.0,,1.0,,1.0,,8.0,,0.0,,203.0,,203.0,117.0,76.0,0.0,8.0,1.0,1.0,0.0,0.0
portugal,OPG199,EBC-07173,,24.0,,0.0,,2.0,,8.0,,0.0,,0.0,,0.0,,0.0,,0.0,,10.0,-10.0,-8.0,-2.0,0.0,0.0,0.0,0.0,0.0,0.0
portugal,OPG199,EBC-07175,,12.0,,0.0,,2.0,,8.0,,0.0,,0.0,,0.0,,0.0,,0.0,,10.0,-10.0,-8.0,-2.0,0.0,0.0,0.0,0.0,0.0,0.0
portugal,OPG199,EBC-07306,,92.0,,0.0,,3.0,,10.0,,0.0,,0.0,,0.0,,0.0,,0.0,,13.0,-13.0,-10.0,-3.0,0.0,0.0,0.0,0.0,0.0,0.0
portugal,OPG199,EBC-07367,73.0,,0.0,,67.0,,140.0,,0.0,,1.0,,1.0,,4.0,,0.0,,213.0,,213.0,140.0,67.0,0.0,4.0,1.0,1.0,0.0,0.0
portugal,OPG199,EBC-07500,,8.0,,0.0,,3.0,,6.0,,0.0,,0.0,,1.0,,0.0,,0.0,,10.0,-10.0,-6.0,-3.0,0.0,0.0,-1.0,0.0,0.0,0.0
portugal,OPG199,EBC-07503,,38.0,,0.0,,5.0,,5.0,,0.0,,0.0,,2.0,,0.0,,0.0,,12.0,-12.0,-5.0,-5.0,0.0,0.0,-2.0,0.0,0.0,0.0
portugal,OPG199,EBC-07504,,7.0,,0.0,,3.0,,9.0,,0.0,,0.0,,0.0,,0.0,,0.0,,12.0,-12.0,-9.0,-3.0,0.0,0.0,0.0,0.0,0.0,0.0
portugal,OPG199,EBC-07511,,23.0,,0.0,,3.0,,10.0,,0.0,,0.0,,0.0,,0.0,,0.0,,13.0,-13.0,-10.0,-3.0,0.0,0.0,0.0,0.0,0.0,0.0
portugal,OPG199,EBC-07606,,13.0,,0.0,,0.0,,19.0,,0.0,,0.0,,0.0,,0.0,,0.0,,19.0,-19.0,-19.0,0.0,0.0,0.0,0.0,0.0,0.0,0.0
portugal,OPG199,EBC-07618,95.0,,18.0,,69.0,,99.0,,0.0,,0.0,,0.0,,10.0,,0.0,,196.0,,196.0,99.0,69.0,0.0,10.0,0.0,0.0,18.0,0.0
portugal,OPG199,EBC-07644,,94.0,,0.0,,4.0,,5.0,,0.0,,0.0,,1.0,,0.0,,0.0,,10.0,-10.0,-5.0,-4.0,0.0,0.0,-1.0,0.0,0.0,0.0
portugal,OPG199,EBC-07647,,74.0,,0.0,,3.0,,3.0,,0.0,,0.0,,0.0,,2.0,,0.0,,8.0,-8.0,-3.0,-3.0,0.0,-2.0,0.0,0.0,0.0,0.0
portugal,OPG199,EBC-07677,,4.0,,0.0,,5.0,,6.0,,0.0,,0.0,,2.0,,0.0,,0.0,,13.0,-13.0,-6.0,-5.0,0.0,0.0,-2.0,0.0,0.0,0.0
portugal,OPG199,EBC-07836,,59.0,,0.0,,2.0,,8.0,,0.0,,1.0,,0.0,,0.0,,0.0,,11.0,-11.0,-8.0,-2.0,0.0,0.0,0.0,-1.0,0.0,0.0
portugal,OPG199,EBC-07940,91.0,,12.0,,118.0,,96.0,,0.0,,2.0,,0.0,,15.0,,0.0,,243.0,,243.0,96.0,118.0,0.0,15.0,0.0,2.0,12.0,0.0
portugal,OPG199,EBC-07988,31.0,,3.0,,118.0,,137.0,,0.0,,5.0,,0.0,,27.0,,0.0,,290.0,,290.0,137.0,118.0,0.0,27.0,0.0,5.0,3.0,0.0
portugal,OPG199,EBC-08078,,95.0,,0.0,,4.0,,1.0,,0.0,,0.0,,0.0,,0.0,,0.0,,5.0,-5.0,-1.0,-4.0,0.0,0.0,0.0,0.0,0.0,0.0
portugal,OPG199,EBC-08185,,100.0,,0.0,,8.0,,0.0,,0.0,,0.0,,0.0,,1.0,,0.0,,9.0,-9.0,0.0,-8.0,0.0,-1.0,0.0,0.0,0.0,0.0
portugal,OPG199,EBC-08227,,37.0,,0.0,,5.0,,5.0,,0.0,,0.0,,1.0,,0.0,,0.0,,11.0,-11.0,-5.0,-5.0,0.0,0.0,-1.0,0.0,0.0,0.0
portugal,OPG199,EBC-08235,,22.0,,0.0,,2.0,,8.0,,0.0,,0.0,,0.0,,0.0,,0.0,,10.0,-10.0,-8.0,-2.0,0.0,0.0,0.0,0.0,0.0,0.0
portugal,OPG199,EBC-08307,,20.0,,0.0,,4.0,,6.0,,0.0,,0.0,,0.0,,0.0,,0.0,,10.0,-10.0,-6.0,-4.0,0.0,0.0,0.0,0.0,0.0,0.0
portugal,OPG199,EBC-08322,,75.0,,0.0,,4.0,,2.0,,0.0,,0.0,,0.0,,0.0,,0.0,,6.0,-6.0,-2.0,-4.0,0.0,0.0,0.0,0.0,0.0,0.0
portugal,OPG199,EBC-08460,,3.0,,0.0,,0.0,,16.0,,0.0,,0.0,,0.0,,0.0,,0.0,,16.0,-16.0,-16.0,0.0,0.0,0.0,0.0,0.0,0.0,0.0
portugal,OPG199,EBC-08480,74.0,,0.0,,74.0,,121.0,,0.0,,0.0,,0.0,,16.0,,0.0,,211.0,,211.0,121.0,74.0,0.0,16.0,0.0,0.0,0.0,0.0
portugal,OPG199,EBC-08557,,62.0,,1.0,,3.0,,0.0,,0.0,,0.0,,0.0,,2.0,,0.0,,6.0,-6.0,0.0,-3.0,0.0,-2.0,0.0,0.0,-1.0,0.0
portugal,OPG199,EBC-08587,46.0,,0.0,,41.0,,74.0,,0.0,,0.0,,0.0,,1.0,,0.0,,116.0,,116.0,74.0,41.0,0.0,1.0,0.0,0.0,0.0,0.0
portugal,OPG199,EBC-08615,54.0,,0.0,,146.0,,105.0,,0.0,,0.0,,0.0,,14.0,,0.0,,265.0,,265.0,105.0,146.0,0.0,14.0,0.0,0.0,0.0,0.0
portugal,OPG199,EBC-08723,,28.0,,0.0,,3.0,,7.0,,0.0,,0.0,,0.0,,1.0,,0.0,,11.0,-11.0,-7.0,-3.0,0.0,-1.0,0.0,0.0,0.0,0.0
portugal,OPG199,EBC-08740,,32.0,,0.0,,5.0,,4.0,,0.0,,0.0,,0.0,,0.0,,0.0,,9.0,-9.0,-4.0,-5.0,0.0,0.0,0.0,0.0,0.0,0.0
portugal,OPG199,EBC-08764,,53.0,,0.0,,5.0,,5.0,,0.0,,0.0,,1.0,,0.0,,0.0,,11.0,-11.0,-5.0,-5.0,0.0,0.0,-1.0,0.0,0.0,0.0
portugal,OPG199,EBC-08787,52.0,,0.0,,40.0,,136.0,,0.0,,1.0,,0.0,,8.0,,0.0,,185.0,,185.0,136.0,40.0,0.0,8.0,0.0,1.0,0.0,0.0
portugal,OPG199,EBC-08788,69.0,,0.0,,79.0,,115.0,,0.0,,2.0,,1.0,,9.0,,0.0,,206.0,,206.0,115.0,79.0,0.0,9.0,1.0,2.0,0.0,0.0
portugal,OPG199,EBC-08791,,16.0,,0.0,,5.0,,8.0,,0.0,,0.0,,1.0,,0.0,,0.0,,14.0,-14.0,-8.0,-5.0,0.0,0.0,-1.0,0.0,0.0,0.0
portugal,OPG199,EBC-08908,29.0,,7.0,,85.0,,106.0,,0.0,,0.0,,0.0,,7.0,,0.0,,205.0,,205.0,106.0,85.0,0.0,7.0,0.0,0.0,7.0,0.0
portugal,OPG199,EBC-08915,24.0,,0.0,,55.0,,138.0,,0.0,,2.0,,0.0,,13.0,,0.0,,208.0,,208.0,138.0,55.0,0.0,13.0,0.0,2.0,0.0,0.0
portugal,OPG199,EBC-09029,40.0,,17.0,,69.0,,89.0,,0.0,,2.0,,0.0,,19.0,,0.0,,196.0,,196.0,89.0,69.0,0.0,19.0,0.0,2.0,17.0,0.0
portugal,OPG199,EBC-09041,,2.0,,0.0,,3.0,,4.0,,0.0,,0.0,,1.0,,0.0,,0.0,,8.0,-8.0,-4.0,-3.0,0.0,0.0,-1.0,0.0,0.0,0.0
portugal,OPG199,EBC-09060,99.0,,0.0,,130.0,,117.0,,0.0,,2.0,,0.0,,18.0,,0.0,,267.0,,267.0,117.0,130.0,0.0,18.0,0.0,2.0,0.0,0.0
portugal,OPG199,EBC-09079,,41.0,,0.0,,2.0,,9.0,,0.0,,0.0,,0.0,,0.0,,0.0,,11.0,-11.0,-9.0,-2.0,0.0,0.0,0.0,0.0,0.0,0.0
portugal,OPG199,EBC-09202,45.0,,2.0,,98.0,,125.0,,0.0,,0.0,,0.0,,14.0,,0.0,,239.0,,239.0,125.0,98.0,0.0,14.0,0.0,0.0,2.0,0.0
portugal,OPG199,EBC-09220,83.0,,0.0,,44.0,,112.0,,0.0,,1.0,,0.0,,11.0,,0.0,,168.0,,168.0,112.0,44.0,0.0,11.0,0.0,1.0,0.0,0.0
portugal,OPG199,EBC-102119,30.0,,0.0,,183.0,,77.0,,0.0,,3.0,,0.0,,6.0,,0.0,,269.0,,269.0,77.0,183.0,0.0,6.0,0.0,3.0,0.0,0.0
portugal,OPG199,EBC-11226,,64.0,,1.0,,3.0,,0.0,,0.0,,0.0,,0.0,,2.0,,0.0,,6.0,-6.0,0.0,-3.0,0.0,-2.0,0.0,0.0,-1.0,0.0
portugal,OPG199,EBC-11230,82.0,,0.0,,99.0,,173.0,,0.0,,1.0,,0.0,,24.0,,0.0,,297.0,,297.0,173.0,99.0,0.0,24.0,0.0,1.0,0.0,0.0
portugal,OPG199,EBC-11260,27.0,,0.0,,94.0,,94.0,,0.0,,3.0,,0.0,,16.0,,0.0,,207.0,,207.0,94.0,94.0,0.0,16.0,0.0,3.0,0.0,0.0
portugal,OPG199,EBC-11281,44.0,,30.0,,55.0,,80.0,,0.0,,0.0,,0.0,,7.0,,0.0,,172.0,,172.0,80.0,55.0,0.0,7.0,0.0,0.0,30.0,0.0
portugal,OPG199,EBC-11364,14.0,,14.0,,94.0,,82.0,,0.0,,0.0,,0.0,,20.0,,0.0,,210.0,,210.0,82.0,94.0,0.0,20.0,0.0,0.0,14.0,0.0
portugal,OPG199,EBC-11384,92.0,33.0,2.0,0.0,112.0,2.0,113.0,8.0,0.0,0.0,1.0,0.0,0.0,0.0,18.0,0.0,0.0,0.0,246.0,10.0,236.0,105.0,110.0,0.0,18.0,0.0,1.0,2.0,0.0
portugal,OPG199,EBC-11433,15.0,,9.0,,118.0,,107.0,,0.0,,0.0,,0.0,,22.0,,0.0,,256.0,,256.0,107.0,118.0,0.0,22.0,0.0,0.0,9.0,0.0
portugal,OPG199,EBC-118033,89.0,,5.0,,88.0,,84.0,,0.0,,1.0,,2.0,,16.0,,0.0,,196.0,,196.0,84.0,88.0,0.0,16.0,2.0,1.0,5.0,0.0
portugal,OPG199,EBC-12035,17.0,,0.0,,109.0,,76.0,,0.0,,0.0,,0.0,,0.0,,0.0,,185.0,,185.0,76.0,109.0,0.0,0.0,0.0,0.0,0.0,0.0
portugal,OPG199,EBC-12821,41.0,,0.0,,120.0,,97.0,,0.0,,1.0,,1.0,,26.0,,0.0,,245.0,,245.0,97.0,120.0,0.0,26.0,1.0,1.0,0.0,0.0
portugal,OPG199,EBC-12884,,61.0,,0.0,,1.0,,1.0,,0.0,,0.0,,0.0,,0.0,,0.0,,2.0,-2.0,-1.0,-1.0,0.0,0.0,0.0,0.0,0.0,0.0
portugal,OPG199,EBC-13064,76.0,,12.0,,77.0,,110.0,,0.0,,1.0,,0.0,,21.0,,0.0,,221.0,,221.0,110.0,77.0,0.0,21.0,0.0,1.0,12.0,0.0
portugal,OPG199,EBC-13071,60.0,,0.0,,75.0,,136.0,,0.0,,1.0,,0.0,,0.0,,0.0,,212.0,,212.0,136.0,75.0,0.0,0.0,0.0,1.0,0.0,0.0
portugal,OPG199,EBC-131022,56.0,,9.0,,92.0,,98.0,,0.0,,0.0,,1.0,,19.0,,0.0,,219.0,,219.0,98.0,92.0,0.0,19.0,1.0,0.0,9.0,0.0
portugal,OPG199,EBC-13120,66.0,,0.0,,99.0,,100.0,,0.0,,0.0,,1.0,,14.0,,0.0,,214.0,,214.0,100.0,99.0,0.0,14.0,1.0,0.0,0.0,0.0
portugal,OPG199,EBC-13353,98.0,,9.0,,73.0,,94.0,,0.0,,0.0,,0.0,,12.0,,0.0,,188.0,,188.0,94.0,73.0,0.0,12.0,0.0,0.0,9.0,0.0
portugal,OPG199,EBC-13402,,93.0,,0.0,,4.0,,2.0,,0.0,,0.0,,0.0,,0.0,,0.0,,6.0,-6.0,-2.0,-4.0,0.0,0.0,0.0,0.0,0.0,0.0
portugal,OPG199,EBC-13472,72.0,,6.0,,134.0,,90.0,,0.0,,0.0,,0.0,,19.0,,0.0,,249.0,,249.0,90.0,134.0,0.0,19.0,0.0,0.0,6.0,0.0
portugal,OPG199,EBC-13607,2.0,,0.0,,92.0,,162.0,,0.0,,1.0,,0.0,,29.0,,0.0,,284.0,,284.0,162.0,92.0,0.0,29.0,0.0,1.0,0.0,0.0
portugal,OPG199,EBC-14020,81.0,,3.0,,62.0,,134.0,,0.0,,1.0,,1.0,,7.0,,0.0,,208.0,,208.0,134.0,62.0,0.0,7.0,1.0,1.0,3.0,0.0
portugal,OPG199,EBC-14214,75.0,,5.0,,61.0,,164.0,,0.0,,0.0,,0.0,,9.0,,0.0,,239.0,,239.0,164.0,61.0,0.0,9.0,0.0,0.0,5.0,0.0
portugal,OPG199,EBC-14345,,58.0,,0.0,,5.0,,12.0,,0.0,,0.0,,0.0,,0.0,,0.0,,17.0,-17.0,-12.0,-5.0,0.0,0.0,0.0,0.0,0.0,0.0
portugal,OPG199,EBC-144099,86.0,,5.0,,96.0,,102.0,,0.0,,2.0,,1.0,,8.0,,0.0,,214.0,,214.0,102.0,96.0,0.0,8.0,1.0,2.0,5.0,0.0
portugal,OPG199,EBC-14506,,14.0,,0.0,,2.0,,0.0,,2.0,,0.0,,0.0,,1.0,,0.0,,5.0,-5.0,0.0,-2.0,0.0,-1.0,0.0,0.0,0.0,-2.0
portugal,OPG199,EBC-145225,,10.0,,0.0,,1.0,,11.0,,0.0,,0.0,,1.0,,0.0,,0.0,,13.0,-13.0,-11.0,-1.0,0.0,0.0,-1.0,0.0,0.0,0.0
portugal,OPG199,EBC-145226,62.0,,0.0,,104.0,,121.0,,0.0,,2.0,,3.0,,15.0,,0.0,,245.0,,245.0,121.0,104.0,0.0,15.0,3.0,2.0,0.0,0.0
portugal,OPG199,EBC-149073,85.0,,0.0,,69.0,,128.0,,0.0,,1.0,,0.0,,15.0,,0.0,,213.0,,213.0,128.0,69.0,0.0,15.0,0.0,1.0,0.0,0.0
portugal,OPG199,EBC-149094,34.0,,0.0,,52.0,,126.0,,0.0,,0.0,,0.0,,16.0,,0.0,,194.0,,194.0,126.0,52.0,0.0,16.0,0.0,0.0,0.0,0.0
portugal,OPG199,EBC-151040,,76.0,,0.0,,0.0,,1.0,,0.0,,0.0,,0.0,,0.0,,0.0,,1.0,-1.0,-1.0,0.0,0.0,0.0,0.0,0.0,0.0,0.0
portugal,OPG199,EBC-155063,,88.0,,0.0,,3.0,,2.0,,0.0,,0.0,,0.0,,0.0,,0.0,,5.0,-5.0,-2.0,-3.0,0.0,0.0,0.0,0.0,0.0,0.0
portugal,OPG199,EBC-157073,35.0,,0.0,,49.0,,166.0,,0.0,,1.0,,0.0,,9.0,,0.0,,225.0,,225.0,166.0,49.0,0.0,9.0,0.0,1.0,0.0,0.0
portugal,OPG199,EBC-157209,55.0,,0.0,,77.0,,139.0,,0.0,,4.0,,1.0,,11.0,,0.0,,232.0,,232.0,139.0,77.0,0.0,11.0,1.0,4.0,0.0,0.0
portugal,OPG199,EBC-157212,33.0,,0.0,,100.0,,129.0,,0.0,,1.0,,0.0,,7.0,,0.0,,237.0,,237.0,129.0,100.0,0.0,7.0,0.0,1.0,0.0,0.0
portugal,OPG199,EBC-157218,,57.0,,0.0,,5.0,,7.0,,0.0,,0.0,,0.0,,0.0,,0.0,,12.0,-12.0,-7.0,-5.0,0.0,0.0,0.0,0.0,0.0,0.0
portugal,OPG199,EBC-157222,94.0,,0.0,,56.0,,101.0,,0.0,,0.0,,0.0,,1.0,,0.0,,158.0,,158.0,101.0,56.0,0.0,1.0,0.0,0.0,0.0,0.0
portugal,OPG199,EBC-157241,21.0,,6.0,,93.0,,98.0,,0.0,,2.0,,1.0,,22.0,,0.0,,222.0,,222.0,98.0,93.0,0.0,22.0,1.0,2.0,6.0,0.0
portugal,OPG199,EBC-157249,59.0,,0.0,,87.0,,105.0,,0.0,,1.0,,1.0,,22.0,,0.0,,216.0,,216.0,105.0,87.0,0.0,22.0,1.0,1.0,0.0,0.0
portugal,OPG199,EBC-159031,,36.0,,0.0,,3.0,,9.0,,0.0,,0.0,,0.0,,0.0,,0.0,,12.0,-12.0,-9.0,-3.0,0.0,0.0,0.0,0.0,0.0,0.0
portugal,OPG199,EBC-160036,4.0,,1.0,,60.0,,109.0,,0.0,,0.0,,0.0,,8.0,,0.0,,178.0,,178.0,109.0,60.0,0.0,8.0,0.0,0.0,1.0,0.0
portugal,OPG199,EBC-216028,12.0,,0.0,,70.0,,143.0,,0.0,,0.0,,0.0,,10.0,,0.0,,223.0,,223.0,143.0,70.0,0.0,10.0,0.0,0.0,0.0,0.0
portugal,OPG199,EBC-217022,7.0,,9.0,,78.0,,93.0,,0.0,,0.0,,0.0,,18.0,,0.0,,198.0,,198.0,93.0,78.0,0.0,18.0,0.0,0.0,9.0,0.0
portugal,OPG199,EBC-218037,51.0,,0.0,,53.0,,68.0,,0.0,,0.0,,0.0,,14.0,,0.0,,135.0,,135.0,68.0,53.0,0.0,14.0,0.0,0.0,0.0,0.0
portugal,OPG199,EBC-218043,1.0,,0.0,,93.0,,145.0,,0.0,,2.0,,1.0,,21.0,,0.0,,262.0,,262.0,145.0,93.0,0.0,21.0,1.0,2.0,0.0,0.0
portugal,OPG199,EBC-221084,79.0,,0.0,,115.0,,86.0,,0.0,,2.0,,0.0,,32.0,,0.0,,235.0,,235.0,86.0,115.0,0.0,32.0,0.0,2.0,0.0,0.0
portugal,OPG199,EBC-230024,,1.0,,0.0,,2.0,,7.0,,0.0,,0.0,,0.0,,1.0,,0.0,,10.0,-10.0,-7.0,-2.0,0.0,-1.0,0.0,0.0,0.0,0.0
portugal,OPG199,EBC-23629,57.0,,0.0,,54.0,,105.0,,0.0,,0.0,,0.0,,4.0,,0.0,,163.0,,163.0,105.0,54.0,0.0,4.0,0.0,0.0,0.0,0.0
portugal,OPG199,EBC-251173,67.0,,0.0,,97.0,,120.0,,0.0,,2.0,,0.0,,21.0,,0.0,,240.0,,240.0,120.0,97.0,0.0,21.0,0.0,2.0,0.0,0.0
portugal,OPG199,EBC-252090,,9.0,,0.0,,4.0,,3.0,,0.0,,0.0,,1.0,,0.0,,0.0,,8.0,-8.0,-3.0,-4.0,0.0,0.0,-1.0,0.0,0.0,0.0
portugal,OPG199,EBC-252093,42.0,,0.0,,80.0,,91.0,,0.0,,0.0,,0.0,,18.0,,0.0,,189.0,,189.0,91.0,80.0,0.0,18.0,0.0,0.0,0.0,0.0
portugal,OPG199,EBC-252122,13.0,,7.0,,91.0,,129.0,,0.0,,1.0,,0.0,,22.0,,0.0,,250.0,,250.0,129.0,91.0,0.0,22.0,0.0,1.0,7.0,0.0
portugal,OPG199,EBC-252141,71.0,,0.0,,98.0,,86.0,,0.0,,1.0,,1.0,,20.0,,0.0,,206.0,,206.0,86.0,98.0,0.0,20.0,1.0,1.0,0.0,0.0
portugal,OPG199,EBC-253291,87.0,,0.0,,67.0,,123.0,,0.0,,0.0,,1.0,,20.0,,0.0,,211.0,,211.0,123.0,67.0,0.0,20.0,1.0,0.0,0.0,0.0
portugal,OPG199,EBC-26152,,90.0,,0.0,,2.0,,2.0,,0.0,,0.0,,0.0,,0.0,,0.0,,4.0,-4.0,-2.0,-2.0,0.0,0.0,0.0,0.0,0.0,0.0
portugal,OPG199,EBC-26171,,99.0,,0.0,,5.0,,0.0,,0.0,,0.0,,0.0,,1.0,,0.0,,6.0,-6.0,0.0,-5.0,0.0,-1.0,0.0,0.0,0.0,0.0
portugal,OPG199,EBC-26180,,91.0,,0.0,,4.0,,0.0,,0.0,,0.0,,0.0,,0.0,,0.0,,4.0,-4.0,0.0,-4.0,0.0,0.0,0.0,0.0,0.0,0.0
portugal,OPG199,EBC-27042,37.0,,7.0,,101.0,,58.0,,0.0,,2.0,,0.0,,25.0,,0.0,,193.0,,193.0,58.0,101.0,0.0,25.0,0.0,2.0,7.0,0.0
portugal,OPG199,EBC-27122,97.0,,11.0,,105.0,,58.0,,0.0,,1.0,,0.0,,14.0,,0.0,,189.0,,189.0,58.0,105.0,0.0,14.0,0.0,1.0,11.0,0.0
portugal,OPG199,EBC-27265,6.0,,8.0,,39.0,,111.0,,0.0,,2.0,,3.0,,0.0,,0.0,,163.0,,163.0,111.0,39.0,0.0,0.0,3.0,2.0,8.0,0.0
portugal,OPG199,EBC-27345,8.0,,16.0,,58.0,,101.0,,0.0,,1.0,,0.0,,0.0,,0.0,,176.0,,176.0,101.0,58.0,0.0,0.0,0.0,1.0,16.0,0.0
portugal,OPG199,EBC-27367,26.0,,16.0,,102.0,,100.0,,0.0,,1.0,,0.0,,33.0,,0.0,,252.0,,252.0,100.0,102.0,0.0,33.0,0.0,1.0,16.0,0.0
portugal,OPG199,EBC-27428,10.0,,0.0,,109.0,,104.0,,0.0,,0.0,,1.0,,33.0,,0.0,,247.0,,247.0,104.0,109.0,0.0,33.0,1.0,0.0,0.0,0.0
portugal,OPG199,EBC-278047,,85.0,,0.0,,3.0,,1.0,,0.0,,0.0,,0.0,,0.0,,0.0,,4.0,-4.0,-1.0,-3.0,0.0,0.0,0.0,0.0,0.0,0.0
portugal,OPG199,EBC-280050,,87.0,,0.0,,1.0,,1.0,,2.0,,0.0,,0.0,,0.0,,0.0,,4.0,-4.0,-1.0,-1.0,0.0,0.0,0.0,0.0,0.0,-2.0
portugal,OPG199,EBC-28055,,56.0,,0.0,,3.0,,0.0,,2.0,,0.0,,0.0,,0.0,,0.0,,5.0,-5.0,0.0,-3.0,0.0,0.0,0.0,0.0,0.0,-2.0
portugal,OPG199,EBC-28059,,54.0,,0.0,,6.0,,8.0,,0.0,,0.0,,1.0,,0.0,,0.0,,15.0,-15.0,-8.0,-6.0,0.0,0.0,-1.0,0.0,0.0,0.0
portugal,OPG199,EBC-286055,80.0,,0.0,,109.0,,116.0,,0.0,,0.0,,0.0,,33.0,,0.0,,258.0,,258.0,116.0,109.0,0.0,33.0,0.0,0.0,0.0,0.0
portugal,OPG199,EBC-287042,28.0,,0.0,,74.0,,140.0,,0.0,,1.0,,0.0,,14.0,,0.0,,229.0,,229.0,140.0,74.0,0.0,14.0,0.0,1.0,0.0,0.0
portugal,OPG199,EBC-287052,22.0,,0.0,,77.0,,128.0,,0.0,,3.0,,1.0,,14.0,,0.0,,223.0,,223.0,128.0,77.0,0.0,14.0,1.0,3.0,0.0,0.0
portugal,OPG199,EBC-287064,93.0,,0.0,,49.0,,152.0,,0.0,,3.0,,2.0,,10.0,,0.0,,216.0,,216.0,152.0,49.0,0.0,10.0,2.0,3.0,0.0,0.0
portugal,OPG199,EBC-287070,16.0,,0.0,,62.0,,156.0,,0.0,,0.0,,0.0,,6.0,,0.0,,224.0,,224.0,156.0,62.0,0.0,6.0,0.0,0.0,0.0,0.0
portugal,OPG199,EBC-287104,90.0,,0.0,,40.0,,152.0,,0.0,,2.0,,1.0,,13.0,,0.0,,208.0,,208.0,152.0,40.0,0.0,13.0,1.0,2.0,0.0,0.0
portugal,OPG199,EBC-288044,88.0,,0.0,,44.0,,139.0,,0.0,,1.0,,1.0,,11.0,,0.0,,196.0,,196.0,139.0,44.0,0.0,11.0,1.0,1.0,0.0,0.0
portugal,OPG199,EBC-289112,32.0,,0.0,,53.0,,134.0,,0.0,,0.0,,2.0,,9.0,,0.0,,198.0,,198.0,134.0,53.0,0.0,9.0,2.0,0.0,0.0,0.0
portugal,OPG199,EBC-290041,18.0,,3.0,,191.0,,108.0,,0.0,,4.0,,1.0,,30.0,,0.0,,337.0,,337.0,108.0,191.0,0.0,30.0,1.0,4.0,3.0,0.0
portugal,OPG199,EBC-291056,43.0,,0.0,,54.0,,123.0,,0.0,,2.0,,1.0,,15.0,,0.0,,195.0,,195.0,123.0,54.0,0.0,15.0,1.0,2.0,0.0,0.0
portugal,OPG199,EBC-291159,84.0,,0.0,,57.0,,153.0,,0.0,,0.0,,1.0,,13.0,,0.0,,224.0,,224.0,153.0,57.0,0.0,13.0,1.0,0.0,0.0,0.0
portugal,OPG199,EBC-292060,65.0,,8.0,,45.0,,127.0,,0.0,,2.0,,0.0,,14.0,,0.0,,196.0,,196.0,127.0,45.0,0.0,14.0,0.0,2.0,8.0,0.0
portugal,OPG199,EBC-30021,,65.0,,0.0,,4.0,,0.0,,0.0,,0.0,,0.0,,1.0,,0.0,,5.0,-5.0,0.0,-4.0,0.0,-1.0,0.0,0.0,0.0,0.0
portugal,OPG199,EBC-303249,,40.0,,1.0,,3.0,,8.0,,0.0,,0.0,,0.0,,0.0,,0.0,,12.0,-12.0,-8.0,-3.0,0.0,0.0,0.0,0.0,-1.0,0.0
portugal,OPG199,EBC-303262,,25.0,,0.0,,3.0,,13.0,,0.0,,0.0,,2.0,,0.0,,0.0,,18.0,-18.0,-13.0,-3.0,0.0,0.0,-2.0,0.0,0.0,0.0
portugal,OPG199,EBC-306048,63.0,,11.0,,111.0,,68.0,,0.0,,0.0,,0.0,,6.0,,0.0,,196.0,,196.0,68.0,111.0,0.0,6.0,0.0,0.0,11.0,0.0
portugal,OPG199,EBC-309072,49.0,,1.0,,117.0,,97.0,,0.0,,2.0,,0.0,,29.0,,0.0,,246.0,,246.0,97.0,117.0,0.0,29.0,0.0,2.0,1.0,0.0
portugal,OPG199,EBC-313053,,6.0,,0.0,,3.0,,9.0,,0.0,,0.0,,0.0,,0.0,,0.0,,12.0,-12.0,-9.0,-3.0,0.0,0.0,0.0,0.0,0.0,0.0
portugal,OPG199,EBC-331062,,5.0,,0.0,,2.0,,13.0,,0.0,,0.0,,3.0,,0.0,,0.0,,18.0,-18.0,-13.0,-2.0,0.0,0.0,-3.0,0.0,0.0,0.0
portugal,OPG199,EBC-365075,,15.0,,0.0,,3.0,,1.0,,0.0,,0.0,,0.0,,0.0,,0.0,,4.0,-4.0,-1.0,-3.0,0.0,0.0,0.0,0.0,0.0,0.0
portugal,OPG199,EBC-44165,58.0,,0.0,,89.0,,69.0,,0.0,,2.0,,0.0,,12.0,,0.0,,172.0,,172.0,69.0,89.0,0.0,12.0,0.0,2.0,0.0,0.0
portugal,OPG199,EBC-44192,,86.0,,0.0,,0.0,,1.0,,0.0,,0.0,,0.0,,0.0,,0.0,,1.0,-1.0,-1.0,0.0,0.0,0.0,0.0,0.0,0.0,0.0
portugal,OPG199,EBC-44358,64.0,,6.0,,108.0,,77.0,,0.0,,1.0,,0.0,,16.0,,0.0,,208.0,,208.0,77.0,108.0,0.0,16.0,0.0,1.0,6.0,0.0
portugal,OPG199,EBC-46024,36.0,,0.0,,116.0,,101.0,,0.0,,0.0,,0.0,,22.0,,0.0,,239.0,,239.0,101.0,116.0,0.0,22.0,0.0,0.0,0.0,0.0
portugal,OPG199,EBC-46057,3.0,,0.0,,64.0,,170.0,,0.0,,0.0,,0.0,,7.0,,0.0,,241.0,,241.0,170.0,64.0,0.0,7.0,0.0,0.0,0.0,0.0
portugal,OPG199,EBC-46099,100.0,,13.0,,78.0,,71.0,,0.0,,2.0,,1.0,,8.0,,0.0,,173.0,,173.0,71.0,78.0,0.0,8.0,1.0,2.0,13.0,0.0
portugal,OPG199,EBC-46286,39.0,,0.0,,109.0,,111.0,,0.0,,1.0,,2.0,,21.0,,0.0,,244.0,,244.0,111.0,109.0,0.0,21.0,2.0,1.0,0.0,0.0
portugal,OPG199,EBC-46294,25.0,,1.0,,189.0,,120.0,,0.0,,2.0,,2.0,,34.0,,0.0,,348.0,,348.0,120.0,189.0,0.0,34.0,2.0,2.0,1.0,0.0
portugal,OPG199,EBC-47094,53.0,,3.0,,52.0,,94.0,,0.0,,2.0,,0.0,,6.0,,0.0,,157.0,,157.0,94.0,52.0,0.0,6.0,0.0,2.0,3.0,0.0
portugal,OPG199,EBC-47119,96.0,,0.0,,135.0,,107.0,,0.0,,2.0,,1.0,,41.0,,0.0,,286.0,,286.0,107.0,135.0,0.0,41.0,1.0,2.0,0.0,0.0
portugal,OPG199,EBC-47179,,29.0,,0.0,,3.0,,1.0,,0.0,,0.0,,0.0,,0.0,,0.0,,4.0,-4.0,-1.0,-3.0,0.0,0.0,0.0,0.0,0.0,0.0
portugal,OPG199,EBC-47241,,89.0,,2.0,,4.0,,1.0,,0.0,,0.0,,0.0,,0.0,,0.0,,7.0,-7.0,-1.0,-4.0,0.0,0.0,0.0,0.0,-2.0,0.0
portugal,OPG199,EBC-48064,,98.0,,0.0,,6.0,,0.0,,0.0,,0.0,,0.0,,1.0,,0.0,,7.0,-7.0,0.0,-6.0,0.0,-1.0,0.0,0.0,0.0,0.0
portugal,OPG199,EBC-48186,9.0,,7.0,,58.0,,100.0,,0.0,,3.0,,0.0,,1.0,,0.0,,169.0,,169.0,100.0,58.0,0.0,1.0,0.0,3.0,7.0,0.0
portugal,OPG199,EBC-50088,77.0,,0.0,,70.0,,91.0,,0.0,,0.0,,0.0,,15.0,,0.0,,176.0,,176.0,91.0,70.0,0.0,15.0,0.0,0.0,0.0,0.0
portugal,OPG199,EBC-53021,50.0,,5.0,,95.0,,72.0,,0.0,,2.0,,0.0,,19.0,,0.0,,193.0,,193.0,72.0,95.0,0.0,19.0,0.0,2.0,5.0,0.0
portugal,OPG199,EBC-53052,47.0,,12.0,,101.0,,40.0,,0.0,,2.0,,0.0,,21.0,,0.0,,176.0,,176.0,40.0,101.0,0.0,21.0,0.0,2.0,12.0,0.0
portugal,OPG199,EBC-54045,23.0,,2.0,,121.0,,92.0,,0.0,,2.0,,1.0,,28.0,,0.0,,246.0,,246.0,92.0,121.0,0.0,28.0,1.0,2.0,2.0,0.0
portugal,OPG199,EBC-63033,,11.0,,0.0,,3.0,,8.0,,0.0,,0.0,,1.0,,0.0,,0.0,,12.0,-12.0,-8.0,-3.0,0.0,0.0,-1.0,0.0,0.0,0.0
portugal,OPG199,EBC-63078,,60.0,,1.0,,3.0,,7.0,,0.0,,0.0,,0.0,,0.0,,0.0,,11.0,-11.0,-7.0,-3.0,0.0,0.0,0.0,0.0,-1.0,0.0
portugal,OPG199,EBC-63089,5.0,,4.0,,160.0,,103.0,,0.0,,2.0,,1.0,,34.0,,0.0,,304.0,,304.0,103.0,160.0,0.0,34.0,1.0,2.0,4.0,0.0
portugal,OPG199,EBC-66021,61.0,,0.0,,52.0,,109.0,,0.0,,2.0,,1.0,,13.0,,0.0,,177.0,,177.0,109.0,52.0,0.0,13.0,1.0,2.0,0.0,0.0
portugal,OPG199,EBC-84050,38.0,,4.0,,109.0,,100.0,,0.0,,2.0,,2.0,,35.0,,0.0,,252.0,,252.0,100.0,109.0,0.0,35.0,2.0,2.0,4.0,0.0
ref,OPG027,EBC-00569,,60.0,,0.0,,2.0,,4.0,,0.0,,0.0,,0.0,,0.0,,0.0,,6.0,-6.0,-4.0,-2.0,0.0,0.0,0.0,0.0,0.0,0.0
ref,OPG027,EBC-00606,,27.0,,0.0,,2.0,,3.0,,0.0,,0.0,,0.0,,0.0,,0.0,,5.0,-5.0,-3.0,-2.0,0.0,0.0,0.0,0.0,0.0,0.0
ref,OPG027,EBC-00645,71.0,,14.0,,45.0,,94.0,,0.0,,3.0,,6.0,,6.0,,0.0,,168.0,,168.0,94.0,45.0,0.0,6.0,6.0,3.0,14.0,0.0
ref,OPG027,EBC-00649,55.0,,7.0,,40.0,,106.0,,0.0,,1.0,,2.0,,3.0,,0.0,,159.0,,159.0,106.0,40.0,0.0,3.0,2.0,1.0,7.0,0.0
ref,OPG027,EBC-00662,,50.0,,0.0,,2.0,,2.0,,0.0,,0.0,,0.0,,0.0,,0.0,,4.0,-4.0,-2.0,-2.0,0.0,0.0,0.0,0.0,0.0,0.0
ref,OPG027,EBC-00696,14.0,,2.0,,41.0,,146.0,,0.0,,0.0,,7.0,,4.0,,0.0,,200.0,,200.0,146.0,41.0,0.0,4.0,7.0,0.0,2.0,0.0
ref,OPG027,EBC-00711,94.0,,0.0,,15.0,,149.0,,0.0,,1.0,,1.0,,12.0,,0.0,,178.0,,178.0,149.0,15.0,0.0,12.0,1.0,1.0,0.0,0.0
ref,OPG027,EBC-00713,,57.0,,0.0,,2.0,,3.0,,0.0,,0.0,,0.0,,0.0,,0.0,,5.0,-5.0,-3.0,-2.0,0.0,0.0,0.0,0.0,0.0,0.0
ref,OPG027,EBC-02079,63.0,,0.0,,47.0,,90.0,,0.0,,2.0,,3.0,,18.0,,0.0,,160.0,,160.0,90.0,47.0,0.0,18.0,3.0,2.0,0.0,0.0
ref,OPG027,EBC-03034,,95.0,,0.0,,2.0,,0.0,,0.0,,0.0,,0.0,,0.0,,0.0,,2.0,-2.0,0.0,-2.0,0.0,0.0,0.0,0.0,0.0,0.0
ref,OPG027,EBC-03043,,20.0,,0.0,,1.0,,0.0,,0.0,,1.0,,0.0,,0.0,,0.0,,2.0,-2.0,0.0,-1.0,0.0,0.0,0.0,-1.0,0.0,0.0
ref,OPG027,EBC-03068,,13.0,,0.0,,2.0,,4.0,,0.0,,0.0,,0.0,,0.0,,0.0,,6.0,-6.0,-4.0,-2.0,0.0,0.0,0.0,0.0,0.0,0.0
ref,OPG027,EBC-03080,,1.0,,0.0,,2.0,,2.0,,0.0,,0.0,,0.0,,0.0,,0.0,,4.0,-4.0,-2.0,-2.0,0.0,0.0,0.0,0.0,0.0,0.0
ref,OPG027,EBC-03107,,37.0,,0.0,,1.0,,3.0,,0.0,,0.0,,0.0,,0.0,,0.0,,4.0,-4.0,-3.0,-1.0,0.0,0.0,0.0,0.0,0.0,0.0
ref,OPG027,EBC-03137,,36.0,,0.0,,1.0,,3.0,,0.0,,0.0,,0.0,,0.0,,0.0,,4.0,-4.0,-3.0,-1.0,0.0,0.0,0.0,0.0,0.0,0.0
ref,OPG027,EBC-03141,,47.0,,0.0,,1.0,,3.0,,0.0,,0.0,,0.0,,0.0,,0.0,,4.0,-4.0,-3.0,-1.0,0.0,0.0,0.0,0.0,0.0,0.0
ref,OPG027,EBC-03144,,2.0,,0.0,,4.0,,3.0,,0.0,,0.0,,0.0,,0.0,,0.0,,7.0,-7.0,-3.0,-4.0,0.0,0.0,0.0,0.0,0.0,0.0
ref,OPG027,EBC-03154,,44.0,,0.0,,3.0,,3.0,,0.0,,0.0,,0.0,,0.0,,0.0,,6.0,-6.0,-3.0,-3.0,0.0,0.0,0.0,0.0,0.0,0.0
ref,OPG027,EBC-03163,,7.0,,0.0,,2.0,,2.0,,0.0,,0.0,,0.0,,0.0,,0.0,,4.0,-4.0,-2.0,-2.0,0.0,0.0,0.0,0.0,0.0,0.0
ref,OPG027,EBC-03164,,52.0,,0.0,,1.0,,2.0,,0.0,,0.0,,0.0,,0.0,,0.0,,3.0,-3.0,-2.0,-1.0,0.0,0.0,0.0,0.0,0.0,0.0
ref,OPG027,EBC-03209,,14.0,,0.0,,2.0,,2.0,,0.0,,0.0,,0.0,,0.0,,0.0,,4.0,-4.0,-2.0,-2.0,0.0,0.0,0.0,0.0,0.0,0.0
ref,OPG027,EBC-03215,,53.0,,0.0,,1.0,,1.0,,0.0,,0.0,,0.0,,0.0,,0.0,,2.0,-2.0,-1.0,-1.0,0.0,0.0,0.0,0.0,0.0,0.0
ref,OPG027,EBC-03229,,10.0,,0.0,,3.0,,1.0,,0.0,,0.0,,0.0,,0.0,,0.0,,4.0,-4.0,-1.0,-3.0,0.0,0.0,0.0,0.0,0.0,0.0
ref,OPG027,EBC-03244,,4.0,,0.0,,2.0,,2.0,,0.0,,0.0,,0.0,,0.0,,0.0,,4.0,-4.0,-2.0,-2.0,0.0,0.0,0.0,0.0,0.0,0.0
ref,OPG027,EBC-03270,,67.0,,0.0,,3.0,,3.0,,0.0,,0.0,,0.0,,0.0,,0.0,,6.0,-6.0,-3.0,-3.0,0.0,0.0,0.0,0.0,0.0,0.0
ref,OPG027,EBC-03271,,86.0,,0.0,,1.0,,0.0,,0.0,,0.0,,0.0,,0.0,,0.0,,1.0,-1.0,0.0,-1.0,0.0,0.0,0.0,0.0,0.0,0.0
ref,OPG027,EBC-03367,,15.0,,0.0,,3.0,,1.0,,0.0,,0.0,,0.0,,0.0,,0.0,,4.0,-4.0,-1.0,-3.0,0.0,0.0,0.0,0.0,0.0,0.0
ref,OPG027,EBC-03375,,54.0,,0.0,,1.0,,4.0,,0.0,,0.0,,0.0,,0.0,,0.0,,5.0,-5.0,-4.0,-1.0,0.0,0.0,0.0,0.0,0.0,0.0
ref,OPG027,EBC-03563,,55.0,,0.0,,2.0,,0.0,,0.0,,0.0,,0.0,,0.0,,0.0,,2.0,-2.0,0.0,-2.0,0.0,0.0,0.0,0.0,0.0,0.0
ref,OPG027,EBC-03569,,100.0,,0.0,,1.0,,1.0,,0.0,,0.0,,0.0,,0.0,,0.0,,2.0,-2.0,-1.0,-1.0,0.0,0.0,0.0,0.0,0.0,0.0
ref,OPG027,EBC-03838,6.0,,0.0,,22.0,,142.0,,0.0,,2.0,,3.0,,0.0,,0.0,,169.0,,169.0,142.0,22.0,0.0,0.0,3.0,2.0,0.0,0.0
ref,OPG027,EBC-03839,54.0,,0.0,,62.0,,123.0,,0.0,,0.0,,2.0,,2.0,,0.0,,189.0,,189.0,123.0,62.0,0.0,2.0,2.0,0.0,0.0,0.0
ref,OPG027,EBC-03852,42.0,,0.0,,38.0,,139.0,,0.0,,0.0,,3.0,,0.0,,0.0,,180.0,,180.0,139.0,38.0,0.0,0.0,3.0,0.0,0.0,0.0
ref,OPG027,EBC-03865,44.0,,0.0,,23.0,,178.0,,0.0,,0.0,,1.0,,0.0,,0.0,,202.0,,202.0,178.0,23.0,0.0,0.0,1.0,0.0,0.0,0.0
ref,OPG027,EBC-03989,,19.0,,0.0,,3.0,,2.0,,0.0,,0.0,,0.0,,2.0,,0.0,,7.0,-7.0,-2.0,-3.0,0.0,-2.0,0.0,0.0,0.0,0.0
ref,OPG027,EBC-04039,,89.0,,0.0,,3.0,,4.0,,0.0,,0.0,,0.0,,0.0,,0.0,,7.0,-7.0,-4.0,-3.0,0.0,0.0,0.0,0.0,0.0,0.0
ref,OPG027,EBC-04050,,39.0,,0.0,,4.0,,5.0,,0.0,,0.0,,0.0,,0.0,,0.0,,9.0,-9.0,-5.0,-4.0,0.0,0.0,0.0,0.0,0.0,0.0
ref,OPG027,EBC-04055,,70.0,,0.0,,3.0,,2.0,,0.0,,0.0,,0.0,,0.0,,0.0,,5.0,-5.0,-2.0,-3.0,0.0,0.0,0.0,0.0,0.0,0.0
ref,OPG027,EBC-04100,,11.0,,0.0,,1.0,,4.0,,0.0,,0.0,,0.0,,0.0,,0.0,,5.0,-5.0,-4.0,-1.0,0.0,0.0,0.0,0.0,0.0,0.0
ref,OPG027,EBC-04193,,64.0,,0.0,,2.0,,5.0,,0.0,,0.0,,0.0,,2.0,,0.0,,9.0,-9.0,-5.0,-2.0,0.0,-2.0,0.0,0.0,0.0,0.0
ref,OPG027,EBC-04248,87.0,,0.0,,56.0,,177.0,,0.0,,0.0,,0.0,,1.0,,0.0,,234.0,,234.0,177.0,56.0,0.0,1.0,0.0,0.0,0.0,0.0
ref,OPG027,EBC-04258,,78.0,,0.0,,0.0,,0.0,,0.0,,1.0,,0.0,,0.0,,0.0,,1.0,-1.0,0.0,0.0,0.0,0.0,0.0,-1.0,0.0,0.0
ref,OPG027,EBC-04299,,38.0,,0.0,,3.0,,2.0,,0.0,,0.0,,0.0,,0.0,,0.0,,5.0,-5.0,-2.0,-3.0,0.0,0.0,0.0,0.0,0.0,0.0
ref,OPG027,EBC-04358,,62.0,,0.0,,0.0,,0.0,,0.0,,1.0,,0.0,,0.0,,0.0,,1.0,-1.0,0.0,0.0,0.0,0.0,0.0,-1.0,0.0,0.0
ref,OPG027,EBC-04373,,61.0,,0.0,,0.0,,0.0,,0.0,,0.0,,0.0,,1.0,,0.0,,1.0,-1.0,0.0,0.0,0.0,-1.0,0.0,0.0,0.0,0.0
ref,OPG027,EBC-06061,46.0,,0.0,,82.0,,91.0,,0.0,,3.0,,1.0,,23.0,,0.0,,200.0,,200.0,91.0,82.0,0.0,23.0,1.0,3.0,0.0,0.0
ref,OPG027,EBC-06111,8.0,,0.0,,29.0,,129.0,,0.0,,0.0,,2.0,,0.0,,0.0,,160.0,,160.0,129.0,29.0,0.0,0.0,2.0,0.0,0.0,0.0
ref,OPG027,EBC-06154,,29.0,,0.0,,3.0,,1.0,,0.0,,0.0,,0.0,,0.0,,0.0,,4.0,-4.0,-1.0,-3.0,0.0,0.0,0.0,0.0,0.0,0.0
ref,OPG027,EBC-06163,,31.0,,0.0,,3.0,,1.0,,0.0,,0.0,,0.0,,0.0,,0.0,,4.0,-4.0,-1.0,-3.0,0.0,0.0,0.0,0.0,0.0,0.0
ref,OPG027,EBC-06263,,88.0,,0.0,,2.0,,0.0,,0.0,,0.0,,0.0,,0.0,,0.0,,2.0,-2.0,0.0,-2.0,0.0,0.0,0.0,0.0,0.0,0.0
ref,OPG027,EBC-06295,,45.0,,0.0,,1.0,,4.0,,0.0,,0.0,,0.0,,0.0,,0.0,,5.0,-5.0,-4.0,-1.0,0.0,0.0,0.0,0.0,0.0,0.0
ref,OPG027,EBC-06296,,77.0,,0.0,,1.0,,2.0,,0.0,,0.0,,0.0,,0.0,,0.0,,3.0,-3.0,-2.0,-1.0,0.0,0.0,0.0,0.0,0.0,0.0
ref,OPG027,EBC-06483,,84.0,,0.0,,3.0,,2.0,,0.0,,0.0,,0.0,,0.0,,0.0,,5.0,-5.0,-2.0,-3.0,0.0,0.0,0.0,0.0,0.0,0.0
ref,OPG027,EBC-06623,,18.0,,0.0,,4.0,,4.0,,0.0,,0.0,,0.0,,0.0,,0.0,,8.0,-8.0,-4.0,-4.0,0.0,0.0,0.0,0.0,0.0,0.0
ref,OPG027,EBC-06648,,3.0,,0.0,,3.0,,0.0,,0.0,,0.0,,2.0,,0.0,,0.0,,5.0,-5.0,0.0,-3.0,0.0,0.0,-2.0,0.0,0.0,0.0
ref,OPG027,EBC-06755,,69.0,,0.0,,2.0,,6.0,,0.0,,1.0,,0.0,,0.0,,0.0,,9.0,-9.0,-6.0,-2.0,0.0,0.0,0.0,-1.0,0.0,0.0
ref,OPG027,EBC-06762,,5.0,,0.0,,2.0,,4.0,,0.0,,0.0,,0.0,,0.0,,0.0,,6.0,-6.0,-4.0,-2.0,0.0,0.0,0.0,0.0,0.0,0.0
ref,OPG027,EBC-06810,,96.0,,0.0,,1.0,,4.0,,0.0,,0.0,,0.0,,0.0,,0.0,,5.0,-5.0,-4.0,-1.0,0.0,0.0,0.0,0.0,0.0,0.0
ref,OPG027,EBC-06903,40.0,,0.0,,59.0,,159.0,,0.0,,1.0,,1.0,,7.0,,0.0,,227.0,,227.0,159.0,59.0,0.0,7.0,1.0,1.0,0.0,0.0
ref,OPG027,EBC-06974,,97.0,,0.0,,3.0,,2.0,,0.0,,0.0,,0.0,,0.0,,0.0,,5.0,-5.0,-2.0,-3.0,0.0,0.0,0.0,0.0,0.0,0.0
ref,OPG027,EBC-07037,61.0,,0.0,,14.0,,165.0,,0.0,,0.0,,0.0,,1.0,,0.0,,180.0,,180.0,165.0,14.0,0.0,1.0,0.0,0.0,0.0,0.0
ref,OPG027,EBC-07080,99.0,,0.0,,106.0,,108.0,,0.0,,0.0,,2.0,,10.0,,0.0,,226.0,,226.0,108.0,106.0,0.0,10.0,2.0,0.0,0.0,0.0
ref,OPG027,EBC-07087,86.0,,0.0,,78.0,,109.0,,0.0,,1.0,,2.0,,10.0,,0.0,,200.0,,200.0,109.0,78.0,0.0,10.0,2.0,1.0,0.0,0.0
ref,OPG027,EBC-07144,,17.0,,0.0,,2.0,,1.0,,0.0,,0.0,,0.0,,0.0,,0.0,,3.0,-3.0,-1.0,-2.0,0.0,0.0,0.0,0.0,0.0,0.0
ref,OPG027,EBC-07249,37.0,,0.0,,35.0,,130.0,,0.0,,0.0,,6.0,,2.0,,0.0,,173.0,,173.0,130.0,35.0,0.0,2.0,6.0,0.0,0.0,0.0
ref,OPG027,EBC-07250,34.0,,0.0,,30.0,,142.0,,0.0,,0.0,,3.0,,0.0,,0.0,,175.0,,175.0,142.0,30.0,0.0,0.0,3.0,0.0,0.0,0.0
ref,OPG027,EBC-07301,91.0,,0.0,,24.0,,159.0,,0.0,,3.0,,1.0,,1.0,,0.0,,188.0,,188.0,159.0,24.0,0.0,1.0,1.0,3.0,0.0,0.0
ref,OPG027,EBC-07421,93.0,,2.0,,41.0,,115.0,,0.0,,0.0,,2.0,,0.0,,0.0,,160.0,,160.0,115.0,41.0,0.0,0.0,2.0,0.0,2.0,0.0
ref,OPG027,EBC-07462,52.0,,0.0,,68.0,,130.0,,0.0,,2.0,,2.0,,8.0,,0.0,,210.0,,210.0,130.0,68.0,0.0,8.0,2.0,2.0,0.0,0.0
ref,OPG027,EBC-07543,,12.0,,0.0,,2.0,,2.0,,0.0,,0.0,,0.0,,0.0,,0.0,,4.0,-4.0,-2.0,-2.0,0.0,0.0,0.0,0.0,0.0,0.0
ref,OPG027,EBC-07557,32.0,,0.0,,64.0,,106.0,,0.0,,1.0,,5.0,,8.0,,0.0,,184.0,,184.0,106.0,64.0,0.0,8.0,5.0,1.0,0.0,0.0
ref,OPG027,EBC-07602,92.0,,0.0,,68.0,,122.0,,0.0,,0.0,,2.0,,6.0,,0.0,,198.0,,198.0,122.0,68.0,0.0,6.0,2.0,0.0,0.0,0.0
ref,OPG027,EBC-07666,,73.0,,0.0,,3.0,,5.0,,0.0,,0.0,,2.0,,0.0,,0.0,,10.0,-10.0,-5.0,-3.0,0.0,0.0,-2.0,0.0,0.0,0.0
ref,OPG027,EBC-07667,,87.0,,0.0,,3.0,,3.0,,0.0,,0.0,,2.0,,0.0,,0.0,,8.0,-8.0,-3.0,-3.0,0.0,0.0,-2.0,0.0,0.0,0.0
ref,OPG027,EBC-07670,21.0,,0.0,,62.0,,144.0,,0.0,,1.0,,2.0,,3.0,,0.0,,212.0,,212.0,144.0,62.0,0.0,3.0,2.0,1.0,0.0,0.0
ref,OPG027,EBC-07672,,24.0,,0.0,,3.0,,3.0,,0.0,,0.0,,2.0,,0.0,,0.0,,8.0,-8.0,-3.0,-3.0,0.0,0.0,-2.0,0.0,0.0,0.0
ref,OPG027,EBC-07683,56.0,,0.0,,33.0,,157.0,,0.0,,0.0,,1.0,,5.0,,0.0,,196.0,,196.0,157.0,33.0,0.0,5.0,1.0,0.0,0.0,0.0
ref,OPG027,EBC-07707,,16.0,,0.0,,3.0,,5.0,,0.0,,0.0,,0.0,,0.0,,0.0,,8.0,-8.0,-5.0,-3.0,0.0,0.0,0.0,0.0,0.0,0.0
ref,OPG027,EBC-07845,,91.0,,0.0,,2.0,,4.0,,0.0,,0.0,,0.0,,0.0,,0.0,,6.0,-6.0,-4.0,-2.0,0.0,0.0,0.0,0.0,0.0,0.0
ref,OPG027,EBC-07973,100.0,,7.0,,69.0,,114.0,,0.0,,1.0,,2.0,,10.0,,0.0,,203.0,,203.0,114.0,69.0,0.0,10.0,2.0,1.0,7.0,0.0
ref,OPG027,EBC-08038,,58.0,,1.0,,2.0,,3.0,,0.0,,0.0,,2.0,,0.0,,0.0,,8.0,-8.0,-3.0,-2.0,0.0,0.0,-2.0,0.0,-1.0,0.0
ref,OPG027,EBC-08125,,42.0,,0.0,,2.0,,5.0,,0.0,,0.0,,0.0,,0.0,,0.0,,7.0,-7.0,-5.0,-2.0,0.0,0.0,0.0,0.0,0.0,0.0
ref,OPG027,EBC-08254,,26.0,,0.0,,2.0,,3.0,,0.0,,0.0,,0.0,,0.0,,0.0,,5.0,-5.0,-3.0,-2.0,0.0,0.0,0.0,0.0,0.0,0.0
ref,OPG027,EBC-08302,,22.0,,0.0,,2.0,,3.0,,0.0,,0.0,,0.0,,0.0,,0.0,,5.0,-5.0,-3.0,-2.0,0.0,0.0,0.0,0.0,0.0,0.0
ref,OPG027,EBC-08457,,92.0,,0.0,,3.0,,2.0,,0.0,,0.0,,1.0,,0.0,,0.0,,6.0,-6.0,-2.0,-3.0,0.0,0.0,-1.0,0.0,0.0,0.0
ref,OPG027,EBC-08513,,34.0,,0.0,,5.0,,1.0,,0.0,,0.0,,0.0,,0.0,,0.0,,6.0,-6.0,-1.0,-5.0,0.0,0.0,0.0,0.0,0.0,0.0
ref,OPG027,EBC-08535,81.0,,2.0,,62.0,,113.0,,0.0,,0.0,,1.0,,4.0,,0.0,,182.0,,182.0,113.0,62.0,0.0,4.0,1.0,0.0,2.0,0.0
ref,OPG027,EBC-08537,82.0,,0.0,,55.0,,127.0,,0.0,,2.0,,1.0,,2.0,,0.0,,187.0,,187.0,127.0,55.0,0.0,2.0,1.0,2.0,0.0,0.0
ref,OPG027,EBC-08587,36.0,,0.0,,26.0,,94.0,,0.0,,0.0,,0.0,,0.0,,0.0,,120.0,,120.0,94.0,26.0,0.0,0.0,0.0,0.0,0.0,0.0
ref,OPG027,EBC-08615,88.0,,0.0,,106.0,,88.0,,0.0,,0.0,,0.0,,13.0,,0.0,,207.0,,207.0,88.0,106.0,0.0,13.0,0.0,0.0,0.0,0.0
ref,OPG027,EBC-08651,,90.0,,0.0,,5.0,,3.0,,0.0,,0.0,,0.0,,0.0,,0.0,,8.0,-8.0,-3.0,-5.0,0.0,0.0,0.0,0.0,0.0,0.0
ref,OPG027,EBC-08667,,59.0,,0.0,,3.0,,3.0,,0.0,,0.0,,2.0,,0.0,,0.0,,8.0,-8.0,-3.0,-3.0,0.0,0.0,-2.0,0.0,0.0,0.0
ref,OPG027,EBC-08787,50.0,,0.0,,51.0,,178.0,,0.0,,1.0,,1.0,,1.0,,0.0,,232.0,,232.0,178.0,51.0,0.0,1.0,1.0,1.0,0.0,0.0
ref,OPG027,EBC-08788,12.0,,0.0,,47.0,,153.0,,0.0,,3.0,,1.0,,11.0,,0.0,,215.0,,215.0,153.0,47.0,0.0,11.0,1.0,3.0,0.0,0.0
ref,OPG027,EBC-08871,,76.0,,0.0,,4.0,,2.0,,0.0,,0.0,,2.0,,0.0,,0.0,,8.0,-8.0,-2.0,-4.0,0.0,0.0,-2.0,0.0,0.0,0.0
ref,OPG027,EBC-08908,18.0,,2.0,,93.0,,134.0,,0.0,,0.0,,0.0,,3.0,,0.0,,232.0,,232.0,134.0,93.0,0.0,3.0,0.0,0.0,2.0,0.0
ref,OPG027,EBC-08915,13.0,,0.0,,31.0,,181.0,,0.0,,4.0,,2.0,,12.0,,0.0,,230.0,,230.0,181.0,31.0,0.0,12.0,2.0,4.0,0.0,0.0
ref,OPG027,EBC-09015,,51.0,,0.0,,2.0,,1.0,,0.0,,0.0,,0.0,,0.0,,0.0,,3.0,-3.0,-1.0,-2.0,0.0,0.0,0.0,0.0,0.0,0.0
ref,OPG027,EBC-09098,68.0,,0.0,,50.0,,152.0,,0.0,,0.0,,0.0,,8.0,,0.0,,210.0,,210.0,152.0,50.0,0.0,8.0,0.0,0.0,0.0,0.0
ref,OPG027,EBC-09186,67.0,8.0,0.0,0.0,62.0,2.0,87.0,5.0,0.0,0.0,1.0,0.0,3.0,2.0,8.0,1.0,0.0,0.0,161.0,10.0,151.0,82.0,60.0,0.0,7.0,1.0,1.0,0.0,0.0
ref,OPG027,EBC-11041,43.0,,0.0,,82.0,,115.0,,0.0,,2.0,,0.0,,4.0,,0.0,,203.0,,203.0,115.0,82.0,0.0,4.0,0.0,2.0,0.0,0.0
ref,OPG027,EBC-11069,27.0,,0.0,,66.0,,137.0,,0.0,,0.0,,1.0,,2.0,,0.0,,206.0,,206.0,137.0,66.0,0.0,2.0,1.0,0.0,0.0,0.0
ref,OPG027,EBC-11281,30.0,,16.0,,38.0,,99.0,,0.0,,0.0,,0.0,,5.0,,0.0,,158.0,,158.0,99.0,38.0,0.0,5.0,0.0,0.0,16.0,0.0
ref,OPG027,EBC-11364,83.0,,10.0,,78.0,,74.0,,0.0,,3.0,,0.0,,17.0,,0.0,,182.0,,182.0,74.0,78.0,0.0,17.0,0.0,3.0,10.0,0.0
ref,OPG027,EBC-11433,90.0,,9.0,,92.0,,101.0,,0.0,,2.0,,1.0,,4.0,,0.0,,209.0,,209.0,101.0,92.0,0.0,4.0,1.0,2.0,9.0,0.0
ref,OPG027,EBC-12036,78.0,,0.0,,80.0,,147.0,,0.0,,2.0,,2.0,,15.0,,0.0,,246.0,,246.0,147.0,80.0,0.0,15.0,2.0,2.0,0.0,0.0
ref,OPG027,EBC-12412,72.0,,0.0,,88.0,,186.0,,0.0,,0.0,,1.0,,7.0,,0.0,,282.0,,282.0,186.0,88.0,0.0,7.0,1.0,0.0,0.0,0.0
ref,OPG027,EBC-12617,41.0,,0.0,,93.0,,89.0,,0.0,,6.0,,2.0,,9.0,,0.0,,199.0,,199.0,89.0,93.0,0.0,9.0,2.0,6.0,0.0,0.0
ref,OPG027,EBC-12821,25.0,,0.0,,107.0,,100.0,,0.0,,3.0,,1.0,,15.0,,0.0,,226.0,,226.0,100.0,107.0,0.0,15.0,1.0,3.0,0.0,0.0
ref,OPG027,EBC-13071,69.0,,0.0,,70.0,,158.0,,0.0,,0.0,,2.0,,1.0,,0.0,,231.0,,231.0,158.0,70.0,0.0,1.0,2.0,0.0,0.0,0.0
ref,OPG027,EBC-13120,28.0,,0.0,,76.0,,103.0,,0.0,,0.0,,3.0,,12.0,,0.0,,194.0,,194.0,103.0,76.0,0.0,12.0,3.0,0.0,0.0,0.0
ref,OPG027,EBC-13129,97.0,,5.0,,64.0,,83.0,,0.0,,3.0,,2.0,,15.0,,0.0,,172.0,,172.0,83.0,64.0,0.0,15.0,2.0,3.0,5.0,0.0
ref,OPG027,EBC-13327,,23.0,,0.0,,4.0,,2.0,,0.0,,0.0,,0.0,,0.0,,0.0,,6.0,-6.0,-2.0,-4.0,0.0,0.0,0.0,0.0,0.0,0.0
ref,OPG027,EBC-13607,4.0,,0.0,,78.0,,178.0,,0.0,,4.0,,0.0,,10.0,,0.0,,270.0,,270.0,178.0,78.0,0.0,10.0,0.0,4.0,0.0,0.0
ref,OPG027,EBC-13712,,28.0,,0.0,,2.0,,4.0,,0.0,,0.0,,0.0,,0.0,,0.0,,6.0,-6.0,-4.0,-2.0,0.0,0.0,0.0,0.0,0.0,0.0
ref,OPG027,EBC-13811,65.0,,0.0,,97.0,,140.0,,0.0,,0.0,,1.0,,11.0,,0.0,,249.0,,249.0,140.0,97.0,0.0,11.0,1.0,0.0,0.0,0.0
ref,OPG027,EBC-13827,89.0,,15.0,,103.0,,95.0,,0.0,,0.0,,0.0,,8.0,,0.0,,221.0,,221.0,95.0,103.0,0.0,8.0,0.0,0.0,15.0,0.0
ref,OPG027,EBC-13863,84.0,,0.0,,65.0,,159.0,,0.0,,0.0,,2.0,,3.0,,0.0,,229.0,,229.0,159.0,65.0,0.0,3.0,2.0,0.0,0.0,0.0
ref,OPG027,EBC-14147,79.0,,2.0,,77.0,,83.0,,0.0,,1.0,,3.0,,16.0,,0.0,,182.0,,182.0,83.0,77.0,0.0,16.0,3.0,1.0,2.0,0.0
ref,OPG027,EBC-14193,,48.0,,0.0,,2.0,,3.0,,0.0,,0.0,,0.0,,0.0,,0.0,,5.0,-5.0,-3.0,-2.0,0.0,0.0,0.0,0.0,0.0,0.0
ref,OPG027,EBC-14210,35.0,,0.0,,65.0,,127.0,,0.0,,0.0,,6.0,,6.0,,0.0,,204.0,,204.0,127.0,65.0,0.0,6.0,6.0,0.0,0.0,0.0
ref,OPG027,EBC-14214,33.0,,1.0,,49.0,,169.0,,0.0,,2.0,,1.0,,2.0,,0.0,,224.0,,224.0,169.0,49.0,0.0,2.0,1.0,2.0,1.0,0.0
ref,OPG027,EBC-14344,,85.0,,0.0,,3.0,,2.0,,0.0,,0.0,,0.0,,0.0,,0.0,,5.0,-5.0,-2.0,-3.0,0.0,0.0,0.0,0.0,0.0,0.0
ref,OPG027,EBC-145226,5.0,,0.0,,80.0,,157.0,,0.0,,1.0,,1.0,,6.0,,0.0,,245.0,,245.0,157.0,80.0,0.0,6.0,1.0,1.0,0.0,0.0
ref,OPG027,EBC-148031,23.0,,0.0,,92.0,,178.0,,0.0,,0.0,,2.0,,12.0,,0.0,,284.0,,284.0,178.0,92.0,0.0,12.0,2.0,0.0,0.0,0.0
ref,OPG027,EBC-149088,,74.0,,0.0,,3.0,,4.0,,0.0,,1.0,,0.0,,0.0,,0.0,,8.0,-8.0,-4.0,-3.0,0.0,0.0,0.0,-1.0,0.0,0.0
ref,OPG027,EBC-149094,24.0,,0.0,,47.0,,137.0,,0.0,,1.0,,5.0,,9.0,,0.0,,199.0,,199.0,137.0,47.0,0.0,9.0,5.0,1.0,0.0,0.0
ref,OPG027,EBC-152061,,94.0,,0.0,,2.0,,6.0,,0.0,,0.0,,0.0,,0.0,,0.0,,8.0,-8.0,-6.0,-2.0,0.0,0.0,0.0,0.0,0.0,0.0
ref,OPG027,EBC-152118,,68.0,,0.0,,1.0,,2.0,,0.0,,0.0,,0.0,,0.0,,0.0,,3.0,-3.0,-2.0,-1.0,0.0,0.0,0.0,0.0,0.0,0.0
ref,OPG027,EBC-152138,,9.0,,0.0,,2.0,,5.0,,0.0,,0.0,,0.0,,0.0,,0.0,,7.0,-7.0,-5.0,-2.0,0.0,0.0,0.0,0.0,0.0,0.0
ref,OPG027,EBC-152242,,43.0,,0.0,,2.0,,0.0,,0.0,,0.0,,0.0,,0.0,,0.0,,2.0,-2.0,0.0,-2.0,0.0,0.0,0.0,0.0,0.0,0.0
ref,OPG027,EBC-152313,,6.0,,0.0,,2.0,,4.0,,0.0,,0.0,,0.0,,0.0,,0.0,,6.0,-6.0,-4.0,-2.0,0.0,0.0,0.0,0.0,0.0,0.0
ref,OPG027,EBC-152357,,40.0,,0.0,,3.0,,1.0,,0.0,,0.0,,0.0,,0.0,,0.0,,4.0,-4.0,-1.0,-3.0,0.0,0.0,0.0,0.0,0.0,0.0
ref,OPG027,EBC-153130,,83.0,,0.0,,4.0,,3.0,,0.0,,0.0,,1.0,,0.0,,0.0,,8.0,-8.0,-3.0,-4.0,0.0,0.0,-1.0,0.0,0.0,0.0
ref,OPG027,EBC-153161,,33.0,,0.0,,0.0,,3.0,,0.0,,0.0,,0.0,,0.0,,0.0,,3.0,-3.0,-3.0,0.0,0.0,0.0,0.0,0.0,0.0,0.0
ref,OPG027,EBC-153178,,80.0,,0.0,,3.0,,1.0,,0.0,,0.0,,2.0,,0.0,,0.0,,6.0,-6.0,-1.0,-3.0,0.0,0.0,-2.0,0.0,0.0,0.0
ref,OPG027,EBC-154070,62.0,,2.0,,55.0,,90.0,,0.0,,2.0,,1.0,,10.0,,0.0,,160.0,,160.0,90.0,55.0,0.0,10.0,1.0,2.0,2.0,0.0
ref,OPG027,EBC-157073,98.0,,0.0,,41.0,,157.0,,0.0,,3.0,,2.0,,13.0,,0.0,,216.0,,216.0,157.0,41.0,0.0,13.0,2.0,3.0,0.0,0.0
ref,OPG027,EBC-157116,,81.0,,0.0,,2.0,,2.0,,0.0,,0.0,,1.0,,0.0,,0.0,,5.0,-5.0,-2.0,-2.0,0.0,0.0,-1.0,0.0,0.0,0.0
ref,OPG027,EBC-157138,,98.0,,0.0,,3.0,,0.0,,0.0,,0.0,,0.0,,0.0,,0.0,,3.0,-3.0,0.0,-3.0,0.0,0.0,0.0,0.0,0.0,0.0
ref,OPG027,EBC-160036,3.0,,5.0,,44.0,,132.0,,0.0,,2.0,,4.0,,5.0,,0.0,,192.0,,192.0,132.0,44.0,0.0,5.0,4.0,2.0,5.0,0.0
ref,OPG027,EBC-17092,,79.0,,0.0,,3.0,,2.0,,0.0,,0.0,,0.0,,0.0,,0.0,,5.0,-5.0,-2.0,-3.0,0.0,0.0,0.0,0.0,0.0,0.0
ref,OPG027,EBC-180260,75.0,,0.0,,29.0,,120.0,,0.0,,6.0,,3.0,,13.0,,0.0,,171.0,,171.0,120.0,29.0,0.0,13.0,3.0,6.0,0.0,0.0
ref,OPG027,EBC-186029,57.0,,0.0,,83.0,,107.0,,0.0,,2.0,,2.0,,14.0,,0.0,,208.0,,208.0,107.0,83.0,0.0,14.0,2.0,2.0,0.0,0.0
ref,OPG027,EBC-189022,,71.0,,0.0,,1.0,,1.0,,0.0,,0.0,,0.0,,0.0,,0.0,,2.0,-2.0,-1.0,-1.0,0.0,0.0,0.0,0.0,0.0,0.0
ref,OPG027,EBC-217022,73.0,,6.0,,88.0,,91.0,,0.0,,0.0,,0.0,,26.0,,0.0,,211.0,,211.0,91.0,88.0,0.0,26.0,0.0,0.0,6.0,0.0
ref,OPG027,EBC-218037,48.0,,0.0,,50.0,,119.0,,0.0,,0.0,,2.0,,7.0,,0.0,,178.0,,178.0,119.0,50.0,0.0,7.0,2.0,0.0,0.0,0.0
ref,OPG027,EBC-218043,2.0,,0.0,,73.0,,133.0,,0.0,,4.0,,2.0,,27.0,,0.0,,239.0,,239.0,133.0,73.0,0.0,27.0,2.0,4.0,0.0,0.0
ref,OPG027,EBC-230024,,25.0,,0.0,,1.0,,3.0,,0.0,,0.0,,0.0,,0.0,,0.0,,4.0,-4.0,-3.0,-1.0,0.0,0.0,0.0,0.0,0.0,0.0
ref,OPG027,EBC-23629,7.0,,0.0,,50.0,,142.0,,0.0,,1.0,,0.0,,5.0,,0.0,,198.0,,198.0,142.0,50.0,0.0,5.0,0.0,1.0,0.0,0.0
ref,OPG027,EBC-24042,96.0,,0.0,,0.0,,263.0,,0.0,,1.0,,0.0,,0.0,,0.0,,264.0,,264.0,263.0,0.0,0.0,0.0,0.0,1.0,0.0,0.0
ref,OPG027,EBC-244029,19.0,,0.0,,53.0,,147.0,,0.0,,0.0,,1.0,,8.0,,0.0,,209.0,,209.0,147.0,53.0,0.0,8.0,1.0,0.0,0.0,0.0
ref,OPG027,EBC-249057,38.0,,0.0,,47.0,,155.0,,0.0,,3.0,,10.0,,6.0,,0.0,,221.0,,221.0,155.0,47.0,0.0,6.0,10.0,3.0,0.0,0.0
ref,OPG027,EBC-251173,95.0,,0.0,,102.0,,141.0,,0.0,,5.0,,0.0,,12.0,,0.0,,260.0,,260.0,141.0,102.0,0.0,12.0,0.0,5.0,0.0,0.0
ref,OPG027,EBC-252122,16.0,,9.0,,70.0,,108.0,,0.0,,1.0,,1.0,,16.0,,0.0,,205.0,,205.0,108.0,70.0,0.0,16.0,1.0,1.0,9.0,0.0
ref,OPG027,EBC-253143,,56.0,,0.0,,2.0,,2.0,,0.0,,0.0,,0.0,,2.0,,0.0,,6.0,-6.0,-2.0,-2.0,0.0,-2.0,0.0,0.0,0.0,0.0
ref,OPG027,EBC-255053,45.0,,0.0,,49.0,,164.0,,0.0,,4.0,,3.0,,4.0,,0.0,,224.0,,224.0,164.0,49.0,0.0,4.0,3.0,4.0,0.0,0.0
ref,OPG027,EBC-255056,51.0,,0.0,,57.0,,136.0,,0.0,,1.0,,1.0,,4.0,,0.0,,199.0,,199.0,136.0,57.0,0.0,4.0,1.0,1.0,0.0,0.0
ref,OPG027,EBC-26096,,30.0,,0.0,,1.0,,1.0,,0.0,,0.0,,0.0,,0.0,,0.0,,2.0,-2.0,-1.0,-1.0,0.0,0.0,0.0,0.0,0.0,0.0
ref,OPG027,EBC-26219,,99.0,,0.0,,2.0,,1.0,,0.0,,0.0,,0.0,,1.0,,0.0,,4.0,-4.0,-1.0,-2.0,0.0,-1.0,0.0,0.0,0.0,0.0
ref,OPG027,EBC-265042,39.0,,0.0,,59.0,,152.0,,0.0,,1.0,,2.0,,8.0,,0.0,,222.0,,222.0,152.0,59.0,0.0,8.0,2.0,1.0,0.0,0.0
ref,OPG027,EBC-26770,15.0,,0.0,,40.0,,144.0,,0.0,,0.0,,0.0,,0.0,,0.0,,184.0,,184.0,144.0,40.0,0.0,0.0,0.0,0.0,0.0,0.0
ref,OPG027,EBC-26955,47.0,,0.0,,71.0,,130.0,,0.0,,2.0,,6.0,,7.0,,0.0,,216.0,,216.0,130.0,71.0,0.0,7.0,6.0,2.0,0.0,0.0
ref,OPG027,EBC-27035,77.0,,0.0,,77.0,,135.0,,0.0,,0.0,,3.0,,10.0,,0.0,,225.0,,225.0,135.0,77.0,0.0,10.0,3.0,0.0,0.0,0.0
ref,OPG027,EBC-27042,64.0,,1.0,,92.0,,88.0,,0.0,,0.0,,2.0,,5.0,,0.0,,188.0,,188.0,88.0,92.0,0.0,5.0,2.0,0.0,1.0,0.0
ref,OPG027,EBC-27184,76.0,,0.0,,20.0,,178.0,,0.0,,0.0,,1.0,,5.0,,0.0,,204.0,,204.0,178.0,20.0,0.0,5.0,1.0,0.0,0.0,0.0
ref,OPG027,EBC-27265,1.0,,1.0,,18.0,,102.0,,0.0,,1.0,,1.0,,0.0,,0.0,,123.0,,123.0,102.0,18.0,0.0,0.0,1.0,1.0,1.0,0.0
ref,OPG027,EBC-27288,70.0,,12.0,,87.0,,107.0,,0.0,,0.0,,0.0,,5.0,,0.0,,211.0,,211.0,107.0,87.0,0.0,5.0,0.0,0.0,12.0,0.0
ref,OPG027,EBC-287044,,75.0,,0.0,,2.0,,1.0,,0.0,,0.0,,0.0,,0.0,,0.0,,3.0,-3.0,-1.0,-2.0,0.0,0.0,0.0,0.0,0.0,0.0
ref,OPG027,EBC-289057,,72.0,,0.0,,2.0,,8.0,,0.0,,0.0,,1.0,,0.0,,0.0,,11.0,-11.0,-8.0,-2.0,0.0,0.0,-1.0,0.0,0.0,0.0
ref,OPG027,EBC-289112,59.0,82.0,0.0,0.0,39.0,2.0,148.0,8.0,0.0,0.0,2.0,0.0,2.0,2.0,9.0,0.0,0.0,0.0,200.0,12.0,188.0,140.0,37.0,0.0,9.0,0.0,2.0,0.0,0.0
ref,OPG027,EBC-290041,26.0,,4.0,,168.0,,111.0,,0.0,,1.0,,1.0,,21.0,,0.0,,306.0,,306.0,111.0,168.0,0.0,21.0,1.0,1.0,4.0,0.0
ref,OPG027,EBC-306048,17.0,,12.0,,65.0,,93.0,,0.0,,2.0,,0.0,,11.0,,0.0,,183.0,,183.0,93.0,65.0,0.0,11.0,0.0,2.0,12.0,0.0
ref,OPG027,EBC-309072,9.0,,1.0,,96.0,,132.0,,0.0,,3.0,,2.0,,11.0,,0.0,,245.0,,245.0,132.0,96.0,0.0,11.0,2.0,3.0,1.0,0.0
ref,OPG027,EBC-331067,74.0,,2.0,,60.0,,82.0,,0.0,,0.0,,1.0,,2.0,,0.0,,147.0,,147.0,82.0,60.0,0.0,2.0,1.0,0.0,2.0,0.0
ref,OPG027,EBC-352046,66.0,,0.0,,66.0,,146.0,,0.0,,0.0,,4.0,,5.0,,0.0,,221.0,,221.0,146.0,66.0,0.0,5.0,4.0,0.0,0.0,0.0
ref,OPG027,EBC-352059,,65.0,,0.0,,0.0,,4.0,,0.0,,0.0,,0.0,,0.0,,0.0,,4.0,-4.0,-4.0,0.0,0.0,0.0,0.0,0.0,0.0,0.0
ref,OPG027,EBC-373083,85.0,,1.0,,125.0,,55.0,,0.0,,3.0,,2.0,,42.0,,0.0,,228.0,,228.0,55.0,125.0,0.0,42.0,2.0,3.0,1.0,0.0
ref,OPG027,EBC-42023,,63.0,,0.0,,3.0,,4.0,,0.0,,0.0,,1.0,,0.0,,0.0,,8.0,-8.0,-4.0,-3.0,0.0,0.0,-1.0,0.0,0.0,0.0
ref,OPG027,EBC-44204,,35.0,,0.0,,2.0,,3.0,,0.0,,0.0,,0.0,,1.0,,0.0,,6.0,-6.0,-3.0,-2.0,0.0,-1.0,0.0,0.0,0.0,0.0
ref,OPG027,EBC-44205,,46.0,,0.0,,2.0,,3.0,,0.0,,0.0,,0.0,,0.0,,0.0,,5.0,-5.0,-3.0,-2.0,0.0,0.0,0.0,0.0,0.0,0.0
ref,OPG027,EBC-44370,31.0,,12.0,,77.0,,118.0,,0.0,,2.0,,1.0,,5.0,,0.0,,215.0,,215.0,118.0,77.0,0.0,5.0,1.0,2.0,12.0,0.0
ref,OPG027,EBC-46024,80.0,,3.0,,91.0,,118.0,,0.0,,3.0,,1.0,,9.0,,0.0,,225.0,,225.0,118.0,91.0,0.0,9.0,1.0,3.0,3.0,0.0
ref,OPG027,EBC-46057,20.0,,0.0,,68.0,,168.0,,0.0,,2.0,,1.0,,8.0,,0.0,,247.0,,247.0,168.0,68.0,0.0,8.0,1.0,2.0,0.0,0.0
ref,OPG027,EBC-46294,11.0,,1.0,,165.0,,90.0,,0.0,,2.0,,0.0,,21.0,,0.0,,279.0,,279.0,90.0,165.0,0.0,21.0,0.0,2.0,1.0,0.0
ref,OPG027,EBC-47066,29.0,,10.0,,92.0,,101.0,,0.0,,1.0,,0.0,,19.0,,0.0,,223.0,,223.0,101.0,92.0,0.0,19.0,0.0,1.0,10.0,0.0
ref,OPG027,EBC-47089,,32.0,,0.0,,2.0,,3.0,,0.0,,0.0,,2.0,,0.0,,0.0,,7.0,-7.0,-3.0,-2.0,0.0,0.0,-2.0,0.0,0.0,0.0
ref,OPG027,EBC-48075,,21.0,,0.0,,3.0,,5.0,,0.0,,0.0,,0.0,,0.0,,0.0,,8.0,-8.0,-5.0,-3.0,0.0,0.0,0.0,0.0,0.0,0.0
ref,OPG027,EBC-48149,,41.0,,0.0,,4.0,,3.0,,0.0,,0.0,,0.0,,0.0,,0.0,,7.0,-7.0,-3.0,-4.0,0.0,0.0,0.0,0.0,0.0,0.0
ref,OPG027,EBC-48186,10.0,,9.0,,63.0,,121.0,,0.0,,0.0,,0.0,,2.0,,0.0,,195.0,,195.0,121.0,63.0,0.0,2.0,0.0,0.0,9.0,0.0
ref,OPG027,EBC-50109,,66.0,,0.0,,0.0,,1.0,,0.0,,0.0,,0.0,,0.0,,0.0,,1.0,-1.0,-1.0,0.0,0.0,0.0,0.0,0.0,0.0,0.0
ref,OPG027,EBC-53021,58.0,,4.0,,87.0,,80.0,,0.0,,1.0,,2.0,,8.0,,0.0,,182.0,,182.0,80.0,87.0,0.0,8.0,2.0,1.0,4.0,0.0
ref,OPG027,EBC-54230,,93.0,,0.0,,2.0,,5.0,,0.0,,0.0,,0.0,,0.0,,0.0,,7.0,-7.0,-5.0,-2.0,0.0,0.0,0.0,0.0,0.0,0.0
ref,OPG027,EBC-63030,49.0,,0.0,,35.0,,124.0,,0.0,,3.0,,1.0,,12.0,,0.0,,175.0,,175.0,124.0,35.0,0.0,12.0,1.0,3.0,0.0,0.0
ref,OPG027,EBC-63089,22.0,,2.0,,140.0,,112.0,,0.0,,5.0,,1.0,,20.0,,0.0,,280.0,,280.0,112.0,140.0,0.0,20.0,1.0,5.0,2.0,0.0
ref,OPG027,EBC-71073,53.0,,0.0,,98.0,,139.0,,0.0,,1.0,,5.0,,9.0,,0.0,,252.0,,252.0,139.0,98.0,0.0,9.0,5.0,1.0,0.0,0.0
ref,OPG027,EBC-73089,,49.0,,0.0,,1.0,,4.0,,0.0,,0.0,,0.0,,0.0,,0.0,,5.0,-5.0,-4.0,-1.0,0.0,0.0,0.0,0.0,0.0,0.0
ref,OPG027,EBC-99051,60.0,,0.0,,68.0,,88.0,,0.0,,4.0,,2.0,,8.0,,0.0,,170.0,,170.0,88.0,68.0,0.0,8.0,2.0,4.0,0.0,0.0
ref,OPG092,EBC-00523,,53.0,,0.0,,0.0,,0.0,,0.0,,0.0,,0.0,,0.0,,0.0,,0.0,0.0,0.0,0.0,0.0,0.0,0.0,0.0,0.0,0.0
ref,OPG092,EBC-00558,,47.0,,0.0,,1.0,,0.0,,0.0,,0.0,,2.0,,0.0,,0.0,,3.0,-3.0,0.0,-1.0,0.0,0.0,-2.0,0.0,0.0,0.0
ref,OPG092,EBC-00615,,5.0,,0.0,,3.0,,6.0,,0.0,,0.0,,0.0,,0.0,,0.0,,9.0,-9.0,-6.0,-3.0,0.0,0.0,0.0,0.0,0.0,0.0
ref,OPG092,EBC-00617,,4.0,,0.0,,2.0,,5.0,,0.0,,0.0,,0.0,,0.0,,0.0,,7.0,-7.0,-5.0,-2.0,0.0,0.0,0.0,0.0,0.0,0.0
ref,OPG092,EBC-00624,,1.0,,0.0,,3.0,,5.0,,0.0,,0.0,,0.0,,0.0,,0.0,,8.0,-8.0,-5.0,-3.0,0.0,0.0,0.0,0.0,0.0,0.0
ref,OPG092,EBC-03030,,35.0,,0.0,,1.0,,0.0,,0.0,,0.0,,0.0,,1.0,,0.0,,2.0,-2.0,0.0,-1.0,0.0,-1.0,0.0,0.0,0.0,0.0
ref,OPG092,EBC-03091,,51.0,,0.0,,0.0,,0.0,,0.0,,0.0,,0.0,,0.0,,0.0,,0.0,0.0,0.0,0.0,0.0,0.0,0.0,0.0,0.0,0.0
ref,OPG092,EBC-03104,,31.0,,0.0,,1.0,,0.0,,0.0,,0.0,,0.0,,0.0,,0.0,,1.0,-1.0,0.0,-1.0,0.0,0.0,0.0,0.0,0.0,0.0
ref,OPG092,EBC-03123,,56.0,,0.0,,1.0,,1.0,,0.0,,0.0,,0.0,,0.0,,0.0,,2.0,-2.0,-1.0,-1.0,0.0,0.0,0.0,0.0,0.0,0.0
ref,OPG092,EBC-03127,,46.0,,0.0,,2.0,,2.0,,0.0,,0.0,,0.0,,0.0,,0.0,,4.0,-4.0,-2.0,-2.0,0.0,0.0,0.0,0.0,0.0,0.0
ref,OPG092,EBC-03176,,29.0,,0.0,,1.0,,0.0,,0.0,,0.0,,0.0,,0.0,,0.0,,1.0,-1.0,0.0,-1.0,0.0,0.0,0.0,0.0,0.0,0.0
ref,OPG092,EBC-03194,,26.0,,0.0,,1.0,,0.0,,0.0,,0.0,,0.0,,0.0,,0.0,,1.0,-1.0,0.0,-1.0,0.0,0.0,0.0,0.0,0.0,0.0
ref,OPG092,EBC-03210,,18.0,,0.0,,1.0,,1.0,,0.0,,0.0,,0.0,,0.0,,0.0,,2.0,-2.0,-1.0,-1.0,0.0,0.0,0.0,0.0,0.0,0.0
ref,OPG092,EBC-03211,,17.0,,0.0,,1.0,,0.0,,0.0,,0.0,,2.0,,0.0,,0.0,,3.0,-3.0,0.0,-1.0,0.0,0.0,-2.0,0.0,0.0,0.0
ref,OPG092,EBC-03218,,43.0,,0.0,,1.0,,0.0,,0.0,,0.0,,0.0,,0.0,,0.0,,1.0,-1.0,0.0,-1.0,0.0,0.0,0.0,0.0,0.0,0.0
ref,OPG092,EBC-03228,,33.0,,0.0,,1.0,,1.0,,0.0,,0.0,,1.0,,0.0,,0.0,,3.0,-3.0,-1.0,-1.0,0.0,0.0,-1.0,0.0,0.0,0.0
ref,OPG092,EBC-03233,,49.0,,0.0,,0.0,,0.0,,0.0,,0.0,,0.0,,0.0,,0.0,,0.0,0.0,0.0,0.0,0.0,0.0,0.0,0.0,0.0,0.0
ref,OPG092,EBC-03259,,58.0,,0.0,,2.0,,0.0,,0.0,,0.0,,1.0,,0.0,,0.0,,3.0,-3.0,0.0,-2.0,0.0,0.0,-1.0,0.0,0.0,0.0
ref,OPG092,EBC-03294,,75.0,,0.0,,0.0,,0.0,,0.0,,0.0,,0.0,,0.0,,0.0,,0.0,0.0,0.0,0.0,0.0,0.0,0.0,0.0,0.0,0.0
ref,OPG092,EBC-03311,,25.0,,0.0,,0.0,,2.0,,0.0,,0.0,,0.0,,0.0,,0.0,,2.0,-2.0,-2.0,0.0,0.0,0.0,0.0,0.0,0.0,0.0
ref,OPG092,EBC-03323,,36.0,,0.0,,1.0,,0.0,,0.0,,0.0,,0.0,,0.0,,0.0,,1.0,-1.0,0.0,-1.0,0.0,0.0,0.0,0.0,0.0,0.0
ref,OPG092,EBC-03357,,57.0,,0.0,,1.0,,1.0,,0.0,,0.0,,0.0,,0.0,,0.0,,2.0,-2.0,-1.0,-1.0,0.0,0.0,0.0,0.0,0.0,0.0
ref,OPG092,EBC-03382,,71.0,,0.0,,0.0,,1.0,,0.0,,1.0,,0.0,,0.0,,0.0,,2.0,-2.0,-1.0,0.0,0.0,0.0,0.0,-1.0,0.0,0.0
ref,OPG092,EBC-03408,,97.0,,0.0,,0.0,,1.0,,0.0,,0.0,,0.0,,0.0,,0.0,,1.0,-1.0,-1.0,0.0,0.0,0.0,0.0,0.0,0.0,0.0
ref,OPG092,EBC-03489,,73.0,,0.0,,1.0,,0.0,,0.0,,0.0,,0.0,,0.0,,0.0,,1.0,-1.0,0.0,-1.0,0.0,0.0,0.0,0.0,0.0,0.0
ref,OPG092,EBC-03539,,89.0,,0.0,,1.0,,0.0,,0.0,,0.0,,0.0,,0.0,,0.0,,1.0,-1.0,0.0,-1.0,0.0,0.0,0.0,0.0,0.0,0.0
ref,OPG092,EBC-03587,,39.0,,0.0,,1.0,,0.0,,0.0,,0.0,,0.0,,1.0,,0.0,,2.0,-2.0,0.0,-1.0,0.0,-1.0,0.0,0.0,0.0,0.0
ref,OPG092,EBC-03634,,86.0,,0.0,,1.0,,0.0,,0.0,,0.0,,2.0,,0.0,,0.0,,3.0,-3.0,0.0,-1.0,0.0,0.0,-2.0,0.0,0.0,0.0
ref,OPG092,EBC-03647,,85.0,,0.0,,1.0,,0.0,,0.0,,0.0,,0.0,,1.0,,0.0,,2.0,-2.0,0.0,-1.0,0.0,-1.0,0.0,0.0,0.0,0.0
ref,OPG092,EBC-03650,,98.0,,0.0,,0.0,,0.0,,0.0,,0.0,,2.0,,0.0,,0.0,,2.0,-2.0,0.0,0.0,0.0,0.0,-2.0,0.0,0.0,0.0
ref,OPG092,EBC-03673,,40.0,,0.0,,0.0,,0.0,,0.0,,0.0,,0.0,,0.0,,0.0,,0.0,0.0,0.0,0.0,0.0,0.0,0.0,0.0,0.0,0.0
ref,OPG092,EBC-03738,,78.0,,0.0,,1.0,,0.0,,0.0,,0.0,,0.0,,1.0,,0.0,,2.0,-2.0,0.0,-1.0,0.0,-1.0,0.0,0.0,0.0,0.0
ref,OPG092,EBC-03911,,19.0,,0.0,,1.0,,0.0,,0.0,,0.0,,0.0,,0.0,,0.0,,1.0,-1.0,0.0,-1.0,0.0,0.0,0.0,0.0,0.0,0.0
ref,OPG092,EBC-03955,,92.0,,0.0,,0.0,,0.0,,0.0,,0.0,,0.0,,0.0,,0.0,,0.0,0.0,0.0,0.0,0.0,0.0,0.0,0.0,0.0,0.0
ref,OPG092,EBC-03969,,38.0,,0.0,,2.0,,0.0,,0.0,,0.0,,2.0,,0.0,,0.0,,4.0,-4.0,0.0,-2.0,0.0,0.0,-2.0,0.0,0.0,0.0
ref,OPG092,EBC-04013,,67.0,,0.0,,1.0,,0.0,,0.0,,0.0,,0.0,,0.0,,0.0,,1.0,-1.0,0.0,-1.0,0.0,0.0,0.0,0.0,0.0,0.0
ref,OPG092,EBC-04129,,95.0,,0.0,,1.0,,1.0,,0.0,,0.0,,0.0,,1.0,,0.0,,3.0,-3.0,-1.0,-1.0,0.0,-1.0,0.0,0.0,0.0,0.0
ref,OPG092,EBC-04177,,24.0,,0.0,,1.0,,0.0,,0.0,,1.0,,0.0,,0.0,,0.0,,2.0,-2.0,0.0,-1.0,0.0,0.0,0.0,-1.0,0.0,0.0
ref,OPG092,EBC-04258,,63.0,,0.0,,0.0,,0.0,,0.0,,0.0,,0.0,,0.0,,0.0,,0.0,0.0,0.0,0.0,0.0,0.0,0.0,0.0,0.0,0.0
ref,OPG092,EBC-04279,,94.0,,0.0,,3.0,,0.0,,0.0,,0.0,,0.0,,0.0,,0.0,,3.0,-3.0,0.0,-3.0,0.0,0.0,0.0,0.0,0.0,0.0
ref,OPG092,EBC-04353,,69.0,,0.0,,0.0,,1.0,,0.0,,0.0,,0.0,,0.0,,0.0,,1.0,-1.0,-1.0,0.0,0.0,0.0,0.0,0.0,0.0,0.0
ref,OPG092,EBC-06138,,64.0,,0.0,,0.0,,0.0,,0.0,,0.0,,0.0,,0.0,,0.0,,0.0,0.0,0.0,0.0,0.0,0.0,0.0,0.0,0.0,0.0
ref,OPG092,EBC-06204,,82.0,,0.0,,1.0,,0.0,,0.0,,0.0,,0.0,,0.0,,0.0,,1.0,-1.0,0.0,-1.0,0.0,0.0,0.0,0.0,0.0,0.0
ref,OPG092,EBC-06232,,84.0,,0.0,,0.0,,1.0,,0.0,,0.0,,0.0,,0.0,,0.0,,1.0,-1.0,-1.0,0.0,0.0,0.0,0.0,0.0,0.0,0.0
ref,OPG092,EBC-06250,,27.0,,0.0,,1.0,,0.0,,0.0,,0.0,,0.0,,0.0,,0.0,,1.0,-1.0,0.0,-1.0,0.0,0.0,0.0,0.0,0.0,0.0
ref,OPG092,EBC-06306,,55.0,,0.0,,1.0,,0.0,,0.0,,1.0,,0.0,,0.0,,0.0,,2.0,-2.0,0.0,-1.0,0.0,0.0,0.0,-1.0,0.0,0.0
ref,OPG092,EBC-06327,,30.0,,0.0,,1.0,,1.0,,0.0,,0.0,,0.0,,0.0,,0.0,,2.0,-2.0,-1.0,-1.0,0.0,0.0,0.0,0.0,0.0,0.0
ref,OPG092,EBC-06341,,80.0,,0.0,,1.0,,1.0,,0.0,,0.0,,3.0,,0.0,,0.0,,5.0,-5.0,-1.0,-1.0,0.0,0.0,-3.0,0.0,0.0,0.0
ref,OPG092,EBC-06375,,81.0,,0.0,,1.0,,0.0,,0.0,,0.0,,0.0,,0.0,,0.0,,1.0,-1.0,0.0,-1.0,0.0,0.0,0.0,0.0,0.0,0.0
ref,OPG092,EBC-06390,,93.0,,0.0,,1.0,,0.0,,0.0,,0.0,,0.0,,0.0,,0.0,,1.0,-1.0,0.0,-1.0,0.0,0.0,0.0,0.0,0.0,0.0
ref,OPG092,EBC-06406,,77.0,,0.0,,1.0,,3.0,,0.0,,0.0,,0.0,,0.0,,0.0,,4.0,-4.0,-3.0,-1.0,0.0,0.0,0.0,0.0,0.0,0.0
ref,OPG092,EBC-06633,,88.0,,0.0,,1.0,,1.0,,0.0,,0.0,,0.0,,0.0,,0.0,,2.0,-2.0,-1.0,-1.0,0.0,0.0,0.0,0.0,0.0,0.0
ref,OPG092,EBC-06727,,2.0,,0.0,,2.0,,5.0,,0.0,,0.0,,0.0,,0.0,,0.0,,7.0,-7.0,-5.0,-2.0,0.0,0.0,0.0,0.0,0.0,0.0
ref,OPG092,EBC-07224,,7.0,,0.0,,3.0,,4.0,,0.0,,0.0,,0.0,,0.0,,0.0,,7.0,-7.0,-4.0,-3.0,0.0,0.0,0.0,0.0,0.0,0.0
ref,OPG092,EBC-07225,,3.0,,0.0,,3.0,,3.0,,0.0,,0.0,,0.0,,0.0,,0.0,,6.0,-6.0,-3.0,-3.0,0.0,0.0,0.0,0.0,0.0,0.0
ref,OPG092,EBC-07226,,8.0,,0.0,,3.0,,4.0,,0.0,,0.0,,0.0,,0.0,,0.0,,7.0,-7.0,-4.0,-3.0,0.0,0.0,0.0,0.0,0.0,0.0
ref,OPG092,EBC-07353,,74.0,,0.0,,1.0,,5.0,,0.0,,0.0,,0.0,,0.0,,0.0,,6.0,-6.0,-5.0,-1.0,0.0,0.0,0.0,0.0,0.0,0.0
ref,OPG092,EBC-07366,,65.0,,0.0,,3.0,,0.0,,0.0,,0.0,,0.0,,0.0,,0.0,,3.0,-3.0,0.0,-3.0,0.0,0.0,0.0,0.0,0.0,0.0
ref,OPG092,EBC-07481,,28.0,,0.0,,1.0,,1.0,,0.0,,0.0,,0.0,,0.0,,0.0,,2.0,-2.0,-1.0,-1.0,0.0,0.0,0.0,0.0,0.0,0.0
ref,OPG092,EBC-08098,,14.0,,0.0,,0.0,,4.0,,0.0,,0.0,,0.0,,0.0,,0.0,,4.0,-4.0,-4.0,0.0,0.0,0.0,0.0,0.0,0.0,0.0
ref,OPG092,EBC-08122,,44.0,,0.0,,1.0,,1.0,,0.0,,0.0,,0.0,,0.0,,0.0,,2.0,-2.0,-1.0,-1.0,0.0,0.0,0.0,0.0,0.0,0.0
ref,OPG092,EBC-08136,,59.0,,0.0,,1.0,,0.0,,0.0,,0.0,,0.0,,0.0,,0.0,,1.0,-1.0,0.0,-1.0,0.0,0.0,0.0,0.0,0.0,0.0
ref,OPG092,EBC-08163,,52.0,,0.0,,2.0,,2.0,,0.0,,0.0,,0.0,,0.0,,0.0,,4.0,-4.0,-2.0,-2.0,0.0,0.0,0.0,0.0,0.0,0.0
ref,OPG092,EBC-08303,,42.0,,0.0,,1.0,,0.0,,0.0,,0.0,,1.0,,0.0,,0.0,,2.0,-2.0,0.0,-1.0,0.0,0.0,-1.0,0.0,0.0,0.0
ref,OPG092,EBC-08527,,76.0,,0.0,,1.0,,0.0,,0.0,,0.0,,0.0,,0.0,,0.0,,1.0,-1.0,0.0,-1.0,0.0,0.0,0.0,0.0,0.0,0.0
ref,OPG092,EBC-08762,,37.0,,0.0,,0.0,,0.0,,0.0,,0.0,,0.0,,0.0,,0.0,,0.0,0.0,0.0,0.0,0.0,0.0,0.0,0.0,0.0,0.0
ref,OPG092,EBC-11098,,20.0,,0.0,,2.0,,1.0,,0.0,,0.0,,0.0,,3.0,,0.0,,6.0,-6.0,-1.0,-2.0,0.0,-3.0,0.0,0.0,0.0,0.0
ref,OPG092,EBC-12763,,83.0,,0.0,,1.0,,1.0,,0.0,,0.0,,1.0,,0.0,,0.0,,3.0,-3.0,-1.0,-1.0,0.0,0.0,-1.0,0.0,0.0,0.0
ref,OPG092,EBC-12850,,61.0,,0.0,,1.0,,0.0,,2.0,,0.0,,2.0,,0.0,,0.0,,5.0,-5.0,0.0,-1.0,0.0,0.0,-2.0,0.0,0.0,-2.0
ref,OPG092,EBC-13843,,70.0,,0.0,,2.0,,0.0,,0.0,,0.0,,0.0,,0.0,,0.0,,2.0,-2.0,0.0,-2.0,0.0,0.0,0.0,0.0,0.0,0.0
ref,OPG092,EBC-13902,,16.0,,0.0,,1.0,,0.0,,0.0,,0.0,,0.0,,0.0,,0.0,,1.0,-1.0,0.0,-1.0,0.0,0.0,0.0,0.0,0.0,0.0
ref,OPG092,EBC-145175,,32.0,,0.0,,1.0,,0.0,,0.0,,0.0,,0.0,,0.0,,0.0,,1.0,-1.0,0.0,-1.0,0.0,0.0,0.0,0.0,0.0,0.0
ref,OPG092,EBC-152176,,99.0,,0.0,,3.0,,0.0,,0.0,,0.0,,0.0,,0.0,,0.0,,3.0,-3.0,0.0,-3.0,0.0,0.0,0.0,0.0,0.0,0.0
ref,OPG092,EBC-152242,,45.0,,0.0,,2.0,,0.0,,0.0,,0.0,,0.0,,1.0,,0.0,,3.0,-3.0,0.0,-2.0,0.0,-1.0,0.0,0.0,0.0,0.0
ref,OPG092,EBC-157078,,87.0,,0.0,,2.0,,6.0,,0.0,,0.0,,0.0,,0.0,,0.0,,8.0,-8.0,-6.0,-2.0,0.0,0.0,0.0,0.0,0.0,0.0
ref,OPG092,EBC-157193,,6.0,,0.0,,3.0,,4.0,,0.0,,0.0,,0.0,,0.0,,0.0,,7.0,-7.0,-4.0,-3.0,0.0,0.0,0.0,0.0,0.0,0.0
ref,OPG092,EBC-17049,,68.0,,0.0,,0.0,,0.0,,1.0,,0.0,,0.0,,0.0,,0.0,,1.0,-1.0,0.0,0.0,0.0,0.0,0.0,0.0,0.0,-1.0
ref,OPG092,EBC-208022,,34.0,,0.0,,1.0,,1.0,,0.0,,0.0,,0.0,,0.0,,0.0,,2.0,-2.0,-1.0,-1.0,0.0,0.0,0.0,0.0,0.0,0.0
ref,OPG092,EBC-251052,,79.0,,0.0,,2.0,,0.0,,0.0,,0.0,,0.0,,1.0,,0.0,,3.0,-3.0,0.0,-2.0,0.0,-1.0,0.0,0.0,0.0,0.0
ref,OPG092,EBC-253170,,60.0,,0.0,,2.0,,1.0,,0.0,,0.0,,0.0,,1.0,,0.0,,4.0,-4.0,-1.0,-2.0,0.0,-1.0,0.0,0.0,0.0,0.0
ref,OPG092,EBC-26036,,66.0,,0.0,,1.0,,0.0,,0.0,,0.0,,0.0,,0.0,,0.0,,1.0,-1.0,0.0,-1.0,0.0,0.0,0.0,0.0,0.0,0.0
ref,OPG092,EBC-26044,,90.0,,0.0,,1.0,,3.0,,0.0,,0.0,,0.0,,0.0,,0.0,,4.0,-4.0,-3.0,-1.0,0.0,0.0,0.0,0.0,0.0,0.0
ref,OPG092,EBC-26052,,96.0,,0.0,,3.0,,0.0,,0.0,,0.0,,0.0,,0.0,,0.0,,3.0,-3.0,0.0,-3.0,0.0,0.0,0.0,0.0,0.0,0.0
ref,OPG092,EBC-27022,,11.0,,1.0,,2.0,,6.0,,0.0,,0.0,,0.0,,0.0,,0.0,,9.0,-9.0,-6.0,-2.0,0.0,0.0,0.0,0.0,-1.0,0.0
ref,OPG092,EBC-289041,,9.0,,0.0,,0.0,,5.0,,0.0,,0.0,,0.0,,0.0,,0.0,,5.0,-5.0,-5.0,0.0,0.0,0.0,0.0,0.0,0.0,0.0
ref,OPG092,EBC-381049,,62.0,,0.0,,1.0,,0.0,,0.0,,0.0,,0.0,,0.0,,0.0,,1.0,-1.0,0.0,-1.0,0.0,0.0,0.0,0.0,0.0,0.0
ref,OPG092,EBC-381057,,91.0,,0.0,,1.0,,0.0,,0.0,,0.0,,1.0,,0.0,,0.0,,2.0,-2.0,0.0,-1.0,0.0,0.0,-1.0,0.0,0.0,0.0
ref,OPG092,EBC-44096,,50.0,,0.0,,1.0,,1.0,,0.0,,0.0,,0.0,,0.0,,0.0,,2.0,-2.0,-1.0,-1.0,0.0,0.0,0.0,0.0,0.0,0.0
ref,OPG092,EBC-44384,,41.0,,0.0,,1.0,,3.0,,0.0,,0.0,,0.0,,0.0,,0.0,,4.0,-4.0,-3.0,-1.0,0.0,0.0,0.0,0.0,0.0,0.0
ref,OPG092,EBC-46286,,12.0,,0.0,,1.0,,4.0,,0.0,,1.0,,0.0,,0.0,,0.0,,6.0,-6.0,-4.0,-1.0,0.0,0.0,0.0,-1.0,0.0,0.0
ref,OPG092,EBC-47187,,22.0,,0.0,,2.0,,0.0,,0.0,,0.0,,0.0,,0.0,,0.0,,2.0,-2.0,0.0,-2.0,0.0,0.0,0.0,0.0,0.0,0.0
ref,OPG092,EBC-47216,,21.0,,0.0,,2.0,,0.0,,0.0,,2.0,,0.0,,0.0,,0.0,,4.0,-4.0,0.0,-2.0,0.0,0.0,0.0,-2.0,0.0,0.0
ref,OPG092,EBC-47314,,54.0,,0.0,,1.0,,1.0,,0.0,,0.0,,0.0,,0.0,,0.0,,2.0,-2.0,-1.0,-1.0,0.0,0.0,0.0,0.0,0.0,0.0
ref,OPG092,EBC-48116,,48.0,,0.0,,0.0,,0.0,,0.0,,0.0,,0.0,,0.0,,0.0,,0.0,0.0,0.0,0.0,0.0,0.0,0.0,0.0,0.0,0.0
ref,OPG092,EBC-48191,,100.0,,0.0,,0.0,,0.0,,0.0,,0.0,,0.0,,0.0,,0.0,,0.0,0.0,0.0,0.0,0.0,0.0,0.0,0.0,0.0,0.0
ref,OPG092,EBC-54232,,15.0,,0.0,,2.0,,10.0,,0.0,,0.0,,1.0,,0.0,,0.0,,13.0,-13.0,-10.0,-2.0,0.0,0.0,-1.0,0.0,0.0,0.0
ref,OPG092,EBC-73130,,10.0,,0.0,,2.0,,4.0,,0.0,,0.0,,0.0,,0.0,,0.0,,6.0,-6.0,-4.0,-2.0,0.0,0.0,0.0,0.0,0.0,0.0
ref,OPG092,EBC-75135,,72.0,,0.0,,0.0,,0.0,,0.0,,1.0,,0.0,,0.0,,0.0,,1.0,-1.0,0.0,0.0,0.0,0.0,0.0,-1.0,0.0,0.0
ref,OPG092,EBC-99057,,13.0,,0.0,,1.0,,3.0,,0.0,,0.0,,0.0,,0.0,,0.0,,4.0,-4.0,-3.0,-1.0,0.0,0.0,0.0,0.0,0.0,0.0
ref,OPG092,EBC-99100,,23.0,,0.0,,2.0,,0.0,,0.0,,0.0,,0.0,,0.0,,0.0,,2.0,-2.0,0.0,-2.0,0.0,0.0,0.0,0.0,0.0,0.0
ref,OPG112,EBC-00532,,56.0,,0.0,,3.0,,0.0,,0.0,,0.0,,1.0,,0.0,,0.0,,4.0,-4.0,0.0,-3.0,0.0,0.0,-1.0,0.0,0.0,0.0
ref,OPG112,EBC-00537,,12.0,,0.0,,0.0,,1.0,,0.0,,0.0,,0.0,,1.0,,0.0,,2.0,-2.0,-1.0,0.0,0.0,-1.0,0.0,0.0,0.0,0.0
ref,OPG112,EBC-00588,,100.0,,0.0,,1.0,,2.0,,0.0,,2.0,,1.0,,0.0,,0.0,,6.0,-6.0,-2.0,-1.0,0.0,0.0,-1.0,-2.0,0.0,0.0
ref,OPG112,EBC-00625,94.0,,0.0,,27.0,,115.0,,0.0,,2.0,,1.0,,1.0,,0.0,,146.0,,146.0,115.0,27.0,0.0,1.0,1.0,2.0,0.0,0.0
ref,OPG112,EBC-00635,,8.0,,0.0,,2.0,,1.0,,0.0,,1.0,,1.0,,0.0,,0.0,,5.0,-5.0,-1.0,-2.0,0.0,0.0,-1.0,-1.0,0.0,0.0
ref,OPG112,EBC-00692,88.0,,0.0,,74.0,,85.0,,0.0,,0.0,,0.0,,12.0,,0.0,,171.0,,171.0,85.0,74.0,0.0,12.0,0.0,0.0,0.0,0.0
ref,OPG112,EBC-00696,59.0,,3.0,,32.0,,180.0,,0.0,,2.0,,0.0,,5.0,,0.0,,222.0,,222.0,180.0,32.0,0.0,5.0,0.0,2.0,3.0,0.0
ref,OPG112,EBC-00711,86.0,,0.0,,11.0,,167.0,,0.0,,0.0,,0.0,,12.0,,0.0,,190.0,,190.0,167.0,11.0,0.0,12.0,0.0,0.0,0.0,0.0
ref,OPG112,EBC-01028,,37.0,,0.0,,0.0,,2.0,,0.0,,1.0,,0.0,,0.0,,0.0,,3.0,-3.0,-2.0,0.0,0.0,0.0,0.0,-1.0,0.0,0.0
ref,OPG112,EBC-01042,,14.0,,0.0,,1.0,,0.0,,0.0,,0.0,,0.0,,0.0,,0.0,,1.0,-1.0,0.0,-1.0,0.0,0.0,0.0,0.0,0.0,0.0
ref,OPG112,EBC-02024,,95.0,,0.0,,3.0,,4.0,,0.0,,0.0,,0.0,,0.0,,0.0,,7.0,-7.0,-4.0,-3.0,0.0,0.0,0.0,0.0,0.0,0.0
ref,OPG112,EBC-02034,,29.0,,0.0,,1.0,,1.0,,0.0,,0.0,,1.0,,1.0,,0.0,,4.0,-4.0,-1.0,-1.0,0.0,-1.0,-1.0,0.0,0.0,0.0
ref,OPG112,EBC-02079,28.0,,0.0,,43.0,,120.0,,0.0,,0.0,,0.0,,9.0,,0.0,,172.0,,172.0,120.0,43.0,0.0,9.0,0.0,0.0,0.0,0.0
ref,OPG112,EBC-03111,,72.0,,0.0,,0.0,,0.0,,0.0,,0.0,,0.0,,0.0,,0.0,,0.0,0.0,0.0,0.0,0.0,0.0,0.0,0.0,0.0,0.0
ref,OPG112,EBC-03220,,60.0,,0.0,,1.0,,2.0,,0.0,,0.0,,0.0,,0.0,,0.0,,3.0,-3.0,-2.0,-1.0,0.0,0.0,0.0,0.0,0.0,0.0
ref,OPG112,EBC-03250,,1.0,,0.0,,1.0,,4.0,,0.0,,1.0,,0.0,,0.0,,0.0,,6.0,-6.0,-4.0,-1.0,0.0,0.0,0.0,-1.0,0.0,0.0
ref,OPG112,EBC-03274,,6.0,,0.0,,1.0,,2.0,,0.0,,0.0,,0.0,,0.0,,0.0,,3.0,-3.0,-2.0,-1.0,0.0,0.0,0.0,0.0,0.0,0.0
ref,OPG112,EBC-03326,,62.0,,0.0,,1.0,,3.0,,0.0,,1.0,,0.0,,0.0,,0.0,,5.0,-5.0,-3.0,-1.0,0.0,0.0,0.0,-1.0,0.0,0.0
ref,OPG112,EBC-03337,,31.0,,0.0,,1.0,,0.0,,0.0,,0.0,,1.0,,0.0,,0.0,,2.0,-2.0,0.0,-1.0,0.0,0.0,-1.0,0.0,0.0,0.0
ref,OPG112,EBC-03344,,45.0,,0.0,,0.0,,2.0,,0.0,,1.0,,0.0,,0.0,,0.0,,3.0,-3.0,-2.0,0.0,0.0,0.0,0.0,-1.0,0.0,0.0
ref,OPG112,EBC-03357,,9.0,,0.0,,0.0,,4.0,,0.0,,1.0,,0.0,,0.0,,0.0,,5.0,-5.0,-4.0,0.0,0.0,0.0,0.0,-1.0,0.0,0.0
ref,OPG112,EBC-03435,,64.0,,0.0,,0.0,,0.0,,0.0,,0.0,,0.0,,0.0,,0.0,,0.0,0.0,0.0,0.0,0.0,0.0,0.0,0.0,0.0,0.0
ref,OPG112,EBC-03485,,66.0,,0.0,,1.0,,3.0,,0.0,,0.0,,0.0,,0.0,,0.0,,4.0,-4.0,-3.0,-1.0,0.0,0.0,0.0,0.0,0.0,0.0
ref,OPG112,EBC-03544,,27.0,,0.0,,1.0,,1.0,,0.0,,0.0,,0.0,,0.0,,0.0,,2.0,-2.0,-1.0,-1.0,0.0,0.0,0.0,0.0,0.0,0.0
ref,OPG112,EBC-03590,,76.0,,0.0,,0.0,,2.0,,0.0,,0.0,,0.0,,0.0,,0.0,,2.0,-2.0,-2.0,0.0,0.0,0.0,0.0,0.0,0.0,0.0
ref,OPG112,EBC-03645,,51.0,,0.0,,2.0,,0.0,,0.0,,0.0,,1.0,,1.0,,0.0,,4.0,-4.0,0.0,-2.0,0.0,-1.0,-1.0,0.0,0.0,0.0
ref,OPG112,EBC-03650,,80.0,,0.0,,2.0,,0.0,,0.0,,0.0,,1.0,,1.0,,0.0,,4.0,-4.0,0.0,-2.0,0.0,-1.0,-1.0,0.0,0.0,0.0
ref,OPG112,EBC-03769,,83.0,,0.0,,3.0,,5.0,,0.0,,1.0,,0.0,,0.0,,0.0,,9.0,-9.0,-5.0,-3.0,0.0,0.0,0.0,-1.0,0.0,0.0
ref,OPG112,EBC-03812,,41.0,,0.0,,2.0,,2.0,,0.0,,0.0,,0.0,,0.0,,0.0,,4.0,-4.0,-2.0,-2.0,0.0,0.0,0.0,0.0,0.0,0.0
ref,OPG112,EBC-03865,31.0,,0.0,,17.0,,188.0,,0.0,,4.0,,0.0,,0.0,,0.0,,209.0,,209.0,188.0,17.0,0.0,0.0,0.0,4.0,0.0,0.0
ref,OPG112,EBC-03883,,79.0,,0.0,,3.0,,3.0,,0.0,,0.0,,1.0,,0.0,,0.0,,7.0,-7.0,-3.0,-3.0,0.0,0.0,-1.0,0.0,0.0,0.0
ref,OPG112,EBC-04037,,96.0,,0.0,,1.0,,2.0,,0.0,,0.0,,0.0,,0.0,,0.0,,3.0,-3.0,-2.0,-1.0,0.0,0.0,0.0,0.0,0.0,0.0
ref,OPG112,EBC-04072,,59.0,,0.0,,0.0,,3.0,,0.0,,1.0,,0.0,,0.0,,0.0,,4.0,-4.0,-3.0,0.0,0.0,0.0,0.0,-1.0,0.0,0.0
ref,OPG112,EBC-04170,,36.0,,0.0,,1.0,,1.0,,0.0,,1.0,,0.0,,0.0,,0.0,,3.0,-3.0,-1.0,-1.0,0.0,0.0,0.0,-1.0,0.0,0.0
ref,OPG112,EBC-04189,,28.0,,0.0,,1.0,,1.0,,0.0,,0.0,,1.0,,1.0,,0.0,,4.0,-4.0,-1.0,-1.0,0.0,-1.0,-1.0,0.0,0.0,0.0
ref,OPG112,EBC-04270,,69.0,,0.0,,1.0,,0.0,,0.0,,0.0,,0.0,,0.0,,0.0,,1.0,-1.0,0.0,-1.0,0.0,0.0,0.0,0.0,0.0,0.0
ref,OPG112,EBC-04271,,52.0,,0.0,,1.0,,0.0,,0.0,,0.0,,0.0,,0.0,,0.0,,1.0,-1.0,0.0,-1.0,0.0,0.0,0.0,0.0,0.0,0.0
ref,OPG112,EBC-04421,,88.0,,0.0,,1.0,,4.0,,0.0,,2.0,,1.0,,0.0,,0.0,,8.0,-8.0,-4.0,-1.0,0.0,0.0,-1.0,-2.0,0.0,0.0
ref,OPG112,EBC-06039,,47.0,,0.0,,1.0,,1.0,,0.0,,0.0,,0.0,,0.0,,0.0,,2.0,-2.0,-1.0,-1.0,0.0,0.0,0.0,0.0,0.0,0.0
ref,OPG112,EBC-06061,37.0,,0.0,,50.0,,92.0,,0.0,,1.0,,2.0,,8.0,,0.0,,153.0,,153.0,92.0,50.0,0.0,8.0,2.0,1.0,0.0,0.0
ref,OPG112,EBC-06062,14.0,,0.0,,44.0,,165.0,,0.0,,2.0,,3.0,,10.0,,0.0,,224.0,,224.0,165.0,44.0,0.0,10.0,3.0,2.0,0.0,0.0
ref,OPG112,EBC-06222,,86.0,,0.0,,1.0,,3.0,,0.0,,0.0,,0.0,,0.0,,0.0,,4.0,-4.0,-3.0,-1.0,0.0,0.0,0.0,0.0,0.0,0.0
ref,OPG112,EBC-06239,,7.0,,0.0,,0.0,,6.0,,0.0,,0.0,,0.0,,0.0,,0.0,,6.0,-6.0,-6.0,0.0,0.0,0.0,0.0,0.0,0.0,0.0
ref,OPG112,EBC-06264,,87.0,,0.0,,1.0,,4.0,,0.0,,1.0,,0.0,,0.0,,0.0,,6.0,-6.0,-4.0,-1.0,0.0,0.0,0.0,-1.0,0.0,0.0
ref,OPG112,EBC-06298,,54.0,,0.0,,1.0,,0.0,,0.0,,0.0,,1.0,,0.0,,0.0,,2.0,-2.0,0.0,-1.0,0.0,0.0,-1.0,0.0,0.0,0.0
ref,OPG112,EBC-06304,,94.0,,0.0,,1.0,,1.0,,0.0,,0.0,,0.0,,1.0,,0.0,,3.0,-3.0,-1.0,-1.0,0.0,-1.0,0.0,0.0,0.0,0.0
ref,OPG112,EBC-06319,,67.0,,0.0,,0.0,,6.0,,0.0,,2.0,,0.0,,0.0,,0.0,,8.0,-8.0,-6.0,0.0,0.0,0.0,0.0,-2.0,0.0,0.0
ref,OPG112,EBC-06342,,81.0,,0.0,,1.0,,0.0,,0.0,,2.0,,0.0,,0.0,,0.0,,3.0,-3.0,0.0,-1.0,0.0,0.0,0.0,-2.0,0.0,0.0
ref,OPG112,EBC-06372,,38.0,,0.0,,2.0,,1.0,,0.0,,0.0,,0.0,,0.0,,0.0,,3.0,-3.0,-1.0,-2.0,0.0,0.0,0.0,0.0,0.0,0.0
ref,OPG112,EBC-06383,,99.0,,0.0,,4.0,,4.0,,0.0,,0.0,,1.0,,0.0,,0.0,,9.0,-9.0,-4.0,-4.0,0.0,0.0,-1.0,0.0,0.0,0.0
ref,OPG112,EBC-06524,,19.0,,0.0,,1.0,,2.0,,0.0,,0.0,,0.0,,0.0,,0.0,,3.0,-3.0,-2.0,-1.0,0.0,0.0,0.0,0.0,0.0,0.0
ref,OPG112,EBC-06525,,18.0,,0.0,,2.0,,1.0,,0.0,,1.0,,0.0,,0.0,,0.0,,4.0,-4.0,-1.0,-2.0,0.0,0.0,0.0,-1.0,0.0,0.0
ref,OPG112,EBC-06531,,40.0,,0.0,,1.0,,5.0,,0.0,,0.0,,1.0,,0.0,,0.0,,7.0,-7.0,-5.0,-1.0,0.0,0.0,-1.0,0.0,0.0,0.0
ref,OPG112,EBC-06587,,71.0,,0.0,,0.0,,1.0,,0.0,,1.0,,1.0,,0.0,,0.0,,3.0,-3.0,-1.0,0.0,0.0,0.0,-1.0,-1.0,0.0,0.0
ref,OPG112,EBC-06793,,30.0,,0.0,,0.0,,0.0,,0.0,,0.0,,1.0,,0.0,,0.0,,1.0,-1.0,0.0,0.0,0.0,0.0,-1.0,0.0,0.0,0.0
ref,OPG112,EBC-06800,,57.0,,0.0,,0.0,,3.0,,0.0,,0.0,,0.0,,0.0,,0.0,,3.0,-3.0,-3.0,0.0,0.0,0.0,0.0,0.0,0.0,0.0
ref,OPG112,EBC-06975,,22.0,,0.0,,2.0,,0.0,,0.0,,0.0,,0.0,,0.0,,0.0,,2.0,-2.0,0.0,-2.0,0.0,0.0,0.0,0.0,0.0,0.0
ref,OPG112,EBC-07037,9.0,,0.0,,14.0,,223.0,,0.0,,0.0,,0.0,,0.0,,0.0,,237.0,,237.0,223.0,14.0,0.0,0.0,0.0,0.0,0.0,0.0
ref,OPG112,EBC-07077,,85.0,,0.0,,2.0,,2.0,,0.0,,1.0,,0.0,,0.0,,0.0,,5.0,-5.0,-2.0,-2.0,0.0,0.0,0.0,-1.0,0.0,0.0
ref,OPG112,EBC-07157,82.0,,0.0,,45.0,,88.0,,0.0,,3.0,,0.0,,7.0,,0.0,,143.0,,143.0,88.0,45.0,0.0,7.0,0.0,3.0,0.0,0.0
ref,OPG112,EBC-07178,,25.0,,0.0,,1.0,,3.0,,0.0,,1.0,,1.0,,0.0,,0.0,,6.0,-6.0,-3.0,-1.0,0.0,0.0,-1.0,-1.0,0.0,0.0
ref,OPG112,EBC-07363,,49.0,,0.0,,1.0,,2.0,,0.0,,1.0,,1.0,,0.0,,0.0,,5.0,-5.0,-2.0,-1.0,0.0,0.0,-1.0,-1.0,0.0,0.0
ref,OPG112,EBC-07425,,92.0,,0.0,,0.0,,3.0,,0.0,,2.0,,0.0,,0.0,,0.0,,5.0,-5.0,-3.0,0.0,0.0,0.0,0.0,-2.0,0.0,0.0
ref,OPG112,EBC-07462,99.0,,0.0,,51.0,,111.0,,0.0,,2.0,,3.0,,6.0,,0.0,,173.0,,173.0,111.0,51.0,0.0,6.0,3.0,2.0,0.0,0.0
ref,OPG112,EBC-07498,,97.0,,1.0,,1.0,,3.0,,0.0,,3.0,,1.0,,0.0,,0.0,,9.0,-9.0,-3.0,-1.0,0.0,0.0,-1.0,-3.0,-1.0,0.0
ref,OPG112,EBC-07504,,91.0,,0.0,,1.0,,4.0,,0.0,,2.0,,1.0,,0.0,,0.0,,8.0,-8.0,-4.0,-1.0,0.0,0.0,-1.0,-2.0,0.0,0.0
ref,OPG112,EBC-07511,,5.0,,0.0,,1.0,,5.0,,0.0,,1.0,,1.0,,0.0,,0.0,,8.0,-8.0,-5.0,-1.0,0.0,0.0,-1.0,-1.0,0.0,0.0
ref,OPG112,EBC-07557,42.0,,0.0,,54.0,,117.0,,0.0,,3.0,,0.0,,5.0,,0.0,,179.0,,179.0,117.0,54.0,0.0,5.0,0.0,3.0,0.0,0.0
ref,OPG112,EBC-07606,93.0,,0.0,,19.0,,167.0,,0.0,,0.0,,2.0,,2.0,,0.0,,190.0,,190.0,167.0,19.0,0.0,2.0,2.0,0.0,0.0,0.0
ref,OPG112,EBC-07670,24.0,,0.0,,52.0,,131.0,,0.0,,1.0,,0.0,,7.0,,0.0,,191.0,,191.0,131.0,52.0,0.0,7.0,0.0,1.0,0.0,0.0
ref,OPG112,EBC-07868,39.0,,0.0,,77.0,,110.0,,0.0,,2.0,,0.0,,7.0,,0.0,,196.0,,196.0,110.0,77.0,0.0,7.0,0.0,2.0,0.0,0.0
ref,OPG112,EBC-07954,,2.0,,0.0,,2.0,,3.0,,0.0,,0.0,,0.0,,0.0,,0.0,,5.0,-5.0,-3.0,-2.0,0.0,0.0,0.0,0.0,0.0,0.0
ref,OPG112,EBC-07988,45.0,,5.0,,80.0,,146.0,,0.0,,3.0,,1.0,,19.0,,0.0,,254.0,,254.0,146.0,80.0,0.0,19.0,1.0,3.0,5.0,0.0
ref,OPG112,EBC-08123,,11.0,,0.0,,0.0,,5.0,,0.0,,0.0,,0.0,,0.0,,0.0,,5.0,-5.0,-5.0,0.0,0.0,0.0,0.0,0.0,0.0,0.0
ref,OPG112,EBC-08161,,77.0,,0.0,,1.0,,3.0,,0.0,,0.0,,0.0,,0.0,,0.0,,4.0,-4.0,-3.0,-1.0,0.0,0.0,0.0,0.0,0.0,0.0
ref,OPG112,EBC-08204,,90.0,,0.0,,1.0,,3.0,,0.0,,1.0,,0.0,,0.0,,0.0,,5.0,-5.0,-3.0,-1.0,0.0,0.0,0.0,-1.0,0.0,0.0
ref,OPG112,EBC-08319,,34.0,,0.0,,0.0,,2.0,,0.0,,0.0,,0.0,,0.0,,0.0,,2.0,-2.0,-2.0,0.0,0.0,0.0,0.0,0.0,0.0,0.0
ref,OPG112,EBC-08328,,44.0,,0.0,,0.0,,1.0,,0.0,,0.0,,1.0,,0.0,,0.0,,2.0,-2.0,-1.0,0.0,0.0,0.0,-1.0,0.0,0.0,0.0
ref,OPG112,EBC-08560,79.0,,0.0,,51.0,,128.0,,0.0,,2.0,,0.0,,3.0,,0.0,,184.0,,184.0,128.0,51.0,0.0,3.0,0.0,2.0,0.0,0.0
ref,OPG112,EBC-08671,69.0,,0.0,,63.0,,115.0,,0.0,,1.0,,1.0,,11.0,,0.0,,191.0,,191.0,115.0,63.0,0.0,11.0,1.0,1.0,0.0,0.0
ref,OPG112,EBC-08788,53.0,,0.0,,33.0,,154.0,,0.0,,7.0,,0.0,,4.0,,0.0,,198.0,,198.0,154.0,33.0,0.0,4.0,0.0,7.0,0.0,0.0
ref,OPG112,EBC-08908,40.0,,3.0,,105.0,,107.0,,0.0,,1.0,,0.0,,6.0,,0.0,,222.0,,222.0,107.0,105.0,0.0,6.0,0.0,1.0,3.0,0.0
ref,OPG112,EBC-08915,47.0,,0.0,,30.0,,148.0,,0.0,,1.0,,3.0,,12.0,,0.0,,194.0,,194.0,148.0,30.0,0.0,12.0,3.0,1.0,0.0,0.0
ref,OPG112,EBC-09085,74.0,,0.0,,50.0,,117.0,,0.0,,0.0,,1.0,,7.0,,0.0,,175.0,,175.0,117.0,50.0,0.0,7.0,1.0,0.0,0.0,0.0
ref,OPG112,EBC-09132,91.0,,8.0,,53.0,,92.0,,0.0,,1.0,,0.0,,14.0,,0.0,,168.0,,168.0,92.0,53.0,0.0,14.0,0.0,1.0,8.0,0.0
ref,OPG112,EBC-09202,68.0,,3.0,,71.0,,118.0,,0.0,,2.0,,2.0,,5.0,,0.0,,201.0,,201.0,118.0,71.0,0.0,5.0,2.0,2.0,3.0,0.0
ref,OPG112,EBC-11029,16.0,,0.0,,74.0,,144.0,,0.0,,0.0,,1.0,,14.0,,0.0,,233.0,,233.0,144.0,74.0,0.0,14.0,1.0,0.0,0.0,0.0
ref,OPG112,EBC-11069,30.0,,0.0,,52.0,,128.0,,0.0,,1.0,,0.0,,5.0,,0.0,,186.0,,186.0,128.0,52.0,0.0,5.0,0.0,1.0,0.0,0.0
ref,OPG112,EBC-11230,81.0,,0.0,,86.0,,146.0,,0.0,,1.0,,2.0,,15.0,,0.0,,250.0,,250.0,146.0,86.0,0.0,15.0,2.0,1.0,0.0,0.0
ref,OPG112,EBC-11281,55.0,,21.0,,22.0,,94.0,,0.0,,1.0,,0.0,,9.0,,0.0,,147.0,,147.0,94.0,22.0,0.0,9.0,0.0,1.0,21.0,0.0
ref,OPG112,EBC-11429,80.0,,0.0,,62.0,,107.0,,0.0,,1.0,,2.0,,15.0,,0.0,,187.0,,187.0,107.0,62.0,0.0,15.0,2.0,1.0,0.0,0.0
ref,OPG112,EBC-11433,27.0,,5.0,,78.0,,113.0,,0.0,,2.0,,0.0,,15.0,,0.0,,213.0,,213.0,113.0,78.0,0.0,15.0,0.0,2.0,5.0,0.0
ref,OPG112,EBC-118033,85.0,,7.0,,60.0,,77.0,,0.0,,3.0,,0.0,,15.0,,0.0,,162.0,,162.0,77.0,60.0,0.0,15.0,0.0,3.0,7.0,0.0
ref,OPG112,EBC-12197,,82.0,,0.0,,0.0,,0.0,,0.0,,0.0,,0.0,,0.0,,0.0,,0.0,0.0,0.0,0.0,0.0,0.0,0.0,0.0,0.0,0.0
ref,OPG112,EBC-12273,58.0,,0.0,,55.0,,126.0,,0.0,,4.0,,0.0,,4.0,,0.0,,189.0,,189.0,126.0,55.0,0.0,4.0,0.0,4.0,0.0,0.0
ref,OPG112,EBC-12468,89.0,,0.0,,65.0,,105.0,,0.0,,1.0,,1.0,,19.0,,0.0,,191.0,,191.0,105.0,65.0,0.0,19.0,1.0,1.0,0.0,0.0
ref,OPG112,EBC-127031,,70.0,,0.0,,0.0,,2.0,,0.0,,0.0,,0.0,,1.0,,0.0,,3.0,-3.0,-2.0,0.0,0.0,-1.0,0.0,0.0,0.0,0.0
ref,OPG112,EBC-12742,,73.0,,0.0,,1.0,,2.0,,0.0,,0.0,,0.0,,0.0,,0.0,,3.0,-3.0,-2.0,-1.0,0.0,0.0,0.0,0.0,0.0,0.0
ref,OPG112,EBC-12771,,43.0,,0.0,,0.0,,0.0,,0.0,,0.0,,0.0,,0.0,,0.0,,0.0,0.0,0.0,0.0,0.0,0.0,0.0,0.0,0.0,0.0
ref,OPG112,EBC-12821,41.0,,0.0,,81.0,,73.0,,0.0,,1.0,,0.0,,14.0,,0.0,,169.0,,169.0,73.0,81.0,0.0,14.0,0.0,1.0,0.0,0.0
ref,OPG112,EBC-12825,96.0,,4.0,,28.0,,158.0,,0.0,,4.0,,0.0,,5.0,,0.0,,199.0,,199.0,158.0,28.0,0.0,5.0,0.0,4.0,4.0,0.0
ref,OPG112,EBC-13045,62.0,,12.0,,56.0,,86.0,,0.0,,1.0,,1.0,,11.0,,0.0,,167.0,,167.0,86.0,56.0,0.0,11.0,1.0,1.0,12.0,0.0
ref,OPG112,EBC-13064,71.0,,11.0,,68.0,,109.0,,0.0,,0.0,,1.0,,11.0,,0.0,,200.0,,200.0,109.0,68.0,0.0,11.0,1.0,0.0,11.0,0.0
ref,OPG112,EBC-13071,66.0,,0.0,,51.0,,158.0,,0.0,,1.0,,0.0,,1.0,,0.0,,211.0,,211.0,158.0,51.0,0.0,1.0,0.0,1.0,0.0,0.0
ref,OPG112,EBC-131022,95.0,,8.0,,75.0,,101.0,,0.0,,0.0,,1.0,,7.0,,0.0,,192.0,,192.0,101.0,75.0,0.0,7.0,1.0,0.0,8.0,0.0
ref,OPG112,EBC-13120,63.0,,0.0,,69.0,,100.0,,0.0,,1.0,,0.0,,10.0,,0.0,,180.0,,180.0,100.0,69.0,0.0,10.0,0.0,1.0,0.0,0.0
ref,OPG112,EBC-13129,78.0,,8.0,,54.0,,81.0,,0.0,,0.0,,0.0,,14.0,,0.0,,157.0,,157.0,81.0,54.0,0.0,14.0,0.0,0.0,8.0,0.0
ref,OPG112,EBC-13165,65.0,,0.0,,158.0,,39.0,,0.0,,1.0,,0.0,,26.0,,0.0,,224.0,,224.0,39.0,158.0,0.0,26.0,0.0,1.0,0.0,0.0
ref,OPG112,EBC-13379,18.0,,0.0,,56.0,,171.0,,0.0,,3.0,,1.0,,20.0,,0.0,,251.0,,251.0,171.0,56.0,0.0,20.0,1.0,3.0,0.0,0.0
ref,OPG112,EBC-13403,,16.0,,0.0,,0.0,,1.0,,0.0,,0.0,,1.0,,0.0,,0.0,,2.0,-2.0,-1.0,0.0,0.0,0.0,-1.0,0.0,0.0,0.0
ref,OPG112,EBC-13572,44.0,,4.0,,55.0,,119.0,,0.0,,3.0,,2.0,,5.0,,0.0,,188.0,,188.0,119.0,55.0,0.0,5.0,2.0,3.0,4.0,0.0
ref,OPG112,EBC-13579,23.0,,0.0,,92.0,,93.0,,0.0,,0.0,,0.0,,19.0,,0.0,,204.0,,204.0,93.0,92.0,0.0,19.0,0.0,0.0,0.0,0.0
ref,OPG112,EBC-13607,2.0,,0.0,,79.0,,167.0,,0.0,,1.0,,0.0,,6.0,,0.0,,253.0,,253.0,167.0,79.0,0.0,6.0,0.0,1.0,0.0,0.0
ref,OPG112,EBC-14147,73.0,,0.0,,68.0,,78.0,,0.0,,2.0,,3.0,,10.0,,0.0,,161.0,,161.0,78.0,68.0,0.0,10.0,3.0,2.0,0.0,0.0
ref,OPG112,EBC-14214,84.0,,1.0,,43.0,,162.0,,0.0,,2.0,,2.0,,1.0,,0.0,,211.0,,211.0,162.0,43.0,0.0,1.0,2.0,2.0,1.0,0.0
ref,OPG112,EBC-145085,87.0,,3.0,,64.0,,87.0,,0.0,,0.0,,0.0,,13.0,,0.0,,167.0,,167.0,87.0,64.0,0.0,13.0,0.0,0.0,3.0,0.0
ref,OPG112,EBC-145205,,39.0,,0.0,,0.0,,4.0,,0.0,,1.0,,0.0,,0.0,,0.0,,5.0,-5.0,-4.0,0.0,0.0,0.0,0.0,-1.0,0.0,0.0
ref,OPG112,EBC-145226,10.0,,0.0,,72.0,,113.0,,0.0,,1.0,,0.0,,16.0,,0.0,,202.0,,202.0,113.0,72.0,0.0,16.0,0.0,1.0,0.0,0.0
ref,OPG112,EBC-14665,,17.0,,0.0,,0.0,,1.0,,0.0,,0.0,,0.0,,0.0,,0.0,,1.0,-1.0,-1.0,0.0,0.0,0.0,0.0,0.0,0.0,0.0
ref,OPG112,EBC-148031,20.0,,0.0,,64.0,,158.0,,0.0,,3.0,,7.0,,8.0,,0.0,,240.0,,240.0,158.0,64.0,0.0,8.0,7.0,3.0,0.0,0.0
ref,OPG112,EBC-148079,,23.0,,0.0,,0.0,,2.0,,0.0,,1.0,,0.0,,0.0,,0.0,,3.0,-3.0,-2.0,0.0,0.0,0.0,0.0,-1.0,0.0,0.0
ref,OPG112,EBC-149077,,42.0,,0.0,,0.0,,3.0,,0.0,,0.0,,2.0,,1.0,,0.0,,6.0,-6.0,-3.0,0.0,0.0,-1.0,-2.0,0.0,0.0,0.0
ref,OPG112,EBC-149094,34.0,,0.0,,57.0,,112.0,,0.0,,2.0,,1.0,,9.0,,0.0,,181.0,,181.0,112.0,57.0,0.0,9.0,1.0,2.0,0.0,0.0
ref,OPG112,EBC-151141,,89.0,,0.0,,1.0,,3.0,,0.0,,0.0,,1.0,,1.0,,0.0,,6.0,-6.0,-3.0,-1.0,0.0,-1.0,-1.0,0.0,0.0,0.0
ref,OPG112,EBC-152070,,55.0,,0.0,,2.0,,2.0,,0.0,,1.0,,0.0,,1.0,,0.0,,6.0,-6.0,-2.0,-2.0,0.0,-1.0,0.0,-1.0,0.0,0.0
ref,OPG112,EBC-152195,,68.0,,0.0,,1.0,,1.0,,0.0,,0.0,,0.0,,0.0,,0.0,,2.0,-2.0,-1.0,-1.0,0.0,0.0,0.0,0.0,0.0,0.0
ref,OPG112,EBC-152349,,24.0,,0.0,,1.0,,3.0,,0.0,,1.0,,1.0,,0.0,,0.0,,6.0,-6.0,-3.0,-1.0,0.0,0.0,-1.0,-1.0,0.0,0.0
ref,OPG112,EBC-153025,,63.0,,0.0,,1.0,,1.0,,0.0,,0.0,,0.0,,0.0,,0.0,,2.0,-2.0,-1.0,-1.0,0.0,0.0,0.0,0.0,0.0,0.0
ref,OPG112,EBC-153169,,61.0,,0.0,,0.0,,0.0,,0.0,,0.0,,0.0,,0.0,,0.0,,0.0,0.0,0.0,0.0,0.0,0.0,0.0,0.0,0.0,0.0
ref,OPG112,EBC-154051,,3.0,,0.0,,1.0,,2.0,,0.0,,0.0,,0.0,,0.0,,0.0,,3.0,-3.0,-2.0,-1.0,0.0,0.0,0.0,0.0,0.0,0.0
ref,OPG112,EBC-155095,,21.0,,0.0,,2.0,,1.0,,0.0,,0.0,,0.0,,0.0,,0.0,,3.0,-3.0,-1.0,-2.0,0.0,0.0,0.0,0.0,0.0,0.0
ref,OPG112,EBC-157032,,78.0,,0.0,,1.0,,2.0,,0.0,,0.0,,0.0,,0.0,,0.0,,3.0,-3.0,-2.0,-1.0,0.0,0.0,0.0,0.0,0.0,0.0
ref,OPG112,EBC-157073,76.0,,0.0,,38.0,,157.0,,0.0,,1.0,,1.0,,9.0,,0.0,,206.0,,206.0,157.0,38.0,0.0,9.0,1.0,1.0,0.0,0.0
ref,OPG112,EBC-157209,83.0,,0.0,,38.0,,175.0,,0.0,,2.0,,0.0,,5.0,,0.0,,220.0,,220.0,175.0,38.0,0.0,5.0,0.0,2.0,0.0,0.0
ref,OPG112,EBC-157213,98.0,,12.0,,56.0,,89.0,,0.0,,4.0,,1.0,,16.0,,0.0,,178.0,,178.0,89.0,56.0,0.0,16.0,1.0,4.0,12.0,0.0
ref,OPG112,EBC-157219,97.0,,20.0,,74.0,,92.0,,0.0,,2.0,,0.0,,6.0,,0.0,,194.0,,194.0,92.0,74.0,0.0,6.0,0.0,2.0,20.0,0.0
ref,OPG112,EBC-157241,57.0,,11.0,,58.0,,126.0,,0.0,,2.0,,0.0,,21.0,,0.0,,218.0,,218.0,126.0,58.0,0.0,21.0,0.0,2.0,11.0,0.0
ref,OPG112,EBC-157249,90.0,,0.0,,71.0,,105.0,,0.0,,1.0,,3.0,,18.0,,0.0,,198.0,,198.0,105.0,71.0,0.0,18.0,3.0,1.0,0.0,0.0
ref,OPG112,EBC-158049,,53.0,,0.0,,0.0,,2.0,,0.0,,1.0,,0.0,,0.0,,0.0,,3.0,-3.0,-2.0,0.0,0.0,0.0,0.0,-1.0,0.0,0.0
ref,OPG112,EBC-159022,,65.0,,0.0,,0.0,,3.0,,0.0,,1.0,,0.0,,0.0,,0.0,,4.0,-4.0,-3.0,0.0,0.0,0.0,0.0,-1.0,0.0,0.0
ref,OPG112,EBC-160036,8.0,,0.0,,48.0,,100.0,,0.0,,0.0,,2.0,,3.0,,0.0,,153.0,,153.0,100.0,48.0,0.0,3.0,2.0,0.0,0.0,0.0
ref,OPG112,EBC-167026,,98.0,,0.0,,0.0,,1.0,,0.0,,0.0,,0.0,,0.0,,0.0,,1.0,-1.0,-1.0,0.0,0.0,0.0,0.0,0.0,0.0,0.0
ref,OPG112,EBC-17121,19.0,,0.0,,68.0,,87.0,,0.0,,2.0,,2.0,,26.0,,0.0,,185.0,,185.0,87.0,68.0,0.0,26.0,2.0,2.0,0.0,0.0
ref,OPG112,EBC-216028,48.0,,0.0,,36.0,,139.0,,0.0,,3.0,,0.0,,3.0,,0.0,,181.0,,181.0,139.0,36.0,0.0,3.0,0.0,3.0,0.0,0.0
ref,OPG112,EBC-217022,35.0,,12.0,,53.0,,87.0,,0.0,,2.0,,0.0,,18.0,,0.0,,172.0,,172.0,87.0,53.0,0.0,18.0,0.0,2.0,12.0,0.0
ref,OPG112,EBC-218037,100.0,,0.0,,48.0,,111.0,,0.0,,4.0,,1.0,,8.0,,0.0,,172.0,,172.0,111.0,48.0,0.0,8.0,1.0,4.0,0.0,0.0
ref,OPG112,EBC-218043,3.0,,0.0,,62.0,,136.0,,0.0,,0.0,,0.0,,20.0,,0.0,,218.0,,218.0,136.0,62.0,0.0,20.0,0.0,0.0,0.0,0.0
ref,OPG112,EBC-221084,7.0,,0.0,,70.0,,80.0,,0.0,,1.0,,1.0,,13.0,,0.0,,165.0,,165.0,80.0,70.0,0.0,13.0,1.0,1.0,0.0,0.0
ref,OPG112,EBC-23629,77.0,,0.0,,25.0,,153.0,,0.0,,0.0,,0.0,,3.0,,0.0,,181.0,,181.0,153.0,25.0,0.0,3.0,0.0,0.0,0.0,0.0
ref,OPG112,EBC-24042,64.0,,0.0,,0.0,,315.0,,0.0,,1.0,,1.0,,0.0,,0.0,,317.0,,317.0,315.0,0.0,0.0,0.0,1.0,1.0,0.0,0.0
ref,OPG112,EBC-244029,22.0,,0.0,,50.0,,146.0,,0.0,,0.0,,0.0,,11.0,,0.0,,207.0,,207.0,146.0,50.0,0.0,11.0,0.0,0.0,0.0,0.0
ref,OPG112,EBC-249047,38.0,,5.0,,56.0,,128.0,,0.0,,0.0,,0.0,,0.0,,0.0,,189.0,,189.0,128.0,56.0,0.0,0.0,0.0,0.0,5.0,0.0
ref,OPG112,EBC-251173,21.0,,0.0,,82.0,,139.0,,0.0,,1.0,,1.0,,7.0,,0.0,,230.0,,230.0,139.0,82.0,0.0,7.0,1.0,1.0,0.0,0.0
ref,OPG112,EBC-252093,15.0,,0.0,,45.0,,92.0,,0.0,,2.0,,0.0,,12.0,,0.0,,151.0,,151.0,92.0,45.0,0.0,12.0,0.0,2.0,0.0,0.0
ref,OPG112,EBC-252146,36.0,,0.0,,66.0,,128.0,,0.0,,2.0,,2.0,,12.0,,0.0,,210.0,,210.0,128.0,66.0,0.0,12.0,2.0,2.0,0.0,0.0
ref,OPG112,EBC-253302,,58.0,,0.0,,3.0,,2.0,,0.0,,0.0,,0.0,,0.0,,0.0,,5.0,-5.0,-2.0,-3.0,0.0,0.0,0.0,0.0,0.0,0.0
ref,OPG112,EBC-26044,,50.0,,0.0,,2.0,,4.0,,0.0,,0.0,,0.0,,0.0,,0.0,,6.0,-6.0,-4.0,-2.0,0.0,0.0,0.0,0.0,0.0,0.0
ref,OPG112,EBC-27035,50.0,,0.0,,49.0,,139.0,,0.0,,0.0,,0.0,,16.0,,0.0,,204.0,,204.0,139.0,49.0,0.0,16.0,0.0,0.0,0.0,0.0
ref,OPG112,EBC-27122,70.0,,7.0,,68.0,,60.0,,0.0,,1.0,,0.0,,13.0,,0.0,,149.0,,149.0,60.0,68.0,0.0,13.0,0.0,1.0,7.0,0.0
ref,OPG112,EBC-27265,12.0,,4.0,,24.0,,120.0,,0.0,,1.0,,0.0,,2.0,,0.0,,151.0,,151.0,120.0,24.0,0.0,2.0,0.0,1.0,4.0,0.0
ref,OPG112,EBC-27345,92.0,,11.0,,38.0,,94.0,,0.0,,0.0,,0.0,,0.0,,0.0,,143.0,,143.0,94.0,38.0,0.0,0.0,0.0,0.0,11.0,0.0
ref,OPG112,EBC-27367,72.0,,6.0,,63.0,,74.0,,0.0,,1.0,,0.0,,23.0,,0.0,,167.0,,167.0,74.0,63.0,0.0,23.0,0.0,1.0,6.0,0.0
ref,OPG112,EBC-27428,5.0,,0.0,,77.0,,117.0,,0.0,,2.0,,3.0,,25.0,,0.0,,224.0,,224.0,117.0,77.0,0.0,25.0,3.0,2.0,0.0,0.0
ref,OPG112,EBC-28041,,74.0,,0.0,,0.0,,3.0,,0.0,,0.0,,0.0,,0.0,,0.0,,3.0,-3.0,-3.0,0.0,0.0,0.0,0.0,0.0,0.0,0.0
ref,OPG112,EBC-286055,29.0,,0.0,,59.0,,111.0,,0.0,,1.0,,1.0,,12.0,,0.0,,184.0,,184.0,111.0,59.0,0.0,12.0,1.0,1.0,0.0,0.0
ref,OPG112,EBC-287051,60.0,,0.0,,60.0,,133.0,,0.0,,1.0,,0.0,,5.0,,0.0,,199.0,,199.0,133.0,60.0,0.0,5.0,0.0,1.0,0.0,0.0
ref,OPG112,EBC-287070,46.0,,0.0,,41.0,,149.0,,0.0,,3.0,,2.0,,8.0,,0.0,,203.0,,203.0,149.0,41.0,0.0,8.0,2.0,3.0,0.0,0.0
ref,OPG112,EBC-289112,33.0,,0.0,,28.0,,153.0,,0.0,,2.0,,3.0,,5.0,,0.0,,191.0,,191.0,153.0,28.0,0.0,5.0,3.0,2.0,0.0,0.0
ref,OPG112,EBC-289124,49.0,,0.0,,49.0,,117.0,,0.0,,3.0,,0.0,,6.0,,0.0,,175.0,,175.0,117.0,49.0,0.0,6.0,0.0,3.0,0.0,0.0
ref,OPG112,EBC-290041,13.0,,10.0,,127.0,,134.0,,0.0,,3.0,,1.0,,15.0,,0.0,,290.0,,290.0,134.0,127.0,0.0,15.0,1.0,3.0,10.0,0.0
ref,OPG112,EBC-291159,67.0,,0.0,,53.0,,163.0,,0.0,,3.0,,1.0,,2.0,,0.0,,222.0,,222.0,163.0,53.0,0.0,2.0,1.0,3.0,0.0,0.0
ref,OPG112,EBC-291167,52.0,,10.0,,73.0,,84.0,,0.0,,1.0,,1.0,,18.0,,0.0,,187.0,,187.0,84.0,73.0,0.0,18.0,1.0,1.0,10.0,0.0
ref,OPG112,EBC-306048,17.0,,9.0,,73.0,,60.0,,0.0,,0.0,,0.0,,7.0,,0.0,,149.0,,149.0,60.0,73.0,0.0,7.0,0.0,0.0,9.0,0.0
ref,OPG112,EBC-309072,32.0,,1.0,,65.0,,95.0,,0.0,,0.0,,0.0,,13.0,,0.0,,174.0,,174.0,95.0,65.0,0.0,13.0,0.0,0.0,1.0,0.0
ref,OPG112,EBC-312044,75.0,,10.0,,58.0,,94.0,,0.0,,1.0,,0.0,,13.0,,0.0,,176.0,,176.0,94.0,58.0,0.0,13.0,0.0,1.0,10.0,0.0
ref,OPG112,EBC-38021,,20.0,,0.0,,0.0,,5.0,,0.0,,1.0,,0.0,,0.0,,0.0,,6.0,-6.0,-5.0,0.0,0.0,0.0,0.0,-1.0,0.0,0.0
ref,OPG112,EBC-381059,,10.0,,0.0,,2.0,,2.0,,0.0,,0.0,,0.0,,0.0,,0.0,,4.0,-4.0,-2.0,-2.0,0.0,0.0,0.0,0.0,0.0,0.0
ref,OPG112,EBC-44365,43.0,,3.0,,73.0,,114.0,,0.0,,2.0,,2.0,,13.0,,0.0,,207.0,,207.0,114.0,73.0,0.0,13.0,2.0,2.0,3.0,0.0
ref,OPG112,EBC-46024,61.0,,3.0,,66.0,,95.0,,0.0,,2.0,,0.0,,13.0,,0.0,,179.0,,179.0,95.0,66.0,0.0,13.0,0.0,2.0,3.0,0.0
ref,OPG112,EBC-46057,6.0,,0.0,,51.0,,187.0,,0.0,,0.0,,3.0,,6.0,,0.0,,247.0,,247.0,187.0,51.0,0.0,6.0,3.0,0.0,0.0,0.0
ref,OPG112,EBC-46137,,26.0,,0.0,,1.0,,4.0,,0.0,,0.0,,1.0,,0.0,,0.0,,6.0,-6.0,-4.0,-1.0,0.0,0.0,-1.0,0.0,0.0,0.0
ref,OPG112,EBC-46294,4.0,,2.0,,130.0,,109.0,,0.0,,4.0,,3.0,,17.0,,0.0,,265.0,,265.0,109.0,130.0,0.0,17.0,3.0,4.0,2.0,0.0
ref,OPG112,EBC-47073,26.0,,6.0,,109.0,,96.0,,0.0,,4.0,,1.0,,3.0,,0.0,,219.0,,219.0,96.0,109.0,0.0,3.0,1.0,4.0,6.0,0.0
ref,OPG112,EBC-47110,,33.0,,0.0,,0.0,,4.0,,0.0,,2.0,,0.0,,0.0,,0.0,,6.0,-6.0,-4.0,0.0,0.0,0.0,0.0,-2.0,0.0,0.0
ref,OPG112,EBC-47119,56.0,,0.0,,109.0,,95.0,,0.0,,1.0,,1.0,,12.0,,0.0,,218.0,,218.0,95.0,109.0,0.0,12.0,1.0,1.0,0.0,0.0
ref,OPG112,EBC-47545,,93.0,,0.0,,0.0,,0.0,,0.0,,0.0,,0.0,,1.0,,0.0,,1.0,-1.0,0.0,0.0,0.0,-1.0,0.0,0.0,0.0,0.0
ref,OPG112,EBC-48142,,75.0,,0.0,,0.0,,0.0,,0.0,,0.0,,0.0,,1.0,,0.0,,1.0,-1.0,0.0,0.0,0.0,-1.0,0.0,0.0,0.0,0.0
ref,OPG112,EBC-48170,,48.0,,0.0,,1.0,,5.0,,0.0,,0.0,,0.0,,0.0,,0.0,,6.0,-6.0,-5.0,-1.0,0.0,0.0,0.0,0.0,0.0,0.0
ref,OPG112,EBC-48186,25.0,,17.0,,38.0,,77.0,,0.0,,0.0,,0.0,,2.0,,0.0,,134.0,,134.0,77.0,38.0,0.0,2.0,0.0,0.0,17.0,0.0
ref,OPG112,EBC-49036,51.0,,1.0,,56.0,,108.0,,0.0,,2.0,,0.0,,9.0,,0.0,,176.0,,176.0,108.0,56.0,0.0,9.0,0.0,2.0,1.0,0.0
ref,OPG112,EBC-50072,,84.0,,0.0,,0.0,,1.0,,0.0,,0.0,,0.0,,0.0,,0.0,,1.0,-1.0,-1.0,0.0,0.0,0.0,0.0,0.0,0.0,0.0
ref,OPG112,EBC-62046,,13.0,,0.0,,0.0,,1.0,,0.0,,0.0,,0.0,,1.0,,0.0,,2.0,-2.0,-1.0,0.0,0.0,-1.0,0.0,0.0,0.0,0.0
ref,OPG112,EBC-63089,1.0,,3.0,,119.0,,95.0,,0.0,,5.0,,0.0,,38.0,,0.0,,260.0,,260.0,95.0,119.0,0.0,38.0,0.0,5.0,3.0,0.0
ref,OPG112,EBC-71073,54.0,,0.0,,105.0,,114.0,,0.0,,2.0,,0.0,,22.0,,0.0,,243.0,,243.0,114.0,105.0,0.0,22.0,0.0,2.0,0.0,0.0
ref,OPG112,EBC-75132,,32.0,,1.0,,1.0,,5.0,,0.0,,1.0,,2.0,,0.0,,0.0,,10.0,-10.0,-5.0,-1.0,0.0,0.0,-2.0,-1.0,-1.0,0.0
ref,OPG112,EBC-80139,,35.0,,0.0,,1.0,,4.0,,0.0,,1.0,,2.0,,0.0,,0.0,,8.0,-8.0,-4.0,-1.0,0.0,0.0,-2.0,-1.0,0.0,0.0
ref,OPG112,EBC-80148,,4.0,,0.0,,5.0,,2.0,,0.0,,0.0,,0.0,,0.0,,0.0,,7.0,-7.0,-2.0,-5.0,0.0,0.0,0.0,0.0,0.0,0.0
ref,OPG112,EBC-82041,,15.0,,0.0,,1.0,,3.0,,0.0,,1.0,,4.0,,0.0,,0.0,,9.0,-9.0,-3.0,-1.0,0.0,0.0,-4.0,-1.0,0.0,0.0
ref,OPG112,EBC-84050,11.0,,4.0,,86.0,,97.0,,0.0,,3.0,,0.0,,30.0,,0.0,,220.0,,220.0,97.0,86.0,0.0,30.0,0.0,3.0,4.0,0.0
ref,OPG112,EBC-99077,,46.0,,0.0,,1.0,,3.0,,0.0,,1.0,,0.0,,0.0,,0.0,,5.0,-5.0,-3.0,-1.0,0.0,0.0,0.0,-1.0,0.0,0.0
ref,OPG120,EBC-00010,,48.0,,0.0,,6.0,,4.0,,0.0,,0.0,,1.0,,1.0,,0.0,,12.0,-12.0,-4.0,-6.0,0.0,-1.0,-1.0,0.0,0.0,0.0
ref,OPG120,EBC-00522,,38.0,,0.0,,3.0,,0.0,,0.0,,0.0,,0.0,,1.0,,0.0,,4.0,-4.0,0.0,-3.0,0.0,-1.0,0.0,0.0,0.0,0.0
ref,OPG120,EBC-00625,16.0,,0.0,,19.0,,142.0,,0.0,,2.0,,3.0,,1.0,,0.0,,167.0,,167.0,142.0,19.0,0.0,1.0,3.0,2.0,0.0,0.0
ref,OPG120,EBC-00708,,99.0,,0.0,,6.0,,3.0,,0.0,,0.0,,2.0,,0.0,,0.0,,11.0,-11.0,-3.0,-6.0,0.0,0.0,-2.0,0.0,0.0,0.0
ref,OPG120,EBC-00711,47.0,,0.0,,13.0,,175.0,,0.0,,4.0,,0.0,,5.0,,0.0,,197.0,,197.0,175.0,13.0,0.0,5.0,0.0,4.0,0.0,0.0
ref,OPG120,EBC-02079,18.0,,0.0,,50.0,,121.0,,0.0,,1.0,,0.0,,7.0,,0.0,,179.0,,179.0,121.0,50.0,0.0,7.0,0.0,1.0,0.0,0.0
ref,OPG120,EBC-03104,,18.0,,0.0,,3.0,,2.0,,0.0,,0.0,,1.0,,0.0,,0.0,,6.0,-6.0,-2.0,-3.0,0.0,0.0,-1.0,0.0,0.0,0.0
ref,OPG120,EBC-03153,,60.0,,0.0,,2.0,,1.0,,0.0,,0.0,,1.0,,0.0,,0.0,,4.0,-4.0,-1.0,-2.0,0.0,0.0,-1.0,0.0,0.0,0.0
ref,OPG120,EBC-03211,,5.0,,0.0,,2.0,,2.0,,0.0,,0.0,,1.0,,0.0,,0.0,,5.0,-5.0,-2.0,-2.0,0.0,0.0,-1.0,0.0,0.0,0.0
ref,OPG120,EBC-03218,,9.0,,0.0,,3.0,,2.0,,0.0,,0.0,,1.0,,0.0,,0.0,,6.0,-6.0,-2.0,-3.0,0.0,0.0,-1.0,0.0,0.0,0.0
ref,OPG120,EBC-03227,,12.0,,0.0,,3.0,,2.0,,0.0,,0.0,,1.0,,0.0,,0.0,,6.0,-6.0,-2.0,-3.0,0.0,0.0,-1.0,0.0,0.0,0.0
ref,OPG120,EBC-03228,,24.0,,0.0,,2.0,,2.0,,0.0,,0.0,,1.0,,0.0,,0.0,,5.0,-5.0,-2.0,-2.0,0.0,0.0,-1.0,0.0,0.0,0.0
ref,OPG120,EBC-03229,,64.0,,0.0,,2.0,,2.0,,0.0,,0.0,,1.0,,0.0,,0.0,,5.0,-5.0,-2.0,-2.0,0.0,0.0,-1.0,0.0,0.0,0.0
ref,OPG120,EBC-03259,,13.0,,0.0,,4.0,,2.0,,0.0,,0.0,,1.0,,0.0,,0.0,,7.0,-7.0,-2.0,-4.0,0.0,0.0,-1.0,0.0,0.0,0.0
ref,OPG120,EBC-03320,,22.0,,0.0,,4.0,,2.0,,0.0,,0.0,,1.0,,0.0,,0.0,,7.0,-7.0,-2.0,-4.0,0.0,0.0,-1.0,0.0,0.0,0.0
ref,OPG120,EBC-03332,,33.0,,0.0,,2.0,,2.0,,0.0,,0.0,,1.0,,0.0,,0.0,,5.0,-5.0,-2.0,-2.0,0.0,0.0,-1.0,0.0,0.0,0.0
ref,OPG120,EBC-03334,,26.0,,0.0,,6.0,,3.0,,0.0,,0.0,,1.0,,1.0,,0.0,,11.0,-11.0,-3.0,-6.0,0.0,-1.0,-1.0,0.0,0.0,0.0
ref,OPG120,EBC-03366,,1.0,,0.0,,4.0,,1.0,,0.0,,1.0,,0.0,,0.0,,0.0,,6.0,-6.0,-1.0,-4.0,0.0,0.0,0.0,-1.0,0.0,0.0
ref,OPG120,EBC-03367,,71.0,,0.0,,2.0,,2.0,,0.0,,0.0,,1.0,,0.0,,0.0,,5.0,-5.0,-2.0,-2.0,0.0,0.0,-1.0,0.0,0.0,0.0
ref,OPG120,EBC-03368,,84.0,,0.0,,2.0,,2.0,,0.0,,0.0,,1.0,,0.0,,0.0,,5.0,-5.0,-2.0,-2.0,0.0,0.0,-1.0,0.0,0.0,0.0
ref,OPG120,EBC-03380,,17.0,,0.0,,5.0,,2.0,,0.0,,0.0,,1.0,,0.0,,0.0,,8.0,-8.0,-2.0,-5.0,0.0,0.0,-1.0,0.0,0.0,0.0
ref,OPG120,EBC-03383,,87.0,,0.0,,2.0,,1.0,,0.0,,0.0,,1.0,,0.0,,0.0,,4.0,-4.0,-1.0,-2.0,0.0,0.0,-1.0,0.0,0.0,0.0
ref,OPG120,EBC-03472,,63.0,,0.0,,4.0,,2.0,,0.0,,0.0,,1.0,,0.0,,0.0,,7.0,-7.0,-2.0,-4.0,0.0,0.0,-1.0,0.0,0.0,0.0
ref,OPG120,EBC-03478,,47.0,,0.0,,6.0,,3.0,,0.0,,0.0,,2.0,,1.0,,0.0,,12.0,-12.0,-3.0,-6.0,0.0,-1.0,-2.0,0.0,0.0,0.0
ref,OPG120,EBC-03524,,4.0,,0.0,,6.0,,2.0,,0.0,,0.0,,1.0,,1.0,,0.0,,10.0,-10.0,-2.0,-6.0,0.0,-1.0,-1.0,0.0,0.0,0.0
ref,OPG120,EBC-03533,,2.0,,0.0,,3.0,,2.0,,0.0,,0.0,,1.0,,0.0,,0.0,,6.0,-6.0,-2.0,-3.0,0.0,0.0,-1.0,0.0,0.0,0.0
ref,OPG120,EBC-03546,,86.0,,0.0,,5.0,,2.0,,0.0,,0.0,,1.0,,0.0,,0.0,,8.0,-8.0,-2.0,-5.0,0.0,0.0,-1.0,0.0,0.0,0.0
ref,OPG120,EBC-03552,,70.0,,0.0,,2.0,,2.0,,0.0,,0.0,,1.0,,0.0,,0.0,,5.0,-5.0,-2.0,-2.0,0.0,0.0,-1.0,0.0,0.0,0.0
ref,OPG120,EBC-03561,,69.0,,0.0,,4.0,,2.0,,0.0,,0.0,,1.0,,0.0,,0.0,,7.0,-7.0,-2.0,-4.0,0.0,0.0,-1.0,0.0,0.0,0.0
ref,OPG120,EBC-03584,,46.0,,0.0,,4.0,,2.0,,0.0,,0.0,,1.0,,0.0,,0.0,,7.0,-7.0,-2.0,-4.0,0.0,0.0,-1.0,0.0,0.0,0.0
ref,OPG120,EBC-03656,,34.0,,0.0,,7.0,,0.0,,0.0,,0.0,,1.0,,1.0,,0.0,,9.0,-9.0,0.0,-7.0,0.0,-1.0,-1.0,0.0,0.0,0.0
ref,OPG120,EBC-03673,,78.0,,0.0,,3.0,,2.0,,0.0,,0.0,,1.0,,1.0,,0.0,,7.0,-7.0,-2.0,-3.0,0.0,-1.0,-1.0,0.0,0.0,0.0
ref,OPG120,EBC-03682,,98.0,,0.0,,2.0,,3.0,,0.0,,0.0,,1.0,,0.0,,0.0,,6.0,-6.0,-3.0,-2.0,0.0,0.0,-1.0,0.0,0.0,0.0
ref,OPG120,EBC-03694,,56.0,,0.0,,2.0,,3.0,,0.0,,0.0,,1.0,,0.0,,0.0,,6.0,-6.0,-3.0,-2.0,0.0,0.0,-1.0,0.0,0.0,0.0
ref,OPG120,EBC-03838,64.0,,0.0,,19.0,,122.0,,0.0,,0.0,,0.0,,0.0,,0.0,,141.0,,141.0,122.0,19.0,0.0,0.0,0.0,0.0,0.0,0.0
ref,OPG120,EBC-03865,97.0,,0.0,,19.0,,192.0,,0.0,,0.0,,1.0,,0.0,,0.0,,212.0,,212.0,192.0,19.0,0.0,0.0,1.0,0.0,0.0,0.0
ref,OPG120,EBC-03980,,27.0,,0.0,,3.0,,1.0,,0.0,,0.0,,1.0,,0.0,,0.0,,5.0,-5.0,-1.0,-3.0,0.0,0.0,-1.0,0.0,0.0,0.0
ref,OPG120,EBC-04007,,6.0,,0.0,,4.0,,2.0,,0.0,,0.0,,1.0,,1.0,,0.0,,8.0,-8.0,-2.0,-4.0,0.0,-1.0,-1.0,0.0,0.0,0.0
ref,OPG120,EBC-04039,,36.0,,0.0,,3.0,,2.0,,0.0,,0.0,,1.0,,0.0,,0.0,,6.0,-6.0,-2.0,-3.0,0.0,0.0,-1.0,0.0,0.0,0.0
ref,OPG120,EBC-04045,,21.0,,0.0,,2.0,,2.0,,0.0,,1.0,,0.0,,0.0,,0.0,,5.0,-5.0,-2.0,-2.0,0.0,0.0,0.0,-1.0,0.0,0.0
ref,OPG120,EBC-04048,,30.0,,0.0,,2.0,,2.0,,0.0,,0.0,,1.0,,0.0,,0.0,,5.0,-5.0,-2.0,-2.0,0.0,0.0,-1.0,0.0,0.0,0.0
ref,OPG120,EBC-04049,,23.0,,0.0,,2.0,,2.0,,0.0,,0.0,,1.0,,0.0,,0.0,,5.0,-5.0,-2.0,-2.0,0.0,0.0,-1.0,0.0,0.0,0.0
ref,OPG120,EBC-04050,,10.0,,0.0,,3.0,,2.0,,0.0,,0.0,,1.0,,0.0,,0.0,,6.0,-6.0,-2.0,-3.0,0.0,0.0,-1.0,0.0,0.0,0.0
ref,OPG120,EBC-04065,,81.0,,0.0,,8.0,,1.0,,0.0,,0.0,,0.0,,1.0,,0.0,,10.0,-10.0,-1.0,-8.0,0.0,-1.0,0.0,0.0,0.0,0.0
ref,OPG120,EBC-04076,,80.0,,0.0,,4.0,,3.0,,0.0,,0.0,,1.0,,0.0,,0.0,,8.0,-8.0,-3.0,-4.0,0.0,0.0,-1.0,0.0,0.0,0.0
ref,OPG120,EBC-04086,,72.0,,1.0,,2.0,,1.0,,0.0,,0.0,,1.0,,0.0,,0.0,,5.0,-5.0,-1.0,-2.0,0.0,0.0,-1.0,0.0,-1.0,0.0
ref,OPG120,EBC-04099,,52.0,,0.0,,5.0,,3.0,,0.0,,0.0,,1.0,,0.0,,0.0,,9.0,-9.0,-3.0,-5.0,0.0,0.0,-1.0,0.0,0.0,0.0
ref,OPG120,EBC-04152,,74.0,,0.0,,2.0,,2.0,,0.0,,0.0,,1.0,,0.0,,0.0,,5.0,-5.0,-2.0,-2.0,0.0,0.0,-1.0,0.0,0.0,0.0
ref,OPG120,EBC-06061,5.0,,0.0,,39.0,,130.0,,0.0,,2.0,,2.0,,4.0,,0.0,,177.0,,177.0,130.0,39.0,0.0,4.0,2.0,2.0,0.0,0.0
ref,OPG120,EBC-06062,36.0,,0.0,,47.0,,184.0,,0.0,,1.0,,2.0,,2.0,,0.0,,236.0,,236.0,184.0,47.0,0.0,2.0,2.0,1.0,0.0,0.0
ref,OPG120,EBC-06214,,73.0,,0.0,,2.0,,2.0,,0.0,,0.0,,1.0,,0.0,,0.0,,5.0,-5.0,-2.0,-2.0,0.0,0.0,-1.0,0.0,0.0,0.0
ref,OPG120,EBC-06215,,54.0,,0.0,,2.0,,2.0,,0.0,,0.0,,1.0,,0.0,,0.0,,5.0,-5.0,-2.0,-2.0,0.0,0.0,-1.0,0.0,0.0,0.0
ref,OPG120,EBC-06250,,16.0,,0.0,,3.0,,0.0,,0.0,,0.0,,0.0,,0.0,,0.0,,3.0,-3.0,0.0,-3.0,0.0,0.0,0.0,0.0,0.0,0.0
ref,OPG120,EBC-06301,,77.0,,0.0,,3.0,,1.0,,0.0,,0.0,,1.0,,0.0,,0.0,,5.0,-5.0,-1.0,-3.0,0.0,0.0,-1.0,0.0,0.0,0.0
ref,OPG120,EBC-06306,,37.0,,0.0,,3.0,,0.0,,0.0,,0.0,,0.0,,0.0,,0.0,,3.0,-3.0,0.0,-3.0,0.0,0.0,0.0,0.0,0.0,0.0
ref,OPG120,EBC-06327,,83.0,,0.0,,2.0,,0.0,,0.0,,0.0,,1.0,,0.0,,0.0,,3.0,-3.0,0.0,-2.0,0.0,0.0,-1.0,0.0,0.0,0.0
ref,OPG120,EBC-06337,,32.0,,0.0,,5.0,,2.0,,0.0,,0.0,,1.0,,0.0,,0.0,,8.0,-8.0,-2.0,-5.0,0.0,0.0,-1.0,0.0,0.0,0.0
ref,OPG120,EBC-06341,,29.0,,0.0,,2.0,,2.0,,0.0,,0.0,,1.0,,0.0,,0.0,,5.0,-5.0,-2.0,-2.0,0.0,0.0,-1.0,0.0,0.0,0.0
ref,OPG120,EBC-06350,,90.0,,0.0,,3.0,,2.0,,0.0,,0.0,,1.0,,0.0,,0.0,,6.0,-6.0,-2.0,-3.0,0.0,0.0,-1.0,0.0,0.0,0.0
ref,OPG120,EBC-06351,,35.0,,0.0,,2.0,,3.0,,0.0,,0.0,,2.0,,0.0,,0.0,,7.0,-7.0,-3.0,-2.0,0.0,0.0,-2.0,0.0,0.0,0.0
ref,OPG120,EBC-06377,,89.0,,0.0,,6.0,,2.0,,0.0,,0.0,,1.0,,0.0,,0.0,,9.0,-9.0,-2.0,-6.0,0.0,0.0,-1.0,0.0,0.0,0.0
ref,OPG120,EBC-06388,,68.0,,0.0,,3.0,,3.0,,0.0,,0.0,,1.0,,0.0,,0.0,,7.0,-7.0,-3.0,-3.0,0.0,0.0,-1.0,0.0,0.0,0.0
ref,OPG120,EBC-06390,,82.0,,0.0,,4.0,,2.0,,0.0,,0.0,,1.0,,0.0,,0.0,,7.0,-7.0,-2.0,-4.0,0.0,0.0,-1.0,0.0,0.0,0.0
ref,OPG120,EBC-06394,,66.0,,0.0,,4.0,,2.0,,0.0,,1.0,,0.0,,0.0,,0.0,,7.0,-7.0,-2.0,-4.0,0.0,0.0,0.0,-1.0,0.0,0.0
ref,OPG120,EBC-06446,,85.0,,0.0,,7.0,,2.0,,0.0,,0.0,,2.0,,0.0,,0.0,,11.0,-11.0,-2.0,-7.0,0.0,0.0,-2.0,0.0,0.0,0.0
ref,OPG120,EBC-06531,,57.0,,0.0,,2.0,,2.0,,0.0,,0.0,,1.0,,0.0,,0.0,,5.0,-5.0,-2.0,-2.0,0.0,0.0,-1.0,0.0,0.0,0.0
ref,OPG120,EBC-06633,,88.0,,0.0,,5.0,,2.0,,0.0,,0.0,,1.0,,1.0,,0.0,,9.0,-9.0,-2.0,-5.0,0.0,-1.0,-1.0,0.0,0.0,0.0
ref,OPG120,EBC-06775,,62.0,,0.0,,1.0,,4.0,,0.0,,0.0,,1.0,,0.0,,0.0,,6.0,-6.0,-4.0,-1.0,0.0,0.0,-1.0,0.0,0.0,0.0
ref,OPG120,EBC-06903,76.0,,0.0,,40.0,,189.0,,0.0,,0.0,,0.0,,18.0,,0.0,,247.0,,247.0,189.0,40.0,0.0,18.0,0.0,0.0,0.0,0.0
ref,OPG120,EBC-06995,,41.0,,0.0,,0.0,,2.0,,0.0,,0.0,,1.0,,0.0,,0.0,,3.0,-3.0,-2.0,0.0,0.0,0.0,-1.0,0.0,0.0,0.0
ref,OPG120,EBC-07080,52.0,,0.0,,95.0,,109.0,,0.0,,1.0,,3.0,,8.0,,0.0,,216.0,,216.0,109.0,95.0,0.0,8.0,3.0,1.0,0.0,0.0
ref,OPG120,EBC-07161,,92.0,,0.0,,2.0,,8.0,,0.0,,0.0,,1.0,,0.0,,0.0,,11.0,-11.0,-8.0,-2.0,0.0,0.0,-1.0,0.0,0.0,0.0
ref,OPG120,EBC-07264,,55.0,,0.0,,1.0,,2.0,,0.0,,0.0,,0.0,,0.0,,0.0,,3.0,-3.0,-2.0,-1.0,0.0,0.0,0.0,0.0,0.0,0.0
ref,OPG120,EBC-07281,,8.0,,0.0,,4.0,,3.0,,0.0,,1.0,,0.0,,0.0,,0.0,,8.0,-8.0,-3.0,-4.0,0.0,0.0,0.0,-1.0,0.0,0.0
ref,OPG120,EBC-07301,23.0,,0.0,,12.0,,174.0,,0.0,,1.0,,4.0,,3.0,,0.0,,194.0,,194.0,174.0,12.0,0.0,3.0,4.0,1.0,0.0,0.0
ref,OPG120,EBC-07421,79.0,,3.0,,29.0,,135.0,,0.0,,3.0,,4.0,,3.0,,0.0,,177.0,,177.0,135.0,29.0,0.0,3.0,4.0,3.0,3.0,0.0
ref,OPG120,EBC-07557,67.0,,0.0,,47.0,,150.0,,0.0,,1.0,,5.0,,4.0,,0.0,,207.0,,207.0,150.0,47.0,0.0,4.0,5.0,1.0,0.0,0.0
ref,OPG120,EBC-07606,61.0,,0.0,,14.0,,182.0,,0.0,,0.0,,2.0,,0.0,,0.0,,198.0,,198.0,182.0,14.0,0.0,0.0,2.0,0.0,0.0,0.0
ref,OPG120,EBC-07628,,11.0,,0.0,,2.0,,3.0,,0.0,,0.0,,1.0,,0.0,,0.0,,6.0,-6.0,-3.0,-2.0,0.0,0.0,-1.0,0.0,0.0,0.0
ref,OPG120,EBC-07686,25.0,,1.0,,62.0,,128.0,,0.0,,2.0,,0.0,,0.0,,0.0,,193.0,,193.0,128.0,62.0,0.0,0.0,0.0,2.0,1.0,0.0
ref,OPG120,EBC-07749,66.0,,2.0,,61.0,,126.0,,0.0,,3.0,,0.0,,2.0,,0.0,,194.0,,194.0,126.0,61.0,0.0,2.0,0.0,3.0,2.0,0.0
ref,OPG120,EBC-07750,,95.0,,0.0,,2.0,,8.0,,0.0,,1.0,,1.0,,0.0,,0.0,,12.0,-12.0,-8.0,-2.0,0.0,0.0,-1.0,-1.0,0.0,0.0
ref,OPG120,EBC-07940,21.0,,9.0,,79.0,,117.0,,0.0,,1.0,,5.0,,4.0,,0.0,,215.0,,215.0,117.0,79.0,0.0,4.0,5.0,1.0,9.0,0.0
ref,OPG120,EBC-07988,22.0,,1.0,,87.0,,190.0,,0.0,,1.0,,3.0,,9.0,,0.0,,291.0,,291.0,190.0,87.0,0.0,9.0,3.0,1.0,1.0,0.0
ref,OPG120,EBC-08077,,31.0,,0.0,,2.0,,3.0,,0.0,,0.0,,2.0,,0.0,,0.0,,7.0,-7.0,-3.0,-2.0,0.0,0.0,-2.0,0.0,0.0,0.0
ref,OPG120,EBC-08111,,28.0,,0.0,,5.0,,2.0,,0.0,,0.0,,1.0,,0.0,,0.0,,8.0,-8.0,-2.0,-5.0,0.0,0.0,-1.0,0.0,0.0,0.0
ref,OPG120,EBC-08122,,14.0,,0.0,,3.0,,0.0,,0.0,,1.0,,0.0,,0.0,,0.0,,4.0,-4.0,0.0,-3.0,0.0,0.0,0.0,-1.0,0.0,0.0
ref,OPG120,EBC-08460,96.0,,1.0,,11.0,,175.0,,0.0,,0.0,,1.0,,0.0,,0.0,,188.0,,188.0,175.0,11.0,0.0,0.0,1.0,0.0,1.0,0.0
ref,OPG120,EBC-08536,,42.0,,0.0,,8.0,,6.0,,0.0,,0.0,,0.0,,1.0,,0.0,,15.0,-15.0,-6.0,-8.0,0.0,-1.0,0.0,0.0,0.0,0.0
ref,OPG120,EBC-08546,,97.0,,0.0,,2.0,,7.0,,0.0,,0.0,,0.0,,1.0,,0.0,,10.0,-10.0,-7.0,-2.0,0.0,-1.0,0.0,0.0,0.0,0.0
ref,OPG120,EBC-08587,13.0,,0.0,,22.0,,135.0,,0.0,,1.0,,2.0,,0.0,,0.0,,160.0,,160.0,135.0,22.0,0.0,0.0,2.0,1.0,0.0,0.0
ref,OPG120,EBC-08706,,53.0,,0.0,,5.0,,1.0,,0.0,,1.0,,1.0,,0.0,,0.0,,8.0,-8.0,-1.0,-5.0,0.0,0.0,-1.0,-1.0,0.0,0.0
ref,OPG120,EBC-08735,,51.0,,0.0,,2.0,,9.0,,0.0,,1.0,,1.0,,0.0,,0.0,,13.0,-13.0,-9.0,-2.0,0.0,0.0,-1.0,-1.0,0.0,0.0
ref,OPG120,EBC-08787,71.0,,0.0,,28.0,,183.0,,0.0,,1.0,,4.0,,2.0,,0.0,,218.0,,218.0,183.0,28.0,0.0,2.0,4.0,1.0,0.0,0.0
ref,OPG120,EBC-08800,,75.0,,0.0,,5.0,,2.0,,0.0,,1.0,,1.0,,0.0,,0.0,,9.0,-9.0,-2.0,-5.0,0.0,0.0,-1.0,-1.0,0.0,0.0
ref,OPG120,EBC-08915,38.0,,0.0,,31.0,,181.0,,0.0,,1.0,,0.0,,1.0,,0.0,,214.0,,214.0,181.0,31.0,0.0,1.0,0.0,1.0,0.0,0.0
ref,OPG120,EBC-08943,,50.0,,0.0,,1.0,,10.0,,0.0,,0.0,,2.0,,0.0,,0.0,,13.0,-13.0,-10.0,-1.0,0.0,0.0,-2.0,0.0,0.0,0.0
ref,OPG120,EBC-08947,,61.0,,0.0,,1.0,,12.0,,0.0,,0.0,,0.0,,0.0,,0.0,,13.0,-13.0,-12.0,-1.0,0.0,0.0,0.0,0.0,0.0,0.0
ref,OPG120,EBC-08976,,39.0,,0.0,,2.0,,8.0,,0.0,,0.0,,0.0,,0.0,,0.0,,10.0,-10.0,-8.0,-2.0,0.0,0.0,0.0,0.0,0.0,0.0
ref,OPG120,EBC-09032,72.0,,13.0,,47.0,,121.0,,0.0,,1.0,,0.0,,1.0,,0.0,,183.0,,183.0,121.0,47.0,0.0,1.0,0.0,1.0,13.0,0.0
ref,OPG120,EBC-09076,,40.0,,0.0,,2.0,,8.0,,0.0,,0.0,,1.0,,0.0,,0.0,,11.0,-11.0,-8.0,-2.0,0.0,0.0,-1.0,0.0,0.0,0.0
ref,OPG120,EBC-09118,48.0,,0.0,,44.0,,95.0,,0.0,,0.0,,0.0,,3.0,,0.0,,142.0,,142.0,95.0,44.0,0.0,3.0,0.0,0.0,0.0,0.0
ref,OPG120,EBC-09202,46.0,,3.0,,66.0,,125.0,,0.0,,1.0,,1.0,,4.0,,0.0,,200.0,,200.0,125.0,66.0,0.0,4.0,1.0,1.0,3.0,0.0
ref,OPG120,EBC-09207,,19.0,,0.0,,1.0,,2.0,,0.0,,1.0,,1.0,,0.0,,0.0,,5.0,-5.0,-2.0,-1.0,0.0,0.0,-1.0,-1.0,0.0,0.0
ref,OPG120,EBC-11154,54.0,,0.0,,88.0,,89.0,,0.0,,0.0,,0.0,,13.0,,0.0,,190.0,,190.0,89.0,88.0,0.0,13.0,0.0,0.0,0.0,0.0
ref,OPG120,EBC-11260,93.0,,0.0,,88.0,,136.0,,0.0,,4.0,,2.0,,14.0,,0.0,,244.0,,244.0,136.0,88.0,0.0,14.0,2.0,4.0,0.0,0.0
ref,OPG120,EBC-11281,10.0,,20.0,,42.0,,132.0,,0.0,,1.0,,0.0,,1.0,,0.0,,196.0,,196.0,132.0,42.0,0.0,1.0,0.0,1.0,20.0,0.0
ref,OPG120,EBC-11364,20.0,,7.0,,53.0,,104.0,,0.0,,4.0,,0.0,,13.0,,0.0,,181.0,,181.0,104.0,53.0,0.0,13.0,0.0,4.0,7.0,0.0
ref,OPG120,EBC-11433,57.0,,3.0,,90.0,,129.0,,0.0,,1.0,,0.0,,7.0,,0.0,,230.0,,230.0,129.0,90.0,0.0,7.0,0.0,1.0,3.0,0.0
ref,OPG120,EBC-12035,51.0,,0.0,,87.0,,96.0,,0.0,,0.0,,0.0,,2.0,,0.0,,185.0,,185.0,96.0,87.0,0.0,2.0,0.0,0.0,0.0,0.0
ref,OPG120,EBC-12063,49.0,,0.0,,82.0,,111.0,,0.0,,4.0,,1.0,,10.0,,0.0,,208.0,,208.0,111.0,82.0,0.0,10.0,1.0,4.0,0.0,0.0
ref,OPG120,EBC-12152,87.0,,3.0,,47.0,,158.0,,0.0,,3.0,,1.0,,2.0,,0.0,,214.0,,214.0,158.0,47.0,0.0,2.0,1.0,3.0,3.0,0.0
ref,OPG120,EBC-12396,62.0,,3.0,,59.0,,94.0,,0.0,,3.0,,2.0,,9.0,,0.0,,170.0,,170.0,94.0,59.0,0.0,9.0,2.0,3.0,3.0,0.0
ref,OPG120,EBC-12508,100.0,,0.0,,60.0,,151.0,,0.0,,2.0,,0.0,,7.0,,0.0,,220.0,,220.0,151.0,60.0,0.0,7.0,0.0,2.0,0.0,0.0
ref,OPG120,EBC-12821,26.0,,0.0,,99.0,,90.0,,0.0,,0.0,,1.0,,14.0,,0.0,,204.0,,204.0,90.0,99.0,0.0,14.0,1.0,0.0,0.0,0.0
ref,OPG120,EBC-12825,45.0,,6.0,,32.0,,156.0,,0.0,,4.0,,2.0,,5.0,,0.0,,205.0,,205.0,156.0,32.0,0.0,5.0,2.0,4.0,6.0,0.0
ref,OPG120,EBC-12996,41.0,,0.0,,38.0,,164.0,,0.0,,0.0,,0.0,,3.0,,0.0,,205.0,,205.0,164.0,38.0,0.0,3.0,0.0,0.0,0.0,0.0
ref,OPG120,EBC-13002,17.0,,16.0,,51.0,,144.0,,0.0,,2.0,,2.0,,3.0,,0.0,,218.0,,218.0,144.0,51.0,0.0,3.0,2.0,2.0,16.0,0.0
ref,OPG120,EBC-13040,30.0,,3.0,,114.0,,99.0,,0.0,,1.0,,3.0,,8.0,,0.0,,228.0,,228.0,99.0,114.0,0.0,8.0,3.0,1.0,3.0,0.0
ref,OPG120,EBC-13064,69.0,,18.0,,90.0,,128.0,,0.0,,3.0,,0.0,,3.0,,0.0,,242.0,,242.0,128.0,90.0,0.0,3.0,0.0,3.0,18.0,0.0
ref,OPG120,EBC-13071,73.0,,0.0,,53.0,,166.0,,0.0,,3.0,,3.0,,0.0,,0.0,,225.0,,225.0,166.0,53.0,0.0,0.0,3.0,3.0,0.0,0.0
ref,OPG120,EBC-13120,78.0,,0.0,,74.0,,136.0,,0.0,,1.0,,3.0,,3.0,,0.0,,217.0,,217.0,136.0,74.0,0.0,3.0,3.0,1.0,0.0,0.0
ref,OPG120,EBC-13192,95.0,,4.0,,64.0,,112.0,,0.0,,1.0,,1.0,,5.0,,0.0,,187.0,,187.0,112.0,64.0,0.0,5.0,1.0,1.0,4.0,0.0
ref,OPG120,EBC-13345,,15.0,,0.0,,1.0,,10.0,,0.0,,0.0,,0.0,,0.0,,0.0,,11.0,-11.0,-10.0,-1.0,0.0,0.0,0.0,0.0,0.0,0.0
ref,OPG120,EBC-13379,92.0,93.0,0.0,0.0,65.0,1.0,162.0,7.0,0.0,0.0,1.0,0.0,0.0,0.0,14.0,0.0,0.0,0.0,242.0,8.0,234.0,155.0,64.0,0.0,14.0,0.0,1.0,0.0,0.0
ref,OPG120,EBC-13472,63.0,,12.0,,90.0,,116.0,,0.0,,2.0,,0.0,,6.0,,0.0,,226.0,,226.0,116.0,90.0,0.0,6.0,0.0,2.0,12.0,0.0
ref,OPG120,EBC-13607,1.0,,0.0,,83.0,,179.0,,0.0,,1.0,,2.0,,6.0,,0.0,,271.0,,271.0,179.0,83.0,0.0,6.0,2.0,1.0,0.0,0.0
ref,OPG120,EBC-13712,80.0,,0.0,,51.0,,155.0,,0.0,,0.0,,1.0,,4.0,,0.0,,211.0,,211.0,155.0,51.0,0.0,4.0,1.0,0.0,0.0,0.0
ref,OPG120,EBC-13865,,76.0,,0.0,,3.0,,0.0,,0.0,,0.0,,1.0,,0.0,,0.0,,4.0,-4.0,0.0,-3.0,0.0,0.0,-1.0,0.0,0.0,0.0
ref,OPG120,EBC-14020,58.0,,1.0,,41.0,,159.0,,0.0,,0.0,,3.0,,7.0,,0.0,,211.0,,211.0,159.0,41.0,0.0,7.0,3.0,0.0,1.0,0.0
ref,OPG120,EBC-14163,83.0,,0.0,,142.0,,124.0,,0.0,,4.0,,0.0,,11.0,,0.0,,281.0,,281.0,124.0,142.0,0.0,11.0,0.0,4.0,0.0,0.0
ref,OPG120,EBC-14214,24.0,,4.0,,45.0,,176.0,,0.0,,4.0,,2.0,,3.0,,0.0,,234.0,,234.0,176.0,45.0,0.0,3.0,2.0,4.0,4.0,0.0
ref,OPG120,EBC-144043,,3.0,,0.0,,6.0,,0.0,,0.0,,0.0,,1.0,,1.0,,0.0,,8.0,-8.0,0.0,-6.0,0.0,-1.0,-1.0,0.0,0.0,0.0
ref,OPG120,EBC-145156,,44.0,,0.0,,1.0,,3.0,,0.0,,0.0,,1.0,,0.0,,0.0,,5.0,-5.0,-3.0,-1.0,0.0,0.0,-1.0,0.0,0.0,0.0
ref,OPG120,EBC-145175,,67.0,,0.0,,2.0,,2.0,,0.0,,0.0,,1.0,,0.0,,0.0,,5.0,-5.0,-2.0,-2.0,0.0,0.0,-1.0,0.0,0.0,0.0
ref,OPG120,EBC-145226,53.0,,0.0,,77.0,,125.0,,0.0,,1.0,,3.0,,3.0,,0.0,,209.0,,209.0,125.0,77.0,0.0,3.0,3.0,1.0,0.0,0.0
ref,OPG120,EBC-145230,,96.0,,0.0,,2.0,,4.0,,0.0,,1.0,,0.0,,0.0,,0.0,,7.0,-7.0,-4.0,-2.0,0.0,0.0,0.0,-1.0,0.0,0.0
ref,OPG120,EBC-148031,39.0,,0.0,,86.0,,145.0,,0.0,,2.0,,2.0,,8.0,,0.0,,243.0,,243.0,145.0,86.0,0.0,8.0,2.0,2.0,0.0,0.0
ref,OPG120,EBC-149094,19.0,,0.0,,39.0,,161.0,,0.0,,1.0,,1.0,,8.0,,0.0,,210.0,,210.0,161.0,39.0,0.0,8.0,1.0,1.0,0.0,0.0
ref,OPG120,EBC-151178,,91.0,,0.0,,3.0,,0.0,,0.0,,0.0,,0.0,,0.0,,0.0,,3.0,-3.0,0.0,-3.0,0.0,0.0,0.0,0.0,0.0,0.0
ref,OPG120,EBC-154070,34.0,,3.0,,46.0,,110.0,,0.0,,2.0,,5.0,,4.0,,0.0,,170.0,,170.0,110.0,46.0,0.0,4.0,5.0,2.0,3.0,0.0
ref,OPG120,EBC-157073,42.0,,0.0,,26.0,,184.0,,0.0,,4.0,,4.0,,2.0,,0.0,,220.0,,220.0,184.0,26.0,0.0,2.0,4.0,4.0,0.0,0.0
ref,OPG120,EBC-157206,,20.0,,0.0,,6.0,,3.0,,0.0,,1.0,,1.0,,0.0,,0.0,,11.0,-11.0,-3.0,-6.0,0.0,0.0,-1.0,-1.0,0.0,0.0
ref,OPG120,EBC-157212,98.0,,0.0,,88.0,,142.0,,0.0,,1.0,,3.0,,1.0,,0.0,,235.0,,235.0,142.0,88.0,0.0,1.0,3.0,1.0,0.0,0.0
ref,OPG120,EBC-157213,31.0,,8.0,,79.0,,110.0,,0.0,,3.0,,0.0,,6.0,,0.0,,206.0,,206.0,110.0,79.0,0.0,6.0,0.0,3.0,8.0,0.0
ref,OPG120,EBC-158036,,43.0,,0.0,,3.0,,2.0,,0.0,,1.0,,1.0,,0.0,,0.0,,7.0,-7.0,-2.0,-3.0,0.0,0.0,-1.0,-1.0,0.0,0.0
ref,OPG120,EBC-159021,,7.0,,0.0,,0.0,,5.0,,0.0,,0.0,,1.0,,0.0,,0.0,,6.0,-6.0,-5.0,0.0,0.0,0.0,-1.0,0.0,0.0,0.0
ref,OPG120,EBC-160036,2.0,,6.0,,25.0,,134.0,,0.0,,0.0,,0.0,,0.0,,0.0,,165.0,,165.0,134.0,25.0,0.0,0.0,0.0,0.0,6.0,0.0
ref,OPG120,EBC-17116,56.0,,0.0,,69.0,,105.0,,0.0,,5.0,,2.0,,11.0,,0.0,,192.0,,192.0,105.0,69.0,0.0,11.0,2.0,5.0,0.0,0.0
ref,OPG120,EBC-191032,7.0,,12.0,,57.0,,137.0,,0.0,,1.0,,1.0,,4.0,,0.0,,212.0,,212.0,137.0,57.0,0.0,4.0,1.0,1.0,12.0,0.0
ref,OPG120,EBC-216028,50.0,,0.0,,53.0,,163.0,,0.0,,3.0,,1.0,,4.0,,0.0,,224.0,,224.0,163.0,53.0,0.0,4.0,1.0,3.0,0.0,0.0
ref,OPG120,EBC-217022,28.0,,8.0,,47.0,,117.0,,0.0,,4.0,,0.0,,10.0,,0.0,,186.0,,186.0,117.0,47.0,0.0,10.0,0.0,4.0,8.0,0.0
ref,OPG120,EBC-218037,27.0,,0.0,,33.0,,116.0,,0.0,,1.0,,2.0,,4.0,,0.0,,156.0,,156.0,116.0,33.0,0.0,4.0,2.0,1.0,0.0,0.0
ref,OPG120,EBC-218043,4.0,,0.0,,67.0,,152.0,,0.0,,6.0,,3.0,,10.0,,0.0,,238.0,,238.0,152.0,67.0,0.0,10.0,3.0,6.0,0.0,0.0
ref,OPG120,EBC-221084,44.0,,0.0,,72.0,,123.0,,0.0,,5.0,,0.0,,9.0,,0.0,,209.0,,209.0,123.0,72.0,0.0,9.0,0.0,5.0,0.0,0.0
ref,OPG120,EBC-230024,,100.0,,0.0,,0.0,,3.0,,0.0,,0.0,,0.0,,1.0,,0.0,,4.0,-4.0,-3.0,0.0,0.0,-1.0,0.0,0.0,0.0,0.0
ref,OPG120,EBC-24059,,58.0,,0.0,,5.0,,3.0,,0.0,,0.0,,1.0,,1.0,,0.0,,10.0,-10.0,-3.0,-5.0,0.0,-1.0,-1.0,0.0,0.0,0.0
ref,OPG120,EBC-251173,15.0,,0.0,,90.0,,165.0,,0.0,,3.0,,1.0,,12.0,,0.0,,271.0,,271.0,165.0,90.0,0.0,12.0,1.0,3.0,0.0,0.0
ref,OPG120,EBC-252093,37.0,,0.0,,48.0,,142.0,,0.0,,2.0,,1.0,,5.0,,0.0,,198.0,,198.0,142.0,48.0,0.0,5.0,1.0,2.0,0.0,0.0
ref,OPG120,EBC-252122,14.0,,14.0,,21.0,,133.0,,0.0,,4.0,,6.0,,4.0,,0.0,,182.0,,182.0,133.0,21.0,0.0,4.0,6.0,4.0,14.0,0.0
ref,OPG120,EBC-253180,90.0,,3.0,,128.0,,108.0,,0.0,,1.0,,6.0,,4.0,,0.0,,250.0,,250.0,108.0,128.0,0.0,4.0,6.0,1.0,3.0,0.0
ref,OPG120,EBC-26505,,65.0,,0.0,,3.0,,0.0,,0.0,,0.0,,1.0,,0.0,,0.0,,4.0,-4.0,0.0,-3.0,0.0,0.0,-1.0,0.0,0.0,0.0
ref,OPG120,EBC-27265,6.0,,3.0,,20.0,,158.0,,0.0,,0.0,,6.0,,0.0,,0.0,,187.0,,187.0,158.0,20.0,0.0,0.0,6.0,0.0,3.0,0.0
ref,OPG120,EBC-27288,91.0,,8.0,,73.0,,90.0,,0.0,,1.0,,0.0,,6.0,,0.0,,178.0,,178.0,90.0,73.0,0.0,6.0,0.0,1.0,8.0,0.0
ref,OPG120,EBC-27345,12.0,,6.0,,33.0,,114.0,,0.0,,0.0,,0.0,,2.0,,0.0,,155.0,,155.0,114.0,33.0,0.0,2.0,0.0,0.0,6.0,0.0
ref,OPG120,EBC-27428,3.0,,0.0,,77.0,,160.0,,0.0,,0.0,,2.0,,5.0,,0.0,,244.0,,244.0,160.0,77.0,0.0,5.0,2.0,0.0,0.0,0.0
ref,OPG120,EBC-287042,99.0,,0.0,,61.0,,163.0,,0.0,,2.0,,0.0,,3.0,,0.0,,229.0,,229.0,163.0,61.0,0.0,3.0,0.0,2.0,0.0,0.0
ref,OPG120,EBC-287070,33.0,,0.0,,28.0,,215.0,,0.0,,0.0,,0.0,,2.0,,0.0,,245.0,,245.0,215.0,28.0,0.0,2.0,0.0,0.0,0.0,0.0
ref,OPG120,EBC-289056,,59.0,,0.0,,4.0,,6.0,,0.0,,0.0,,1.0,,1.0,,0.0,,12.0,-12.0,-6.0,-4.0,0.0,-1.0,-1.0,0.0,0.0,0.0
ref,OPG120,EBC-289112,55.0,,0.0,,31.0,,155.0,,0.0,,1.0,,3.0,,1.0,,0.0,,191.0,,191.0,155.0,31.0,0.0,1.0,3.0,1.0,0.0,0.0
ref,OPG120,EBC-290041,9.0,,3.0,,136.0,,127.0,,0.0,,3.0,,1.0,,23.0,,0.0,,293.0,,293.0,127.0,136.0,0.0,23.0,1.0,3.0,3.0,0.0
ref,OPG120,EBC-291106,88.0,,0.0,,49.0,,140.0,,0.0,,1.0,,0.0,,3.0,,0.0,,193.0,,193.0,140.0,49.0,0.0,3.0,0.0,1.0,0.0,0.0
ref,OPG120,EBC-291131,,25.0,,0.0,,2.0,,0.0,,0.0,,1.0,,0.0,,0.0,,0.0,,3.0,-3.0,0.0,-2.0,0.0,0.0,0.0,-1.0,0.0,0.0
ref,OPG120,EBC-292060,94.0,,3.0,,38.0,,141.0,,0.0,,0.0,,2.0,,3.0,,0.0,,187.0,,187.0,141.0,38.0,0.0,3.0,2.0,0.0,3.0,0.0
ref,OPG120,EBC-303367,75.0,,0.0,,59.0,,177.0,,0.0,,1.0,,1.0,,2.0,,0.0,,240.0,,240.0,177.0,59.0,0.0,2.0,1.0,1.0,0.0,0.0
ref,OPG120,EBC-306048,8.0,,9.0,,66.0,,72.0,,0.0,,1.0,,2.0,,9.0,,0.0,,159.0,,159.0,72.0,66.0,0.0,9.0,2.0,1.0,9.0,0.0
ref,OPG120,EBC-309070,74.0,,13.0,,42.0,,103.0,,0.0,,4.0,,0.0,,9.0,,0.0,,171.0,,171.0,103.0,42.0,0.0,9.0,0.0,4.0,13.0,0.0
ref,OPG120,EBC-309072,89.0,,1.0,,85.0,,107.0,,0.0,,1.0,,1.0,,16.0,,0.0,,211.0,,211.0,107.0,85.0,0.0,16.0,1.0,1.0,1.0,0.0
ref,OPG120,EBC-43021,43.0,,5.0,,63.0,,148.0,,0.0,,1.0,,0.0,,8.0,,0.0,,225.0,,225.0,148.0,63.0,0.0,8.0,0.0,1.0,5.0,0.0
ref,OPG120,EBC-44189,,45.0,,0.0,,5.0,,3.0,,0.0,,0.0,,1.0,,1.0,,0.0,,10.0,-10.0,-3.0,-5.0,0.0,-1.0,-1.0,0.0,0.0,0.0
ref,OPG120,EBC-44358,65.0,,9.0,,72.0,,118.0,,0.0,,0.0,,0.0,,2.0,,0.0,,201.0,,201.0,118.0,72.0,0.0,2.0,0.0,0.0,9.0,0.0
ref,OPG120,EBC-46024,60.0,,3.0,,79.0,,106.0,,0.0,,0.0,,1.0,,2.0,,0.0,,191.0,,191.0,106.0,79.0,0.0,2.0,1.0,0.0,3.0,0.0
ref,OPG120,EBC-46057,70.0,,0.0,,35.0,,199.0,,0.0,,4.0,,0.0,,6.0,,0.0,,244.0,,244.0,199.0,35.0,0.0,6.0,0.0,4.0,0.0,0.0
ref,OPG120,EBC-46099,40.0,,10.0,,56.0,,107.0,,0.0,,2.0,,2.0,,2.0,,0.0,,179.0,,179.0,107.0,56.0,0.0,2.0,2.0,2.0,10.0,0.0
ref,OPG120,EBC-46196,,94.0,,0.0,,0.0,,7.0,,0.0,,0.0,,2.0,,0.0,,0.0,,9.0,-9.0,-7.0,0.0,0.0,0.0,-2.0,0.0,0.0,0.0
ref,OPG120,EBC-46294,11.0,,3.0,,134.0,,123.0,,0.0,,1.0,,4.0,,12.0,,0.0,,277.0,,277.0,123.0,134.0,0.0,12.0,4.0,1.0,3.0,0.0
ref,OPG120,EBC-47024,82.0,,0.0,,95.0,,138.0,,0.0,,1.0,,0.0,,10.0,,0.0,,244.0,,244.0,138.0,95.0,0.0,10.0,0.0,1.0,0.0,0.0
ref,OPG120,EBC-47073,35.0,,14.0,,105.0,,138.0,,0.0,,1.0,,1.0,,14.0,,0.0,,273.0,,273.0,138.0,105.0,0.0,14.0,1.0,1.0,14.0,0.0
ref,OPG120,EBC-47115,77.0,,13.0,,55.0,,115.0,,0.0,,2.0,,4.0,,4.0,,0.0,,193.0,,193.0,115.0,55.0,0.0,4.0,4.0,2.0,13.0,0.0
ref,OPG120,EBC-47119,85.0,,0.0,,126.0,,115.0,,0.0,,4.0,,0.0,,15.0,,0.0,,260.0,,260.0,115.0,126.0,0.0,15.0,0.0,4.0,0.0,0.0
ref,OPG120,EBC-47188,,49.0,,0.0,,5.0,,4.0,,0.0,,0.0,,1.0,,1.0,,0.0,,11.0,-11.0,-4.0,-5.0,0.0,-1.0,-1.0,0.0,0.0,0.0
ref,OPG120,EBC-47288,,79.0,,0.0,,5.0,,2.0,,0.0,,1.0,,0.0,,0.0,,0.0,,8.0,-8.0,-2.0,-5.0,0.0,0.0,0.0,-1.0,0.0,0.0
ref,OPG120,EBC-47495,86.0,,9.0,,60.0,,146.0,,0.0,,1.0,,0.0,,6.0,,0.0,,222.0,,222.0,146.0,60.0,0.0,6.0,0.0,1.0,9.0,0.0
ref,OPG120,EBC-48188,81.0,,0.0,,88.0,,125.0,,0.0,,2.0,,2.0,,5.0,,0.0,,222.0,,222.0,125.0,88.0,0.0,5.0,2.0,2.0,0.0,0.0
ref,OPG120,EBC-50088,29.0,,0.0,,57.0,,120.0,,0.0,,0.0,,0.0,,3.0,,0.0,,180.0,,180.0,120.0,57.0,0.0,3.0,0.0,0.0,0.0,0.0
ref,OPG120,EBC-54045,84.0,,1.0,,80.0,,101.0,,0.0,,3.0,,2.0,,11.0,,0.0,,198.0,,198.0,101.0,80.0,0.0,11.0,2.0,3.0,1.0,0.0
ref,OPG120,EBC-63089,32.0,,3.0,,130.0,,87.0,,0.0,,1.0,,2.0,,20.0,,0.0,,243.0,,243.0,87.0,130.0,0.0,20.0,2.0,1.0,3.0,0.0
ref,OPG120,EBC-80098,68.0,,0.0,,76.0,,132.0,,0.0,,5.0,,1.0,,2.0,,0.0,,216.0,,216.0,132.0,76.0,0.0,2.0,1.0,5.0,0.0,0.0
ref,OPG120,EBC-84050,59.0,,6.0,,101.0,,112.0,,0.0,,3.0,,2.0,,15.0,,0.0,,239.0,,239.0,112.0,101.0,0.0,15.0,2.0,3.0,6.0,0.0
ref,OPG154,EBC-00636,98.0,,0.0,,20.0,,128.0,,0.0,,0.0,,0.0,,5.0,,0.0,,153.0,,153.0,128.0,20.0,0.0,5.0,0.0,0.0,0.0,0.0
ref,OPG154,EBC-00699,,47.0,,0.0,,0.0,,3.0,,0.0,,0.0,,0.0,,0.0,,0.0,,3.0,-3.0,-3.0,0.0,0.0,0.0,0.0,0.0,0.0,0.0
ref,OPG154,EBC-00711,12.0,,0.0,,7.0,,173.0,,0.0,,1.0,,0.0,,8.0,,0.0,,189.0,,189.0,173.0,7.0,0.0,8.0,0.0,1.0,0.0,0.0
ref,OPG154,EBC-02025,,18.0,,0.0,,2.0,,1.0,,0.0,,0.0,,0.0,,0.0,,0.0,,3.0,-3.0,-1.0,-2.0,0.0,0.0,0.0,0.0,0.0,0.0
ref,OPG154,EBC-02031,,48.0,,0.0,,0.0,,2.0,,0.0,,0.0,,0.0,,0.0,,0.0,,2.0,-2.0,-2.0,0.0,0.0,0.0,0.0,0.0,0.0,0.0
ref,OPG154,EBC-02060,,56.0,,0.0,,1.0,,2.0,,0.0,,0.0,,0.0,,0.0,,0.0,,3.0,-3.0,-2.0,-1.0,0.0,0.0,0.0,0.0,0.0,0.0
ref,OPG154,EBC-02079,4.0,,0.0,,29.0,,120.0,,0.0,,0.0,,2.0,,7.0,,0.0,,158.0,,158.0,120.0,29.0,0.0,7.0,2.0,0.0,0.0,0.0
ref,OPG154,EBC-02080,58.0,,0.0,,20.0,,139.0,,0.0,,0.0,,1.0,,2.0,,0.0,,162.0,,162.0,139.0,20.0,0.0,2.0,1.0,0.0,0.0,0.0
ref,OPG154,EBC-03090,,67.0,,0.0,,2.0,,1.0,,0.0,,0.0,,0.0,,0.0,,0.0,,3.0,-3.0,-1.0,-2.0,0.0,0.0,0.0,0.0,0.0,0.0
ref,OPG154,EBC-03100,,2.0,,0.0,,2.0,,0.0,,0.0,,0.0,,0.0,,0.0,,0.0,,2.0,-2.0,0.0,-2.0,0.0,0.0,0.0,0.0,0.0,0.0
ref,OPG154,EBC-03122,,61.0,,0.0,,1.0,,0.0,,0.0,,0.0,,0.0,,0.0,,0.0,,1.0,-1.0,0.0,-1.0,0.0,0.0,0.0,0.0,0.0,0.0
ref,OPG154,EBC-03159,,35.0,,0.0,,0.0,,1.0,,0.0,,0.0,,0.0,,1.0,,0.0,,2.0,-2.0,-1.0,0.0,0.0,-1.0,0.0,0.0,0.0,0.0
ref,OPG154,EBC-03203,,36.0,,0.0,,0.0,,0.0,,0.0,,0.0,,0.0,,2.0,,0.0,,2.0,-2.0,0.0,0.0,0.0,-2.0,0.0,0.0,0.0,0.0
ref,OPG154,EBC-03204,,65.0,,0.0,,0.0,,0.0,,0.0,,0.0,,0.0,,2.0,,0.0,,2.0,-2.0,0.0,0.0,0.0,-2.0,0.0,0.0,0.0,0.0
ref,OPG154,EBC-03280,,52.0,,0.0,,0.0,,1.0,,0.0,,0.0,,0.0,,0.0,,0.0,,1.0,-1.0,-1.0,0.0,0.0,0.0,0.0,0.0,0.0,0.0
ref,OPG154,EBC-03322,,96.0,,0.0,,0.0,,3.0,,0.0,,0.0,,0.0,,0.0,,0.0,,3.0,-3.0,-3.0,0.0,0.0,0.0,0.0,0.0,0.0,0.0
ref,OPG154,EBC-03338,,17.0,,0.0,,2.0,,1.0,,0.0,,0.0,,0.0,,0.0,,0.0,,3.0,-3.0,-1.0,-2.0,0.0,0.0,0.0,0.0,0.0,0.0
ref,OPG154,EBC-03694,,46.0,,0.0,,0.0,,3.0,,0.0,,0.0,,0.0,,0.0,,0.0,,3.0,-3.0,-3.0,0.0,0.0,0.0,0.0,0.0,0.0,0.0
ref,OPG154,EBC-03735,,97.0,,0.0,,0.0,,1.0,,0.0,,0.0,,0.0,,0.0,,0.0,,1.0,-1.0,-1.0,0.0,0.0,0.0,0.0,0.0,0.0,0.0
ref,OPG154,EBC-03738,,51.0,,0.0,,0.0,,1.0,,0.0,,0.0,,0.0,,1.0,,0.0,,2.0,-2.0,-1.0,0.0,0.0,-1.0,0.0,0.0,0.0,0.0
ref,OPG154,EBC-03743,,45.0,,0.0,,1.0,,3.0,,0.0,,0.0,,0.0,,0.0,,0.0,,4.0,-4.0,-3.0,-1.0,0.0,0.0,0.0,0.0,0.0,0.0
ref,OPG154,EBC-03801,,78.0,,0.0,,0.0,,4.0,,0.0,,0.0,,0.0,,0.0,,0.0,,4.0,-4.0,-4.0,0.0,0.0,0.0,0.0,0.0,0.0,0.0
ref,OPG154,EBC-03838,75.0,,0.0,,10.0,,149.0,,0.0,,2.0,,0.0,,1.0,,0.0,,162.0,,162.0,149.0,10.0,0.0,1.0,0.0,2.0,0.0,0.0
ref,OPG154,EBC-03852,39.0,,0.0,,12.0,,156.0,,0.0,,1.0,,1.0,,0.0,,0.0,,170.0,,170.0,156.0,12.0,0.0,0.0,1.0,1.0,0.0,0.0
ref,OPG154,EBC-03865,5.0,,0.0,,6.0,,206.0,,0.0,,0.0,,1.0,,0.0,,0.0,,213.0,,213.0,206.0,6.0,0.0,0.0,1.0,0.0,0.0,0.0
ref,OPG154,EBC-03960,,57.0,,0.0,,0.0,,1.0,,0.0,,0.0,,0.0,,1.0,,0.0,,2.0,-2.0,-1.0,0.0,0.0,-1.0,0.0,0.0,0.0,0.0
ref,OPG154,EBC-04013,,32.0,,0.0,,0.0,,1.0,,0.0,,0.0,,0.0,,1.0,,0.0,,2.0,-2.0,-1.0,0.0,0.0,-1.0,0.0,0.0,0.0,0.0
ref,OPG154,EBC-04274,,66.0,,0.0,,0.0,,0.0,,0.0,,0.0,,0.0,,2.0,,0.0,,2.0,-2.0,0.0,0.0,0.0,-2.0,0.0,0.0,0.0,0.0
ref,OPG154,EBC-04275,,6.0,,0.0,,0.0,,1.0,,0.0,,0.0,,0.0,,0.0,,0.0,,1.0,-1.0,-1.0,0.0,0.0,0.0,0.0,0.0,0.0,0.0
ref,OPG154,EBC-04344,,74.0,,0.0,,0.0,,4.0,,0.0,,0.0,,0.0,,0.0,,0.0,,4.0,-4.0,-4.0,0.0,0.0,0.0,0.0,0.0,0.0,0.0
ref,OPG154,EBC-06061,67.0,,0.0,,40.0,,121.0,,0.0,,4.0,,3.0,,17.0,,0.0,,185.0,,185.0,121.0,40.0,0.0,17.0,3.0,4.0,0.0,0.0
ref,OPG154,EBC-06062,74.0,,0.0,,27.0,,192.0,,0.0,,0.0,,1.0,,3.0,,0.0,,223.0,,223.0,192.0,27.0,0.0,3.0,1.0,0.0,0.0,0.0
ref,OPG154,EBC-06111,24.0,,0.0,,19.0,,144.0,,0.0,,0.0,,0.0,,0.0,,0.0,,163.0,,163.0,144.0,19.0,0.0,0.0,0.0,0.0,0.0,0.0
ref,OPG154,EBC-06165,,62.0,,0.0,,1.0,,0.0,,0.0,,0.0,,0.0,,0.0,,0.0,,1.0,-1.0,0.0,-1.0,0.0,0.0,0.0,0.0,0.0,0.0
ref,OPG154,EBC-06181,,33.0,,0.0,,1.0,,0.0,,0.0,,0.0,,0.0,,0.0,,0.0,,1.0,-1.0,0.0,-1.0,0.0,0.0,0.0,0.0,0.0,0.0
ref,OPG154,EBC-06569,,1.0,,0.0,,1.0,,2.0,,0.0,,0.0,,0.0,,0.0,,0.0,,3.0,-3.0,-2.0,-1.0,0.0,0.0,0.0,0.0,0.0,0.0
ref,OPG154,EBC-06581,,95.0,,0.0,,1.0,,3.0,,0.0,,0.0,,0.0,,0.0,,0.0,,4.0,-4.0,-3.0,-1.0,0.0,0.0,0.0,0.0,0.0,0.0
ref,OPG154,EBC-06684,,26.0,,0.0,,1.0,,3.0,,0.0,,0.0,,0.0,,1.0,,0.0,,5.0,-5.0,-3.0,-1.0,0.0,-1.0,0.0,0.0,0.0,0.0
ref,OPG154,EBC-06754,,87.0,,0.0,,1.0,,3.0,,0.0,,0.0,,0.0,,0.0,,0.0,,4.0,-4.0,-3.0,-1.0,0.0,0.0,0.0,0.0,0.0,0.0
ref,OPG154,EBC-06802,,88.0,,0.0,,1.0,,3.0,,0.0,,0.0,,0.0,,0.0,,0.0,,4.0,-4.0,-3.0,-1.0,0.0,0.0,0.0,0.0,0.0,0.0
ref,OPG154,EBC-06832,,92.0,,0.0,,0.0,,4.0,,0.0,,0.0,,0.0,,1.0,,0.0,,5.0,-5.0,-4.0,0.0,0.0,-1.0,0.0,0.0,0.0,0.0
ref,OPG154,EBC-06903,70.0,,0.0,,37.0,,169.0,,0.0,,1.0,,0.0,,7.0,,0.0,,214.0,,214.0,169.0,37.0,0.0,7.0,0.0,1.0,0.0,0.0
ref,OPG154,EBC-06968,,94.0,,0.0,,0.0,,3.0,,0.0,,0.0,,0.0,,2.0,,0.0,,5.0,-5.0,-3.0,0.0,0.0,-2.0,0.0,0.0,0.0,0.0
ref,OPG154,EBC-07067,,42.0,,0.0,,1.0,,2.0,,0.0,,0.0,,0.0,,0.0,,0.0,,3.0,-3.0,-2.0,-1.0,0.0,0.0,0.0,0.0,0.0,0.0
ref,OPG154,EBC-07074,,73.0,,0.0,,1.0,,2.0,,0.0,,0.0,,0.0,,1.0,,0.0,,4.0,-4.0,-2.0,-1.0,0.0,-1.0,0.0,0.0,0.0,0.0
ref,OPG154,EBC-07236,88.0,,0.0,,8.0,,156.0,,0.0,,0.0,,0.0,,2.0,,0.0,,166.0,,166.0,156.0,8.0,0.0,2.0,0.0,0.0,0.0,0.0
ref,OPG154,EBC-07249,30.0,,0.0,,10.0,,144.0,,0.0,,0.0,,1.0,,0.0,,0.0,,155.0,,155.0,144.0,10.0,0.0,0.0,1.0,0.0,0.0,0.0
ref,OPG154,EBC-07250,80.0,,0.0,,9.0,,148.0,,0.0,,0.0,,0.0,,0.0,,0.0,,157.0,,157.0,148.0,9.0,0.0,0.0,0.0,0.0,0.0,0.0
ref,OPG154,EBC-07301,25.0,,0.0,,12.0,,175.0,,0.0,,0.0,,0.0,,2.0,,0.0,,189.0,,189.0,175.0,12.0,0.0,2.0,0.0,0.0,0.0,0.0
ref,OPG154,EBC-07421,42.0,,2.0,,11.0,,146.0,,0.0,,2.0,,3.0,,5.0,,0.0,,169.0,,169.0,146.0,11.0,0.0,5.0,3.0,2.0,2.0,0.0
ref,OPG154,EBC-07528,97.0,,0.0,,9.0,,158.0,,0.0,,0.0,,0.0,,6.0,,0.0,,173.0,,173.0,158.0,9.0,0.0,6.0,0.0,0.0,0.0,0.0
ref,OPG154,EBC-07670,20.0,,0.0,,35.0,,169.0,,0.0,,0.0,,1.0,,2.0,,0.0,,207.0,,207.0,169.0,35.0,0.0,2.0,1.0,0.0,0.0,0.0
ref,OPG154,EBC-07742,,44.0,,0.0,,1.0,,5.0,,0.0,,0.0,,0.0,,0.0,,0.0,,6.0,-6.0,-5.0,-1.0,0.0,0.0,0.0,0.0,0.0,0.0
ref,OPG154,EBC-07744,93.0,,0.0,,22.0,,168.0,,0.0,,4.0,,1.0,,7.0,,0.0,,202.0,,202.0,168.0,22.0,0.0,7.0,1.0,4.0,0.0,0.0
ref,OPG154,EBC-07772,,24.0,,0.0,,1.0,,0.0,,0.0,,0.0,,0.0,,0.0,,0.0,,1.0,-1.0,0.0,-1.0,0.0,0.0,0.0,0.0,0.0,0.0
ref,OPG154,EBC-07863,,5.0,,0.0,,0.0,,0.0,,0.0,,0.0,,0.0,,0.0,,0.0,,0.0,0.0,0.0,0.0,0.0,0.0,0.0,0.0,0.0,0.0
ref,OPG154,EBC-07988,100.0,,4.0,,52.0,,162.0,,0.0,,4.0,,2.0,,29.0,,0.0,,253.0,,253.0,162.0,52.0,0.0,29.0,2.0,4.0,4.0,0.0
ref,OPG154,EBC-08250,,98.0,,0.0,,0.0,,1.0,,0.0,,0.0,,0.0,,0.0,,0.0,,1.0,-1.0,-1.0,0.0,0.0,0.0,0.0,0.0,0.0,0.0
ref,OPG154,EBC-08258,,70.0,,0.0,,0.0,,5.0,,0.0,,0.0,,0.0,,1.0,,0.0,,6.0,-6.0,-5.0,0.0,0.0,-1.0,0.0,0.0,0.0,0.0
ref,OPG154,EBC-08319,,93.0,,0.0,,0.0,,4.0,,0.0,,0.0,,0.0,,0.0,,0.0,,4.0,-4.0,-4.0,0.0,0.0,0.0,0.0,0.0,0.0,0.0
ref,OPG154,EBC-08348,,82.0,,0.0,,0.0,,1.0,,0.0,,0.0,,0.0,,1.0,,0.0,,2.0,-2.0,-1.0,0.0,0.0,-1.0,0.0,0.0,0.0,0.0
ref,OPG154,EBC-08356,,83.0,,0.0,,0.0,,5.0,,0.0,,0.0,,0.0,,0.0,,0.0,,5.0,-5.0,-5.0,0.0,0.0,0.0,0.0,0.0,0.0,0.0
ref,OPG154,EBC-08587,32.0,,0.0,,27.0,,129.0,,0.0,,0.0,,0.0,,0.0,,0.0,,156.0,,156.0,129.0,27.0,0.0,0.0,0.0,0.0,0.0,0.0
ref,OPG154,EBC-08615,60.0,,0.0,,83.0,,122.0,,0.0,,0.0,,0.0,,8.0,,0.0,,213.0,,213.0,122.0,83.0,0.0,8.0,0.0,0.0,0.0,0.0
ref,OPG154,EBC-08641,,20.0,,0.0,,1.0,,4.0,,0.0,,0.0,,0.0,,2.0,,0.0,,7.0,-7.0,-4.0,-1.0,0.0,-2.0,0.0,0.0,0.0,0.0
ref,OPG154,EBC-08785,,71.0,,0.0,,1.0,,3.0,,0.0,,0.0,,1.0,,0.0,,0.0,,5.0,-5.0,-3.0,-1.0,0.0,0.0,-1.0,0.0,0.0,0.0
ref,OPG154,EBC-08787,44.0,,0.0,,21.0,,160.0,,0.0,,0.0,,0.0,,4.0,,0.0,,185.0,,185.0,160.0,21.0,0.0,4.0,0.0,0.0,0.0,0.0
ref,OPG154,EBC-08788,37.0,,0.0,,24.0,,147.0,,0.0,,0.0,,0.0,,5.0,,0.0,,176.0,,176.0,147.0,24.0,0.0,5.0,0.0,0.0,0.0,0.0
ref,OPG154,EBC-08822,68.0,,0.0,,40.0,,151.0,,0.0,,0.0,,1.0,,5.0,,0.0,,197.0,,197.0,151.0,40.0,0.0,5.0,1.0,0.0,0.0,0.0
ref,OPG154,EBC-08915,21.0,,0.0,,23.0,,187.0,,0.0,,4.0,,0.0,,9.0,,0.0,,223.0,,223.0,187.0,23.0,0.0,9.0,0.0,4.0,0.0,0.0
ref,OPG154,EBC-08954,,85.0,,0.0,,0.0,,3.0,,0.0,,0.0,,0.0,,0.0,,0.0,,3.0,-3.0,-3.0,0.0,0.0,0.0,0.0,0.0,0.0,0.0
ref,OPG154,EBC-09098,69.0,,0.0,,27.0,,169.0,,0.0,,2.0,,2.0,,2.0,,0.0,,202.0,,202.0,169.0,27.0,0.0,2.0,2.0,2.0,0.0,0.0
ref,OPG154,EBC-09118,95.0,,0.0,,22.0,,114.0,,0.0,,2.0,,7.0,,6.0,,0.0,,151.0,,151.0,114.0,22.0,0.0,6.0,7.0,2.0,0.0,0.0
ref,OPG154,EBC-09204,,43.0,,0.0,,0.0,,1.0,,0.0,,0.0,,0.0,,0.0,,0.0,,1.0,-1.0,-1.0,0.0,0.0,0.0,0.0,0.0,0.0,0.0
ref,OPG154,EBC-09224,,21.0,,0.0,,0.0,,1.0,,0.0,,0.0,,1.0,,0.0,,0.0,,2.0,-2.0,-1.0,0.0,0.0,0.0,-1.0,0.0,0.0,0.0
ref,OPG154,EBC-09225,,40.0,,0.0,,0.0,,0.0,,0.0,,0.0,,0.0,,2.0,,0.0,,2.0,-2.0,0.0,0.0,0.0,-2.0,0.0,0.0,0.0,0.0
ref,OPG154,EBC-11041,56.0,,0.0,,43.0,,133.0,,0.0,,1.0,,1.0,,0.0,,0.0,,178.0,,178.0,133.0,43.0,0.0,0.0,1.0,1.0,0.0,0.0
ref,OPG154,EBC-11069,27.0,,0.0,,34.0,,142.0,,0.0,,0.0,,0.0,,1.0,,0.0,,177.0,,177.0,142.0,34.0,0.0,1.0,0.0,0.0,0.0,0.0
ref,OPG154,EBC-11225,,68.0,,0.0,,0.0,,7.0,,0.0,,0.0,,0.0,,0.0,,0.0,,7.0,-7.0,-7.0,0.0,0.0,0.0,0.0,0.0,0.0,0.0
ref,OPG154,EBC-11281,18.0,,16.0,,21.0,,125.0,,0.0,,0.0,,0.0,,8.0,,0.0,,170.0,,170.0,125.0,21.0,0.0,8.0,0.0,0.0,16.0,0.0
ref,OPG154,EBC-11342,,81.0,,0.0,,0.0,,3.0,,0.0,,0.0,,1.0,,0.0,,0.0,,4.0,-4.0,-3.0,0.0,0.0,0.0,-1.0,0.0,0.0,0.0
ref,OPG154,EBC-11364,19.0,,5.0,,29.0,,78.0,,0.0,,6.0,,2.0,,12.0,,0.0,,132.0,,132.0,78.0,29.0,0.0,12.0,2.0,6.0,5.0,0.0
ref,OPG154,EBC-11416,,90.0,,0.0,,1.0,,3.0,,0.0,,0.0,,0.0,,0.0,,0.0,,4.0,-4.0,-3.0,-1.0,0.0,0.0,0.0,0.0,0.0,0.0
ref,OPG154,EBC-118037,50.0,,0.0,,49.0,,98.0,,0.0,,1.0,,2.0,,13.0,,0.0,,163.0,,163.0,98.0,49.0,0.0,13.0,2.0,1.0,0.0,0.0
ref,OPG154,EBC-12063,72.0,,0.0,,82.0,,84.0,,0.0,,3.0,,3.0,,17.0,,0.0,,189.0,,189.0,84.0,82.0,0.0,17.0,3.0,3.0,0.0,0.0
ref,OPG154,EBC-12273,34.0,,0.0,,31.0,,153.0,,0.0,,0.0,,1.0,,2.0,,0.0,,187.0,,187.0,153.0,31.0,0.0,2.0,1.0,0.0,0.0,0.0
ref,OPG154,EBC-12325,,76.0,,0.0,,0.0,,1.0,,0.0,,0.0,,0.0,,0.0,,0.0,,1.0,-1.0,-1.0,0.0,0.0,0.0,0.0,0.0,0.0,0.0
ref,OPG154,EBC-12341,,3.0,,0.0,,0.0,,1.0,,0.0,,0.0,,0.0,,0.0,,0.0,,1.0,-1.0,-1.0,0.0,0.0,0.0,0.0,0.0,0.0,0.0
ref,OPG154,EBC-12412,57.0,,0.0,,44.0,,174.0,,0.0,,1.0,,4.0,,5.0,,0.0,,228.0,,228.0,174.0,44.0,0.0,5.0,4.0,1.0,0.0,0.0
ref,OPG154,EBC-12413,,77.0,,0.0,,0.0,,3.0,,0.0,,0.0,,0.0,,0.0,,0.0,,3.0,-3.0,-3.0,0.0,0.0,0.0,0.0,0.0,0.0,0.0
ref,OPG154,EBC-12537,,59.0,,0.0,,0.0,,2.0,,0.0,,0.0,,0.0,,3.0,,0.0,,5.0,-5.0,-2.0,0.0,0.0,-3.0,0.0,0.0,0.0,0.0
ref,OPG154,EBC-12821,14.0,,0.0,,48.0,,90.0,,0.0,,0.0,,3.0,,9.0,,0.0,,150.0,,150.0,90.0,48.0,0.0,9.0,3.0,0.0,0.0,0.0
ref,OPG154,EBC-12825,99.0,,4.0,,31.0,,179.0,,0.0,,6.0,,1.0,,4.0,,0.0,,225.0,,225.0,179.0,31.0,0.0,4.0,1.0,6.0,4.0,0.0
ref,OPG154,EBC-13061,64.0,,0.0,,63.0,,93.0,,0.0,,3.0,,4.0,,11.0,,0.0,,174.0,,174.0,93.0,63.0,0.0,11.0,4.0,3.0,0.0,0.0
ref,OPG154,EBC-13071,86.0,,0.0,,27.0,,160.0,,0.0,,0.0,,0.0,,1.0,,0.0,,188.0,,188.0,160.0,27.0,0.0,1.0,0.0,0.0,0.0,0.0
ref,OPG154,EBC-13120,43.0,,0.0,,45.0,,134.0,,0.0,,0.0,,0.0,,19.0,,0.0,,198.0,,198.0,134.0,45.0,0.0,19.0,0.0,0.0,0.0,0.0
ref,OPG154,EBC-13127,84.0,,0.0,,57.0,,202.0,,0.0,,1.0,,1.0,,5.0,,0.0,,266.0,,266.0,202.0,57.0,0.0,5.0,1.0,1.0,0.0,0.0
ref,OPG154,EBC-13184,96.0,,6.0,,54.0,,143.0,,0.0,,3.0,,0.0,,31.0,,0.0,,237.0,,237.0,143.0,54.0,0.0,31.0,0.0,3.0,6.0,0.0
ref,OPG154,EBC-13324,,19.0,,0.0,,2.0,,1.0,,0.0,,0.0,,0.0,,0.0,,0.0,,3.0,-3.0,-1.0,-2.0,0.0,0.0,0.0,0.0,0.0,0.0
ref,OPG154,EBC-13436,,64.0,,0.0,,3.0,,0.0,,0.0,,0.0,,0.0,,0.0,,0.0,,3.0,-3.0,0.0,-3.0,0.0,0.0,0.0,0.0,0.0,0.0
ref,OPG154,EBC-13607,3.0,,0.0,,72.0,,154.0,,0.0,,2.0,,0.0,,19.0,,0.0,,247.0,,247.0,154.0,72.0,0.0,19.0,0.0,2.0,0.0,0.0
ref,OPG154,EBC-13767,,58.0,,0.0,,1.0,,0.0,,0.0,,0.0,,0.0,,0.0,,0.0,,1.0,-1.0,0.0,-1.0,0.0,0.0,0.0,0.0,0.0,0.0
ref,OPG154,EBC-13814,89.0,,0.0,,21.0,,131.0,,0.0,,1.0,,0.0,,4.0,,0.0,,157.0,,157.0,131.0,21.0,0.0,4.0,0.0,1.0,0.0,0.0
ref,OPG154,EBC-13851,47.0,,0.0,,32.0,,159.0,,0.0,,0.0,,1.0,,6.0,,0.0,,198.0,,198.0,159.0,32.0,0.0,6.0,1.0,0.0,0.0,0.0
ref,OPG154,EBC-14147,29.0,,0.0,,45.0,,112.0,,0.0,,2.0,,1.0,,13.0,,0.0,,173.0,,173.0,112.0,45.0,0.0,13.0,1.0,2.0,0.0,0.0
ref,OPG154,EBC-14210,79.0,,0.0,,30.0,,149.0,,0.0,,2.0,,0.0,,6.0,,0.0,,187.0,,187.0,149.0,30.0,0.0,6.0,0.0,2.0,0.0,0.0
ref,OPG154,EBC-14214,55.0,,2.0,,30.0,,192.0,,0.0,,1.0,,3.0,,4.0,,0.0,,232.0,,232.0,192.0,30.0,0.0,4.0,3.0,1.0,2.0,0.0
ref,OPG154,EBC-144034,,84.0,,0.0,,1.0,,3.0,,0.0,,0.0,,0.0,,0.0,,0.0,,4.0,-4.0,-3.0,-1.0,0.0,0.0,0.0,0.0,0.0,0.0
ref,OPG154,EBC-144099,94.0,,0.0,,53.0,,109.0,,0.0,,1.0,,4.0,,5.0,,0.0,,172.0,,172.0,109.0,53.0,0.0,5.0,4.0,1.0,0.0,0.0
ref,OPG154,EBC-145189,,27.0,,0.0,,0.0,,4.0,,0.0,,0.0,,0.0,,1.0,,0.0,,5.0,-5.0,-4.0,0.0,0.0,-1.0,0.0,0.0,0.0,0.0
ref,OPG154,EBC-145226,17.0,,0.0,,84.0,,142.0,,0.0,,0.0,,0.0,,10.0,,0.0,,236.0,,236.0,142.0,84.0,0.0,10.0,0.0,0.0,0.0,0.0
ref,OPG154,EBC-148031,53.0,,0.0,,45.0,,161.0,,0.0,,1.0,,0.0,,16.0,,0.0,,223.0,,223.0,161.0,45.0,0.0,16.0,0.0,1.0,0.0,0.0
ref,OPG154,EBC-14819,,79.0,,0.0,,0.0,,5.0,,0.0,,0.0,,0.0,,0.0,,0.0,,5.0,-5.0,-5.0,0.0,0.0,0.0,0.0,0.0,0.0,0.0
ref,OPG154,EBC-14842,,12.0,,0.0,,1.0,,1.0,,0.0,,0.0,,0.0,,0.0,,0.0,,2.0,-2.0,-1.0,-1.0,0.0,0.0,0.0,0.0,0.0,0.0
ref,OPG154,EBC-149094,7.0,,0.0,,39.0,,127.0,,0.0,,4.0,,2.0,,10.0,,0.0,,182.0,,182.0,127.0,39.0,0.0,10.0,2.0,4.0,0.0,0.0
ref,OPG154,EBC-151033,,13.0,,0.0,,0.0,,1.0,,0.0,,0.0,,0.0,,0.0,,0.0,,1.0,-1.0,-1.0,0.0,0.0,0.0,0.0,0.0,0.0,0.0
ref,OPG154,EBC-151087,,34.0,,0.0,,1.0,,0.0,,0.0,,0.0,,0.0,,0.0,,0.0,,1.0,-1.0,0.0,-1.0,0.0,0.0,0.0,0.0,0.0,0.0
ref,OPG154,EBC-154047,,15.0,,0.0,,1.0,,1.0,,0.0,,0.0,,0.0,,0.0,,0.0,,2.0,-2.0,-1.0,-1.0,0.0,0.0,0.0,0.0,0.0,0.0
ref,OPG154,EBC-157222,61.0,,0.0,,28.0,,121.0,,0.0,,0.0,,0.0,,0.0,,0.0,,149.0,,149.0,121.0,28.0,0.0,0.0,0.0,0.0,0.0,0.0
ref,OPG154,EBC-157241,38.0,,2.0,,48.0,,114.0,,0.0,,2.0,,1.0,,11.0,,0.0,,178.0,,178.0,114.0,48.0,0.0,11.0,1.0,2.0,2.0,0.0
ref,OPG154,EBC-157248,90.0,,0.0,,61.0,,122.0,,0.0,,0.0,,1.0,,8.0,,0.0,,192.0,,192.0,122.0,61.0,0.0,8.0,1.0,0.0,0.0,0.0
ref,OPG154,EBC-159022,,89.0,,0.0,,0.0,,0.0,,0.0,,0.0,,0.0,,0.0,,0.0,,0.0,0.0,0.0,0.0,0.0,0.0,0.0,0.0,0.0,0.0
ref,OPG154,EBC-160036,2.0,,1.0,,25.0,,145.0,,0.0,,3.0,,4.0,,0.0,,0.0,,178.0,,178.0,145.0,25.0,0.0,0.0,4.0,3.0,1.0,0.0
ref,OPG154,EBC-17121,62.0,,0.0,,56.0,,112.0,,0.0,,5.0,,1.0,,9.0,,0.0,,183.0,,183.0,112.0,56.0,0.0,9.0,1.0,5.0,0.0,0.0
ref,OPG154,EBC-180260,91.0,,0.0,,11.0,,136.0,,0.0,,0.0,,0.0,,5.0,,0.0,,152.0,,152.0,136.0,11.0,0.0,5.0,0.0,0.0,0.0,0.0
ref,OPG154,EBC-189024,,91.0,,0.0,,0.0,,7.0,,0.0,,0.0,,0.0,,0.0,,0.0,,7.0,-7.0,-7.0,0.0,0.0,0.0,0.0,0.0,0.0,0.0
ref,OPG154,EBC-216028,49.0,,0.0,,19.0,,166.0,,0.0,,1.0,,0.0,,12.0,,0.0,,198.0,,198.0,166.0,19.0,0.0,12.0,0.0,1.0,0.0,0.0
ref,OPG154,EBC-217022,51.0,,8.0,,44.0,,103.0,,0.0,,3.0,,0.0,,16.0,,0.0,,174.0,,174.0,103.0,44.0,0.0,16.0,0.0,3.0,8.0,0.0
ref,OPG154,EBC-218037,36.0,,0.0,,32.0,,124.0,,0.0,,1.0,,5.0,,1.0,,0.0,,163.0,,163.0,124.0,32.0,0.0,1.0,5.0,1.0,0.0,0.0
ref,OPG154,EBC-218043,1.0,,0.0,,35.0,,143.0,,0.0,,3.0,,6.0,,14.0,,0.0,,201.0,,201.0,143.0,35.0,0.0,14.0,6.0,3.0,0.0,0.0
ref,OPG154,EBC-219094,,10.0,,0.0,,0.0,,3.0,,0.0,,0.0,,0.0,,0.0,,0.0,,3.0,-3.0,-3.0,0.0,0.0,0.0,0.0,0.0,0.0,0.0
ref,OPG154,EBC-221084,33.0,,0.0,,52.0,,111.0,,0.0,,3.0,,2.0,,10.0,,0.0,,178.0,,178.0,111.0,52.0,0.0,10.0,2.0,3.0,0.0,0.0
ref,OPG154,EBC-23629,10.0,,0.0,,16.0,,170.0,,0.0,,0.0,,1.0,,2.0,,0.0,,189.0,,189.0,170.0,16.0,0.0,2.0,1.0,0.0,0.0,0.0
ref,OPG154,EBC-24042,16.0,,0.0,,0.0,,272.0,,0.0,,0.0,,1.0,,0.0,,0.0,,273.0,,273.0,272.0,0.0,0.0,0.0,1.0,0.0,0.0,0.0
ref,OPG154,EBC-244029,41.0,,0.0,,35.0,,157.0,,0.0,,0.0,,1.0,,3.0,,0.0,,196.0,,196.0,157.0,35.0,0.0,3.0,1.0,0.0,0.0,0.0
ref,OPG154,EBC-249057,78.0,,0.0,,21.0,,161.0,,0.0,,1.0,,1.0,,5.0,,0.0,,189.0,,189.0,161.0,21.0,0.0,5.0,1.0,1.0,0.0,0.0
ref,OPG154,EBC-251173,22.0,,0.0,,51.0,,186.0,,0.0,,4.0,,2.0,,22.0,,0.0,,265.0,,265.0,186.0,51.0,0.0,22.0,2.0,4.0,0.0,0.0
ref,OPG154,EBC-252093,23.0,,0.0,,41.0,,115.0,,0.0,,1.0,,7.0,,16.0,,0.0,,180.0,,180.0,115.0,41.0,0.0,16.0,7.0,1.0,0.0,0.0
ref,OPG154,EBC-252122,85.0,,8.0,,42.0,,123.0,,0.0,,1.0,,1.0,,6.0,,0.0,,181.0,,181.0,123.0,42.0,0.0,6.0,1.0,1.0,8.0,0.0
ref,OPG154,EBC-253180,87.0,,4.0,,53.0,,131.0,,0.0,,0.0,,2.0,,11.0,,0.0,,201.0,,201.0,131.0,53.0,0.0,11.0,2.0,0.0,4.0,0.0
ref,OPG154,EBC-254046,,100.0,,0.0,,1.0,,0.0,,0.0,,0.0,,0.0,,0.0,,0.0,,1.0,-1.0,0.0,-1.0,0.0,0.0,0.0,0.0,0.0,0.0
ref,OPG154,EBC-255053,82.0,,0.0,,30.0,,159.0,,0.0,,2.0,,4.0,,6.0,,0.0,,201.0,,201.0,159.0,30.0,0.0,6.0,4.0,2.0,0.0,0.0
ref,OPG154,EBC-255056,73.0,,0.0,,21.0,,157.0,,0.0,,2.0,,4.0,,8.0,,0.0,,192.0,,192.0,157.0,21.0,0.0,8.0,4.0,2.0,0.0,0.0
ref,OPG154,EBC-26060,,63.0,,0.0,,2.0,,0.0,,0.0,,0.0,,0.0,,0.0,,0.0,,2.0,-2.0,0.0,-2.0,0.0,0.0,0.0,0.0,0.0,0.0
ref,OPG154,EBC-26080,,54.0,,0.0,,1.0,,3.0,,0.0,,0.0,,0.0,,0.0,,0.0,,4.0,-4.0,-3.0,-1.0,0.0,0.0,0.0,0.0,0.0,0.0
ref,OPG154,EBC-26103,,30.0,,0.0,,0.0,,3.0,,0.0,,0.0,,0.0,,0.0,,0.0,,3.0,-3.0,-3.0,0.0,0.0,0.0,0.0,0.0,0.0,0.0
ref,OPG154,EBC-26139,,14.0,,0.0,,1.0,,0.0,,0.0,,0.0,,0.0,,0.0,,0.0,,1.0,-1.0,0.0,-1.0,0.0,0.0,0.0,0.0,0.0,0.0
ref,OPG154,EBC-26152,,50.0,,0.0,,0.0,,0.0,,0.0,,0.0,,0.0,,1.0,,0.0,,1.0,-1.0,0.0,0.0,0.0,-1.0,0.0,0.0,0.0,0.0
ref,OPG154,EBC-26171,,16.0,,0.0,,0.0,,0.0,,0.0,,0.0,,0.0,,2.0,,0.0,,2.0,-2.0,0.0,0.0,0.0,-2.0,0.0,0.0,0.0,0.0
ref,OPG154,EBC-26180,,99.0,,0.0,,1.0,,0.0,,1.0,,0.0,,0.0,,0.0,,0.0,,2.0,-2.0,0.0,-1.0,0.0,0.0,0.0,0.0,0.0,-1.0
ref,OPG154,EBC-26290,,49.0,,0.0,,0.0,,3.0,,0.0,,0.0,,0.0,,0.0,,0.0,,3.0,-3.0,-3.0,0.0,0.0,0.0,0.0,0.0,0.0,0.0
ref,OPG154,EBC-265042,77.0,,0.0,,21.0,,162.0,,0.0,,2.0,,3.0,,3.0,,0.0,,191.0,,191.0,162.0,21.0,0.0,3.0,3.0,2.0,0.0,0.0
ref,OPG154,EBC-26656,,4.0,,0.0,,0.0,,0.0,,0.0,,0.0,,0.0,,0.0,,0.0,,0.0,0.0,0.0,0.0,0.0,0.0,0.0,0.0,0.0,0.0
ref,OPG154,EBC-26657,,72.0,,0.0,,0.0,,5.0,,0.0,,0.0,,0.0,,0.0,,0.0,,5.0,-5.0,-5.0,0.0,0.0,0.0,0.0,0.0,0.0,0.0
ref,OPG154,EBC-267064,,86.0,,0.0,,0.0,,3.0,,0.0,,0.0,,0.0,,3.0,,0.0,,6.0,-6.0,-3.0,0.0,0.0,-3.0,0.0,0.0,0.0,0.0
ref,OPG154,EBC-26770,35.0,,0.0,,14.0,,141.0,,0.0,,0.0,,0.0,,0.0,,0.0,,155.0,,155.0,141.0,14.0,0.0,0.0,0.0,0.0,0.0,0.0
ref,OPG154,EBC-27035,45.0,,0.0,,45.0,,162.0,,0.0,,0.0,,0.0,,3.0,,0.0,,210.0,,210.0,162.0,45.0,0.0,3.0,0.0,0.0,0.0,0.0
ref,OPG154,EBC-27125,,69.0,,0.0,,0.0,,4.0,,0.0,,0.0,,0.0,,0.0,,0.0,,4.0,-4.0,-4.0,0.0,0.0,0.0,0.0,0.0,0.0,0.0
ref,OPG154,EBC-27265,9.0,,0.0,,8.0,,145.0,,0.0,,0.0,,0.0,,0.0,,0.0,,153.0,,153.0,145.0,8.0,0.0,0.0,0.0,0.0,0.0,0.0
ref,OPG154,EBC-27345,6.0,,8.0,,16.0,,114.0,,0.0,,0.0,,3.0,,1.0,,0.0,,142.0,,142.0,114.0,16.0,0.0,1.0,3.0,0.0,8.0,0.0
ref,OPG154,EBC-27367,71.0,,22.0,,55.0,,102.0,,0.0,,0.0,,0.0,,14.0,,0.0,,193.0,,193.0,102.0,55.0,0.0,14.0,0.0,0.0,22.0,0.0
ref,OPG154,EBC-27428,26.0,,0.0,,52.0,,116.0,,0.0,,0.0,,0.0,,3.0,,0.0,,171.0,,171.0,116.0,52.0,0.0,3.0,0.0,0.0,0.0,0.0
ref,OPG154,EBC-28042,,25.0,,0.0,,0.0,,2.0,,0.0,,0.0,,0.0,,0.0,,0.0,,2.0,-2.0,-2.0,0.0,0.0,0.0,0.0,0.0,0.0,0.0
ref,OPG154,EBC-28050,,75.0,,0.0,,0.0,,1.0,,0.0,,0.0,,0.0,,1.0,,0.0,,2.0,-2.0,-1.0,0.0,0.0,-1.0,0.0,0.0,0.0,0.0
ref,OPG154,EBC-286055,46.0,,0.0,,49.0,,131.0,,0.0,,1.0,,3.0,,15.0,,0.0,,199.0,,199.0,131.0,49.0,0.0,15.0,3.0,1.0,0.0,0.0
ref,OPG154,EBC-287064,52.0,,0.0,,33.0,,158.0,,0.0,,2.0,,0.0,,12.0,,0.0,,205.0,,205.0,158.0,33.0,0.0,12.0,0.0,2.0,0.0,0.0
ref,OPG154,EBC-287070,54.0,,0.0,,44.0,,151.0,,0.0,,2.0,,2.0,,2.0,,0.0,,201.0,,201.0,151.0,44.0,0.0,2.0,2.0,2.0,0.0,0.0
ref,OPG154,EBC-287104,59.0,,0.0,,27.0,,154.0,,0.0,,0.0,,0.0,,8.0,,0.0,,189.0,,189.0,154.0,27.0,0.0,8.0,0.0,0.0,0.0,0.0
ref,OPG154,EBC-288044,48.0,,0.0,,27.0,,166.0,,0.0,,3.0,,4.0,,14.0,,0.0,,214.0,,214.0,166.0,27.0,0.0,14.0,4.0,3.0,0.0,0.0
ref,OPG154,EBC-289112,11.0,,0.0,,32.0,,162.0,,0.0,,5.0,,0.0,,7.0,,0.0,,206.0,,206.0,162.0,32.0,0.0,7.0,0.0,5.0,0.0,0.0
ref,OPG154,EBC-290041,15.0,,3.0,,89.0,,157.0,,0.0,,1.0,,1.0,,31.0,,0.0,,282.0,,282.0,157.0,89.0,0.0,31.0,1.0,1.0,3.0,0.0
ref,OPG154,EBC-290082,65.0,,0.0,,25.0,,132.0,,0.0,,1.0,,2.0,,5.0,,0.0,,165.0,,165.0,132.0,25.0,0.0,5.0,2.0,1.0,0.0,0.0
ref,OPG154,EBC-291106,83.0,,0.0,,30.0,,165.0,,0.0,,0.0,,3.0,,2.0,,0.0,,200.0,,200.0,165.0,30.0,0.0,2.0,3.0,0.0,0.0,0.0
ref,OPG154,EBC-291159,81.0,,0.0,,37.0,,183.0,,0.0,,1.0,,0.0,,8.0,,0.0,,229.0,,229.0,183.0,37.0,0.0,8.0,0.0,1.0,0.0,0.0
ref,OPG154,EBC-292061,,39.0,,0.0,,3.0,,2.0,,0.0,,0.0,,0.0,,0.0,,0.0,,5.0,-5.0,-2.0,-3.0,0.0,0.0,0.0,0.0,0.0,0.0
ref,OPG154,EBC-30021,,7.0,,0.0,,1.0,,1.0,,0.0,,0.0,,0.0,,2.0,,0.0,,4.0,-4.0,-1.0,-1.0,0.0,-2.0,0.0,0.0,0.0,0.0
ref,OPG154,EBC-303208,,9.0,,0.0,,0.0,,3.0,,0.0,,0.0,,0.0,,0.0,,0.0,,3.0,-3.0,-3.0,0.0,0.0,0.0,0.0,0.0,0.0,0.0
ref,OPG154,EBC-303277,,37.0,,0.0,,2.0,,1.0,,0.0,,0.0,,0.0,,1.0,,0.0,,4.0,-4.0,-1.0,-2.0,0.0,-1.0,0.0,0.0,0.0,0.0
ref,OPG154,EBC-303279,,38.0,,0.0,,2.0,,3.0,,0.0,,0.0,,0.0,,0.0,,0.0,,5.0,-5.0,-3.0,-2.0,0.0,0.0,0.0,0.0,0.0,0.0
ref,OPG154,EBC-303322,,22.0,,0.0,,1.0,,0.0,,0.0,,0.0,,0.0,,0.0,,0.0,,1.0,-1.0,0.0,-1.0,0.0,0.0,0.0,0.0,0.0,0.0
ref,OPG154,EBC-306048,63.0,,11.0,,46.0,,77.0,,0.0,,2.0,,3.0,,9.0,,0.0,,148.0,,148.0,77.0,46.0,0.0,9.0,3.0,2.0,11.0,0.0
ref,OPG154,EBC-309072,31.0,,1.0,,55.0,,117.0,,0.0,,2.0,,5.0,,15.0,,0.0,,195.0,,195.0,117.0,55.0,0.0,15.0,5.0,2.0,1.0,0.0
ref,OPG154,EBC-312060,,41.0,,0.0,,0.0,,7.0,,0.0,,0.0,,0.0,,0.0,,0.0,,7.0,-7.0,-7.0,0.0,0.0,0.0,0.0,0.0,0.0,0.0
ref,OPG154,EBC-352059,,23.0,,0.0,,0.0,,3.0,,0.0,,0.0,,0.0,,0.0,,0.0,,3.0,-3.0,-3.0,0.0,0.0,0.0,0.0,0.0,0.0,0.0
ref,OPG154,EBC-361045,,55.0,,0.0,,1.0,,0.0,,0.0,,0.0,,0.0,,0.0,,0.0,,1.0,-1.0,0.0,-1.0,0.0,0.0,0.0,0.0,0.0,0.0
ref,OPG154,EBC-372050,,31.0,,0.0,,0.0,,3.0,,0.0,,0.0,,0.0,,0.0,,0.0,,3.0,-3.0,-3.0,0.0,0.0,0.0,0.0,0.0,0.0,0.0
ref,OPG154,EBC-381048,,29.0,,0.0,,1.0,,1.0,,0.0,,0.0,,0.0,,0.0,,0.0,,2.0,-2.0,-1.0,-1.0,0.0,0.0,0.0,0.0,0.0,0.0
ref,OPG154,EBC-46057,13.0,,0.0,,48.0,,195.0,,0.0,,1.0,,0.0,,5.0,,0.0,,249.0,,249.0,195.0,48.0,0.0,5.0,0.0,1.0,0.0,0.0
ref,OPG154,EBC-46203,,53.0,,0.0,,1.0,,3.0,,0.0,,0.0,,0.0,,0.0,,0.0,,4.0,-4.0,-3.0,-1.0,0.0,0.0,0.0,0.0,0.0,0.0
ref,OPG154,EBC-46294,76.0,,1.0,,89.0,,128.0,,0.0,,5.0,,2.0,,25.0,,0.0,,250.0,,250.0,128.0,89.0,0.0,25.0,2.0,5.0,1.0,0.0
ref,OPG154,EBC-47334,,11.0,,0.0,,0.0,,3.0,,0.0,,0.0,,0.0,,0.0,,0.0,,3.0,-3.0,-3.0,0.0,0.0,0.0,0.0,0.0,0.0,0.0
ref,OPG154,EBC-47426,,28.0,,0.0,,3.0,,0.0,,0.0,,0.0,,0.0,,0.0,,0.0,,3.0,-3.0,0.0,-3.0,0.0,0.0,0.0,0.0,0.0,0.0
ref,OPG154,EBC-47583,,60.0,,0.0,,0.0,,1.0,,0.0,,0.0,,0.0,,2.0,,0.0,,3.0,-3.0,-1.0,0.0,0.0,-2.0,0.0,0.0,0.0,0.0
ref,OPG154,EBC-48064,,8.0,,0.0,,0.0,,0.0,,0.0,,0.0,,0.0,,2.0,,0.0,,2.0,-2.0,0.0,0.0,0.0,-2.0,0.0,0.0,0.0,0.0
ref,OPG154,EBC-48186,8.0,,11.0,,23.0,,135.0,,0.0,,2.0,,0.0,,7.0,,0.0,,178.0,,178.0,135.0,23.0,0.0,7.0,0.0,2.0,11.0,0.0
ref,OPG154,EBC-48188,66.0,,0.0,,39.0,,133.0,,0.0,,0.0,,2.0,,10.0,,0.0,,184.0,,184.0,133.0,39.0,0.0,10.0,2.0,0.0,0.0,0.0
ref,OPG154,EBC-63089,40.0,,1.0,,84.0,,130.0,,0.0,,4.0,,3.0,,27.0,,0.0,,249.0,,249.0,130.0,84.0,0.0,27.0,3.0,4.0,1.0,0.0
ref,OPG154,EBC-65177,,80.0,,0.0,,1.0,,4.0,,0.0,,0.0,,0.0,,0.0,,0.0,,5.0,-5.0,-4.0,-1.0,0.0,0.0,0.0,0.0,0.0,0.0
ref,OPG154,EBC-73021,92.0,,2.0,,19.0,,133.0,,0.0,,0.0,,3.0,,7.0,,0.0,,164.0,,164.0,133.0,19.0,0.0,7.0,3.0,0.0,2.0,0.0
ref,OPG154,EBC-84050,28.0,,3.0,,59.0,,115.0,,0.0,,6.0,,0.0,,28.0,,0.0,,211.0,,211.0,115.0,59.0,0.0,28.0,0.0,6.0,3.0,0.0
ref,OPG174,EBC-00570,,68.0,,0.0,,1.0,,0.0,,0.0,,0.0,,1.0,,0.0,,0.0,,2.0,-2.0,0.0,-1.0,0.0,0.0,-1.0,0.0,0.0,0.0
ref,OPG174,EBC-00571,,82.0,,0.0,,1.0,,6.0,,0.0,,0.0,,1.0,,0.0,,0.0,,8.0,-8.0,-6.0,-1.0,0.0,0.0,-1.0,0.0,0.0,0.0
ref,OPG174,EBC-00633,,28.0,,0.0,,5.0,,0.0,,0.0,,0.0,,0.0,,0.0,,0.0,,5.0,-5.0,0.0,-5.0,0.0,0.0,0.0,0.0,0.0,0.0
ref,OPG174,EBC-00646,,77.0,,0.0,,3.0,,11.0,,0.0,,0.0,,2.0,,0.0,,0.0,,16.0,-16.0,-11.0,-3.0,0.0,0.0,-2.0,0.0,0.0,0.0
ref,OPG174,EBC-00663,,17.0,,0.0,,1.0,,9.0,,0.0,,0.0,,0.0,,1.0,,0.0,,11.0,-11.0,-9.0,-1.0,0.0,-1.0,0.0,0.0,0.0,0.0
ref,OPG174,EBC-00694,95.0,,9.0,,77.0,,142.0,,0.0,,1.0,,0.0,,10.0,,0.0,,239.0,,239.0,142.0,77.0,0.0,10.0,0.0,1.0,9.0,0.0
ref,OPG174,EBC-00704,,57.0,,0.0,,3.0,,5.0,,0.0,,0.0,,1.0,,1.0,,0.0,,10.0,-10.0,-5.0,-3.0,0.0,-1.0,-1.0,0.0,0.0,0.0
ref,OPG174,EBC-00711,70.0,,0.0,,27.0,,145.0,,0.0,,0.0,,1.0,,5.0,,0.0,,178.0,,178.0,145.0,27.0,0.0,5.0,1.0,0.0,0.0,0.0
ref,OPG174,EBC-02039,,69.0,,0.0,,1.0,,6.0,,0.0,,0.0,,2.0,,0.0,,0.0,,9.0,-9.0,-6.0,-1.0,0.0,0.0,-2.0,0.0,0.0,0.0
ref,OPG174,EBC-02079,15.0,,0.0,,18.0,,54.0,,0.0,,0.0,,0.0,,8.0,,0.0,,80.0,,80.0,54.0,18.0,0.0,8.0,0.0,0.0,0.0,0.0
ref,OPG174,EBC-02080,37.0,,0.0,,25.0,,65.0,,0.0,,0.0,,0.0,,0.0,,0.0,,90.0,,90.0,65.0,25.0,0.0,0.0,0.0,0.0,0.0,0.0
ref,OPG174,EBC-03170,,55.0,,0.0,,3.0,,0.0,,0.0,,0.0,,0.0,,0.0,,0.0,,3.0,-3.0,0.0,-3.0,0.0,0.0,0.0,0.0,0.0,0.0
ref,OPG174,EBC-03307,,71.0,,0.0,,2.0,,0.0,,0.0,,0.0,,2.0,,0.0,,0.0,,4.0,-4.0,0.0,-2.0,0.0,0.0,-2.0,0.0,0.0,0.0
ref,OPG174,EBC-03462,,53.0,,0.0,,3.0,,3.0,,0.0,,0.0,,0.0,,0.0,,0.0,,6.0,-6.0,-3.0,-3.0,0.0,0.0,0.0,0.0,0.0,0.0
ref,OPG174,EBC-03625,,45.0,,0.0,,1.0,,6.0,,0.0,,0.0,,0.0,,0.0,,0.0,,7.0,-7.0,-6.0,-1.0,0.0,0.0,0.0,0.0,0.0,0.0
ref,OPG174,EBC-03826,,42.0,,0.0,,2.0,,4.0,,0.0,,0.0,,1.0,,0.0,,0.0,,7.0,-7.0,-4.0,-2.0,0.0,0.0,-1.0,0.0,0.0,0.0
ref,OPG174,EBC-03893,,60.0,,0.0,,1.0,,6.0,,0.0,,0.0,,0.0,,1.0,,0.0,,8.0,-8.0,-6.0,-1.0,0.0,-1.0,0.0,0.0,0.0,0.0
ref,OPG174,EBC-03910,,26.0,,0.0,,4.0,,0.0,,0.0,,0.0,,0.0,,0.0,,0.0,,4.0,-4.0,0.0,-4.0,0.0,0.0,0.0,0.0,0.0,0.0
ref,OPG174,EBC-03919,,15.0,,0.0,,4.0,,8.0,,0.0,,0.0,,0.0,,0.0,,0.0,,12.0,-12.0,-8.0,-4.0,0.0,0.0,0.0,0.0,0.0,0.0
ref,OPG174,EBC-04247,,34.0,,0.0,,1.0,,6.0,,0.0,,0.0,,0.0,,1.0,,0.0,,8.0,-8.0,-6.0,-1.0,0.0,-1.0,0.0,0.0,0.0,0.0
ref,OPG174,EBC-06061,17.0,,0.0,,42.0,,105.0,,0.0,,1.0,,1.0,,6.0,,0.0,,155.0,,155.0,105.0,42.0,0.0,6.0,1.0,1.0,0.0,0.0
ref,OPG174,EBC-06062,27.0,,0.0,,51.0,,165.0,,0.0,,1.0,,0.0,,6.0,,0.0,,223.0,,223.0,165.0,51.0,0.0,6.0,0.0,1.0,0.0,0.0
ref,OPG174,EBC-06092,42.0,,0.0,,58.0,,79.0,,0.0,,2.0,,1.0,,2.0,,0.0,,142.0,,142.0,79.0,58.0,0.0,2.0,1.0,2.0,0.0,0.0
ref,OPG174,EBC-06116,,46.0,,0.0,,3.0,,7.0,,0.0,,0.0,,0.0,,0.0,,0.0,,10.0,-10.0,-7.0,-3.0,0.0,0.0,0.0,0.0,0.0,0.0
ref,OPG174,EBC-06369,,65.0,,0.0,,0.0,,6.0,,0.0,,0.0,,0.0,,1.0,,0.0,,7.0,-7.0,-6.0,0.0,0.0,-1.0,0.0,0.0,0.0,0.0
ref,OPG174,EBC-06764,,37.0,,2.0,,2.0,,4.0,,0.0,,0.0,,1.0,,0.0,,0.0,,9.0,-9.0,-4.0,-2.0,0.0,0.0,-1.0,0.0,-2.0,0.0
ref,OPG174,EBC-06844,,73.0,,0.0,,3.0,,4.0,,0.0,,0.0,,1.0,,0.0,,0.0,,8.0,-8.0,-4.0,-3.0,0.0,0.0,-1.0,0.0,0.0,0.0
ref,OPG174,EBC-07024,,39.0,,0.0,,1.0,,6.0,,0.0,,0.0,,0.0,,0.0,,0.0,,7.0,-7.0,-6.0,-1.0,0.0,0.0,0.0,0.0,0.0,0.0
ref,OPG174,EBC-07127,,83.0,,0.0,,1.0,,1.0,,0.0,,0.0,,2.0,,1.0,,0.0,,5.0,-5.0,-1.0,-1.0,0.0,-1.0,-2.0,0.0,0.0,0.0
ref,OPG174,EBC-07157,20.0,,0.0,,27.0,,30.0,,0.0,,0.0,,0.0,,5.0,,0.0,,62.0,,62.0,30.0,27.0,0.0,5.0,0.0,0.0,0.0,0.0
ref,OPG174,EBC-07221,,94.0,,0.0,,1.0,,6.0,,0.0,,0.0,,1.0,,0.0,,0.0,,8.0,-8.0,-6.0,-1.0,0.0,0.0,-1.0,0.0,0.0,0.0
ref,OPG174,EBC-07249,87.0,,0.0,,42.0,,135.0,,0.0,,0.0,,3.0,,2.0,,0.0,,182.0,,182.0,135.0,42.0,0.0,2.0,3.0,0.0,0.0,0.0
ref,OPG174,EBC-07275,,78.0,,0.0,,1.0,,6.0,,0.0,,0.0,,3.0,,0.0,,0.0,,10.0,-10.0,-6.0,-1.0,0.0,0.0,-3.0,0.0,0.0,0.0
ref,OPG174,EBC-07353,,38.0,,0.0,,0.0,,7.0,,0.0,,0.0,,0.0,,0.0,,0.0,,7.0,-7.0,-7.0,0.0,0.0,0.0,0.0,0.0,0.0,0.0
ref,OPG174,EBC-07355,,99.0,,0.0,,2.0,,5.0,,0.0,,0.0,,1.0,,0.0,,0.0,,8.0,-8.0,-5.0,-2.0,0.0,0.0,-1.0,0.0,0.0,0.0
ref,OPG174,EBC-07400,,70.0,,0.0,,1.0,,4.0,,0.0,,0.0,,0.0,,1.0,,0.0,,6.0,-6.0,-4.0,-1.0,0.0,-1.0,0.0,0.0,0.0,0.0
ref,OPG174,EBC-07480,,59.0,,0.0,,1.0,,11.0,,0.0,,0.0,,0.0,,1.0,,0.0,,13.0,-13.0,-11.0,-1.0,0.0,-1.0,0.0,0.0,0.0,0.0
ref,OPG174,EBC-07491,,54.0,,0.0,,1.0,,9.0,,0.0,,0.0,,0.0,,1.0,,0.0,,11.0,-11.0,-9.0,-1.0,0.0,-1.0,0.0,0.0,0.0,0.0
ref,OPG174,EBC-07543,,14.0,,0.0,,2.0,,6.0,,0.0,,0.0,,2.0,,1.0,,0.0,,11.0,-11.0,-6.0,-2.0,0.0,-1.0,-2.0,0.0,0.0,0.0
ref,OPG174,EBC-07573,,66.0,,0.0,,2.0,,8.0,,0.0,,0.0,,0.0,,0.0,,0.0,,10.0,-10.0,-8.0,-2.0,0.0,0.0,0.0,0.0,0.0,0.0
ref,OPG174,EBC-07683,86.0,,0.0,,51.0,,188.0,,0.0,,1.0,,2.0,,13.0,,0.0,,255.0,,255.0,188.0,51.0,0.0,13.0,2.0,1.0,0.0,0.0
ref,OPG174,EBC-07787,,79.0,,0.0,,0.0,,9.0,,0.0,,0.0,,0.0,,1.0,,0.0,,10.0,-10.0,-9.0,0.0,0.0,-1.0,0.0,0.0,0.0,0.0
ref,OPG174,EBC-07826,,75.0,,1.0,,1.0,,2.0,,0.0,,0.0,,2.0,,1.0,,0.0,,7.0,-7.0,-2.0,-1.0,0.0,-1.0,-2.0,0.0,-1.0,0.0
ref,OPG174,EBC-07862,,13.0,,0.0,,7.0,,0.0,,0.0,,0.0,,0.0,,0.0,,0.0,,7.0,-7.0,0.0,-7.0,0.0,0.0,0.0,0.0,0.0,0.0
ref,OPG174,EBC-07893,,41.0,,0.0,,1.0,,6.0,,0.0,,0.0,,2.0,,0.0,,0.0,,9.0,-9.0,-6.0,-1.0,0.0,0.0,-2.0,0.0,0.0,0.0
ref,OPG174,EBC-07940,84.0,,12.0,,86.0,,102.0,,0.0,,0.0,,0.0,,5.0,,0.0,,205.0,,205.0,102.0,86.0,0.0,5.0,0.0,0.0,12.0,0.0
ref,OPG174,EBC-07988,28.0,43.0,3.0,0.0,88.0,4.0,155.0,9.0,0.0,0.0,1.0,1.0,1.0,2.0,26.0,0.0,0.0,0.0,274.0,16.0,258.0,146.0,84.0,0.0,26.0,-1.0,0.0,3.0,0.0
ref,OPG174,EBC-08023,,29.0,,0.0,,4.0,,0.0,,0.0,,0.0,,0.0,,0.0,,0.0,,4.0,-4.0,0.0,-4.0,0.0,0.0,0.0,0.0,0.0,0.0
ref,OPG174,EBC-08344,,47.0,,0.0,,1.0,,5.0,,0.0,,0.0,,0.0,,1.0,,0.0,,7.0,-7.0,-5.0,-1.0,0.0,-1.0,0.0,0.0,0.0,0.0
ref,OPG174,EBC-08358,,74.0,,0.0,,3.0,,4.0,,0.0,,0.0,,1.0,,1.0,,0.0,,9.0,-9.0,-4.0,-3.0,0.0,-1.0,-1.0,0.0,0.0,0.0
ref,OPG174,EBC-08536,90.0,,0.0,,75.0,,144.0,,0.0,,0.0,,0.0,,9.0,,0.0,,228.0,,228.0,144.0,75.0,0.0,9.0,0.0,0.0,0.0,0.0
ref,OPG174,EBC-08537,,51.0,,0.0,,2.0,,5.0,,0.0,,1.0,,3.0,,0.0,,0.0,,11.0,-11.0,-5.0,-2.0,0.0,0.0,-3.0,-1.0,0.0,0.0
ref,OPG174,EBC-08557,,88.0,,0.0,,2.0,,5.0,,0.0,,0.0,,2.0,,1.0,,0.0,,10.0,-10.0,-5.0,-2.0,0.0,-1.0,-2.0,0.0,0.0,0.0
ref,OPG174,EBC-08587,97.0,,0.0,,11.0,,110.0,,0.0,,0.0,,0.0,,1.0,,0.0,,122.0,,122.0,110.0,11.0,0.0,1.0,0.0,0.0,0.0,0.0
ref,OPG174,EBC-08615,47.0,,0.0,,106.0,,171.0,,0.0,,0.0,,0.0,,6.0,,0.0,,283.0,,283.0,171.0,106.0,0.0,6.0,0.0,0.0,0.0,0.0
ref,OPG174,EBC-08636,,76.0,,0.0,,2.0,,9.0,,0.0,,0.0,,1.0,,1.0,,0.0,,13.0,-13.0,-9.0,-2.0,0.0,-1.0,-1.0,0.0,0.0,0.0
ref,OPG174,EBC-08737,,48.0,,0.0,,2.0,,6.0,,0.0,,0.0,,0.0,,0.0,,0.0,,8.0,-8.0,-6.0,-2.0,0.0,0.0,0.0,0.0,0.0,0.0
ref,OPG174,EBC-08788,88.0,,0.0,,51.0,,146.0,,0.0,,1.0,,0.0,,12.0,,0.0,,210.0,,210.0,146.0,51.0,0.0,12.0,0.0,1.0,0.0,0.0
ref,OPG174,EBC-08908,29.0,,0.0,,92.0,,140.0,,0.0,,0.0,,0.0,,2.0,,0.0,,234.0,,234.0,140.0,92.0,0.0,2.0,0.0,0.0,0.0,0.0
ref,OPG174,EBC-08915,22.0,,0.0,,44.0,,159.0,,0.0,,0.0,,0.0,,5.0,,0.0,,208.0,,208.0,159.0,44.0,0.0,5.0,0.0,0.0,0.0,0.0
ref,OPG174,EBC-09085,100.0,,0.0,,58.0,,120.0,,0.0,,0.0,,2.0,,3.0,,0.0,,183.0,,183.0,120.0,58.0,0.0,3.0,2.0,0.0,0.0,0.0
ref,OPG174,EBC-09090,,44.0,,0.0,,2.0,,7.0,,0.0,,1.0,,0.0,,0.0,,0.0,,10.0,-10.0,-7.0,-2.0,0.0,0.0,0.0,-1.0,0.0,0.0
ref,OPG174,EBC-09098,,27.0,,0.0,,3.0,,8.0,,0.0,,0.0,,0.0,,0.0,,0.0,,11.0,-11.0,-8.0,-3.0,0.0,0.0,0.0,0.0,0.0,0.0
ref,OPG174,EBC-09132,54.0,,5.0,,61.0,,120.0,,0.0,,0.0,,1.0,,7.0,,0.0,,194.0,,194.0,120.0,61.0,0.0,7.0,1.0,0.0,5.0,0.0
ref,OPG174,EBC-09186,,93.0,,0.0,,2.0,,11.0,,0.0,,0.0,,0.0,,1.0,,0.0,,14.0,-14.0,-11.0,-2.0,0.0,-1.0,0.0,0.0,0.0,0.0
ref,OPG174,EBC-09202,31.0,,6.0,,59.0,,133.0,,0.0,,1.0,,0.0,,12.0,,0.0,,211.0,,211.0,133.0,59.0,0.0,12.0,0.0,1.0,6.0,0.0
ref,OPG174,EBC-102119,67.0,,0.0,,140.0,,99.0,,0.0,,0.0,,0.0,,5.0,,0.0,,244.0,,244.0,99.0,140.0,0.0,5.0,0.0,0.0,0.0,0.0
ref,OPG174,EBC-11026,,24.0,,0.0,,5.0,,0.0,,0.0,,0.0,,0.0,,0.0,,0.0,,5.0,-5.0,0.0,-5.0,0.0,0.0,0.0,0.0,0.0,0.0
ref,OPG174,EBC-11027,,1.0,,0.0,,5.0,,0.0,,0.0,,0.0,,0.0,,0.0,,0.0,,5.0,-5.0,0.0,-5.0,0.0,0.0,0.0,0.0,0.0,0.0
ref,OPG174,EBC-11029,46.0,,0.0,,76.0,,122.0,,0.0,,3.0,,0.0,,10.0,,0.0,,211.0,,211.0,122.0,76.0,0.0,10.0,0.0,3.0,0.0,0.0
ref,OPG174,EBC-11050,,4.0,,0.0,,5.0,,0.0,,0.0,,0.0,,0.0,,0.0,,0.0,,5.0,-5.0,0.0,-5.0,0.0,0.0,0.0,0.0,0.0,0.0
ref,OPG174,EBC-11061,,50.0,,0.0,,6.0,,7.0,,0.0,,0.0,,0.0,,1.0,,0.0,,14.0,-14.0,-7.0,-6.0,0.0,-1.0,0.0,0.0,0.0,0.0
ref,OPG174,EBC-11111,,97.0,,0.0,,5.0,,3.0,,0.0,,0.0,,2.0,,0.0,,0.0,,10.0,-10.0,-3.0,-5.0,0.0,0.0,-2.0,0.0,0.0,0.0
ref,OPG174,EBC-11226,,92.0,,0.0,,2.0,,5.0,,0.0,,0.0,,2.0,,1.0,,0.0,,10.0,-10.0,-5.0,-2.0,0.0,-1.0,-2.0,0.0,0.0,0.0
ref,OPG174,EBC-11230,56.0,,0.0,,88.0,,174.0,,0.0,,0.0,,0.0,,7.0,,0.0,,269.0,,269.0,174.0,88.0,0.0,7.0,0.0,0.0,0.0,0.0
ref,OPG174,EBC-11275,,35.0,,0.0,,2.0,,9.0,,0.0,,0.0,,1.0,,0.0,,0.0,,12.0,-12.0,-9.0,-2.0,0.0,0.0,-1.0,0.0,0.0,0.0
ref,OPG174,EBC-11281,10.0,,25.0,,48.0,,127.0,,0.0,,0.0,,0.0,,7.0,,0.0,,207.0,,207.0,127.0,48.0,0.0,7.0,0.0,0.0,25.0,0.0
ref,OPG174,EBC-11320,,22.0,,2.0,,2.0,,2.0,,0.0,,0.0,,1.0,,0.0,,0.0,,7.0,-7.0,-2.0,-2.0,0.0,0.0,-1.0,0.0,-2.0,0.0
ref,OPG174,EBC-11364,9.0,,4.0,,25.0,,52.0,,0.0,,1.0,,0.0,,7.0,,0.0,,89.0,,89.0,52.0,25.0,0.0,7.0,0.0,1.0,4.0,0.0
ref,OPG174,EBC-11367,58.0,,0.0,,102.0,,127.0,,0.0,,2.0,,2.0,,14.0,,0.0,,247.0,,247.0,127.0,102.0,0.0,14.0,2.0,2.0,0.0,0.0
ref,OPG174,EBC-11384,72.0,,5.0,,88.0,,112.0,,0.0,,1.0,,0.0,,13.0,,0.0,,219.0,,219.0,112.0,88.0,0.0,13.0,0.0,1.0,5.0,0.0
ref,OPG174,EBC-11433,85.0,,11.0,,61.0,,107.0,,0.0,,0.0,,0.0,,10.0,,0.0,,189.0,,189.0,107.0,61.0,0.0,10.0,0.0,0.0,11.0,0.0
ref,OPG174,EBC-11442,49.0,,0.0,,17.0,,34.0,,0.0,,0.0,,0.0,,4.0,,0.0,,55.0,,55.0,34.0,17.0,0.0,4.0,0.0,0.0,0.0,0.0
ref,OPG174,EBC-118033,66.0,,1.0,,50.0,,83.0,,0.0,,0.0,,0.0,,7.0,,0.0,,141.0,,141.0,83.0,50.0,0.0,7.0,0.0,0.0,1.0,0.0
ref,OPG174,EBC-12065,,18.0,,0.0,,1.0,,5.0,,0.0,,0.0,,1.0,,1.0,,0.0,,8.0,-8.0,-5.0,-1.0,0.0,-1.0,-1.0,0.0,0.0,0.0
ref,OPG174,EBC-12163,,11.0,,0.0,,5.0,,0.0,,0.0,,0.0,,0.0,,0.0,,0.0,,5.0,-5.0,0.0,-5.0,0.0,0.0,0.0,0.0,0.0,0.0
ref,OPG174,EBC-12288,,56.0,,0.0,,1.0,,5.0,,0.0,,0.0,,1.0,,0.0,,0.0,,7.0,-7.0,-5.0,-1.0,0.0,0.0,-1.0,0.0,0.0,0.0
ref,OPG174,EBC-12394,,31.0,,0.0,,3.0,,4.0,,0.0,,0.0,,2.0,,1.0,,0.0,,10.0,-10.0,-4.0,-3.0,0.0,-1.0,-2.0,0.0,0.0,0.0
ref,OPG174,EBC-12821,32.0,,0.0,,94.0,,70.0,,0.0,,1.0,,1.0,,13.0,,0.0,,179.0,,179.0,70.0,94.0,0.0,13.0,1.0,1.0,0.0,0.0
ref,OPG174,EBC-12825,68.0,,3.0,,39.0,,135.0,,0.0,,1.0,,2.0,,3.0,,0.0,,183.0,,183.0,135.0,39.0,0.0,3.0,2.0,1.0,3.0,0.0
ref,OPG174,EBC-12827,,95.0,,0.0,,6.0,,7.0,,0.0,,0.0,,1.0,,1.0,,0.0,,15.0,-15.0,-7.0,-6.0,0.0,-1.0,-1.0,0.0,0.0,0.0
ref,OPG174,EBC-13002,24.0,,13.0,,69.0,,112.0,,0.0,,3.0,,0.0,,19.0,,0.0,,216.0,,216.0,112.0,69.0,0.0,19.0,0.0,3.0,13.0,0.0
ref,OPG174,EBC-131022,98.0,,5.0,,67.0,,125.0,,0.0,,1.0,,0.0,,11.0,,0.0,,209.0,,209.0,125.0,67.0,0.0,11.0,0.0,1.0,5.0,0.0
ref,OPG174,EBC-13120,75.0,,0.0,,75.0,,140.0,,0.0,,1.0,,1.0,,18.0,,0.0,,235.0,,235.0,140.0,75.0,0.0,18.0,1.0,1.0,0.0,0.0
ref,OPG174,EBC-13129,91.0,,5.0,,60.0,,95.0,,0.0,,0.0,,2.0,,5.0,,0.0,,167.0,,167.0,95.0,60.0,0.0,5.0,2.0,0.0,5.0,0.0
ref,OPG174,EBC-13184,36.0,,7.0,,71.0,,119.0,,0.0,,1.0,,0.0,,12.0,,0.0,,210.0,,210.0,119.0,71.0,0.0,12.0,0.0,1.0,7.0,0.0
ref,OPG174,EBC-13190,61.0,,0.0,,34.0,,63.0,,0.0,,1.0,,0.0,,7.0,,0.0,,105.0,,105.0,63.0,34.0,0.0,7.0,0.0,1.0,0.0,0.0
ref,OPG174,EBC-13192,96.0,,4.0,,67.0,,103.0,,0.0,,1.0,,2.0,,5.0,,0.0,,182.0,,182.0,103.0,67.0,0.0,5.0,2.0,1.0,4.0,0.0
ref,OPG174,EBC-13250,44.0,,13.0,,46.0,,120.0,,0.0,,2.0,,0.0,,4.0,,0.0,,185.0,,185.0,120.0,46.0,0.0,4.0,0.0,2.0,13.0,0.0
ref,OPG174,EBC-13376,,10.0,,0.0,,4.0,,0.0,,0.0,,0.0,,0.0,,0.0,,0.0,,4.0,-4.0,0.0,-4.0,0.0,0.0,0.0,0.0,0.0,0.0
ref,OPG174,EBC-13579,8.0,,0.0,,98.0,,95.0,,0.0,,0.0,,0.0,,6.0,,0.0,,199.0,,199.0,95.0,98.0,0.0,6.0,0.0,0.0,0.0,0.0
ref,OPG174,EBC-13607,11.0,,0.0,,74.0,,160.0,,0.0,,0.0,,1.0,,10.0,,0.0,,245.0,,245.0,160.0,74.0,0.0,10.0,1.0,0.0,0.0,0.0
ref,OPG174,EBC-13769,,89.0,,0.0,,3.0,,11.0,,0.0,,0.0,,1.0,,0.0,,0.0,,15.0,-15.0,-11.0,-3.0,0.0,0.0,-1.0,0.0,0.0,0.0
ref,OPG174,EBC-13852,,9.0,,1.0,,4.0,,0.0,,0.0,,0.0,,0.0,,0.0,,0.0,,5.0,-5.0,0.0,-4.0,0.0,0.0,0.0,0.0,-1.0,0.0
ref,OPG174,EBC-14147,57.0,,1.0,,34.0,,40.0,,0.0,,0.0,,1.0,,6.0,,0.0,,82.0,,82.0,40.0,34.0,0.0,6.0,1.0,0.0,1.0,0.0
ref,OPG174,EBC-14214,77.0,,4.0,,41.0,,182.0,,0.0,,0.0,,0.0,,9.0,,0.0,,236.0,,236.0,182.0,41.0,0.0,9.0,0.0,0.0,4.0,0.0
ref,OPG174,EBC-145068,,23.0,,0.0,,5.0,,2.0,,0.0,,0.0,,0.0,,0.0,,0.0,,7.0,-7.0,-2.0,-5.0,0.0,0.0,0.0,0.0,0.0,0.0
ref,OPG174,EBC-145173,,67.0,,0.0,,0.0,,2.0,,0.0,,0.0,,0.0,,1.0,,0.0,,3.0,-3.0,-2.0,0.0,0.0,-1.0,0.0,0.0,0.0,0.0
ref,OPG174,EBC-145226,16.0,,0.0,,68.0,,139.0,,0.0,,0.0,,0.0,,8.0,,0.0,,215.0,,215.0,139.0,68.0,0.0,8.0,0.0,0.0,0.0,0.0
ref,OPG174,EBC-148031,25.0,,0.0,,88.0,,224.0,,0.0,,1.0,,0.0,,11.0,,0.0,,324.0,,324.0,224.0,88.0,0.0,11.0,0.0,1.0,0.0,0.0
ref,OPG174,EBC-149090,,81.0,,0.0,,3.0,,1.0,,0.0,,0.0,,1.0,,0.0,,0.0,,5.0,-5.0,-1.0,-3.0,0.0,0.0,-1.0,0.0,0.0,0.0
ref,OPG174,EBC-149094,14.0,,0.0,,28.0,,113.0,,0.0,,0.0,,0.0,,4.0,,0.0,,145.0,,145.0,113.0,28.0,0.0,4.0,0.0,0.0,0.0,0.0
ref,OPG174,EBC-149105,,90.0,,0.0,,3.0,,3.0,,0.0,,0.0,,2.0,,0.0,,0.0,,8.0,-8.0,-3.0,-3.0,0.0,0.0,-2.0,0.0,0.0,0.0
ref,OPG174,EBC-150066,40.0,,0.0,,75.0,,170.0,,0.0,,0.0,,0.0,,1.0,,0.0,,246.0,,246.0,170.0,75.0,0.0,1.0,0.0,0.0,0.0,0.0
ref,OPG174,EBC-152142,,7.0,,0.0,,4.0,,0.0,,0.0,,0.0,,0.0,,0.0,,0.0,,4.0,-4.0,0.0,-4.0,0.0,0.0,0.0,0.0,0.0,0.0
ref,OPG174,EBC-157073,26.0,,0.0,,26.0,,198.0,,0.0,,1.0,,1.0,,5.0,,0.0,,231.0,,231.0,198.0,26.0,0.0,5.0,1.0,1.0,0.0,0.0
ref,OPG174,EBC-157111,92.0,,4.0,,68.0,,118.0,,0.0,,1.0,,0.0,,15.0,,0.0,,206.0,,206.0,118.0,68.0,0.0,15.0,0.0,1.0,4.0,0.0
ref,OPG174,EBC-157199,,62.0,,0.0,,2.0,,5.0,,0.0,,0.0,,2.0,,1.0,,0.0,,10.0,-10.0,-5.0,-2.0,0.0,-1.0,-2.0,0.0,0.0,0.0
ref,OPG174,EBC-157208,,19.0,,0.0,,1.0,,7.0,,0.0,,0.0,,1.0,,0.0,,0.0,,9.0,-9.0,-7.0,-1.0,0.0,0.0,-1.0,0.0,0.0,0.0
ref,OPG174,EBC-157213,60.0,,13.0,,83.0,,110.0,,0.0,,1.0,,0.0,,15.0,,0.0,,222.0,,222.0,110.0,83.0,0.0,15.0,0.0,1.0,13.0,0.0
ref,OPG174,EBC-157219,62.0,,18.0,,59.0,,87.0,,0.0,,0.0,,1.0,,16.0,,0.0,,181.0,,181.0,87.0,59.0,0.0,16.0,1.0,0.0,18.0,0.0
ref,OPG174,EBC-157222,30.0,,0.0,,7.0,,38.0,,0.0,,0.0,,0.0,,0.0,,0.0,,45.0,,45.0,38.0,7.0,0.0,0.0,0.0,0.0,0.0,0.0
ref,OPG174,EBC-157243,,96.0,,0.0,,5.0,,5.0,,0.0,,0.0,,2.0,,0.0,,0.0,,12.0,-12.0,-5.0,-5.0,0.0,0.0,-2.0,0.0,0.0,0.0
ref,OPG174,EBC-157249,,21.0,,0.0,,1.0,,3.0,,0.0,,2.0,,0.0,,0.0,,0.0,,6.0,-6.0,-3.0,-1.0,0.0,0.0,0.0,-2.0,0.0,0.0
ref,OPG174,EBC-160036,2.0,,0.0,,9.0,,34.0,,0.0,,0.0,,0.0,,1.0,,0.0,,44.0,,44.0,34.0,9.0,0.0,1.0,0.0,0.0,0.0,0.0
ref,OPG174,EBC-17140,,20.0,,0.0,,3.0,,14.0,,0.0,,0.0,,1.0,,1.0,,0.0,,19.0,-19.0,-14.0,-3.0,0.0,-1.0,-1.0,0.0,0.0,0.0
ref,OPG174,EBC-189022,,40.0,,0.0,,1.0,,1.0,,0.0,,0.0,,1.0,,0.0,,0.0,,3.0,-3.0,-1.0,-1.0,0.0,0.0,-1.0,0.0,0.0,0.0
ref,OPG174,EBC-190033,,64.0,,0.0,,3.0,,0.0,,0.0,,0.0,,1.0,,0.0,,0.0,,4.0,-4.0,0.0,-3.0,0.0,0.0,-1.0,0.0,0.0,0.0
ref,OPG174,EBC-208024,,86.0,,0.0,,3.0,,3.0,,0.0,,0.0,,3.0,,0.0,,0.0,,9.0,-9.0,-3.0,-3.0,0.0,0.0,-3.0,0.0,0.0,0.0
ref,OPG174,EBC-217022,34.0,,7.0,,37.0,,84.0,,0.0,,0.0,,1.0,,5.0,,0.0,,134.0,,134.0,84.0,37.0,0.0,5.0,1.0,0.0,7.0,0.0
ref,OPG174,EBC-218035,,30.0,,0.0,,2.0,,5.0,,0.0,,1.0,,0.0,,1.0,,0.0,,9.0,-9.0,-5.0,-2.0,0.0,-1.0,0.0,-1.0,0.0,0.0
ref,OPG174,EBC-218037,69.0,,0.0,,41.0,,104.0,,0.0,,0.0,,1.0,,7.0,,0.0,,153.0,,153.0,104.0,41.0,0.0,7.0,1.0,0.0,0.0,0.0
ref,OPG174,EBC-218039,,80.0,,0.0,,4.0,,4.0,,0.0,,0.0,,2.0,,0.0,,0.0,,10.0,-10.0,-4.0,-4.0,0.0,0.0,-2.0,0.0,0.0,0.0
ref,OPG174,EBC-218043,3.0,,0.0,,28.0,,70.0,,0.0,,0.0,,0.0,,6.0,,0.0,,104.0,,104.0,70.0,28.0,0.0,6.0,0.0,0.0,0.0,0.0
ref,OPG174,EBC-225024,,58.0,,0.0,,6.0,,4.0,,0.0,,0.0,,2.0,,0.0,,0.0,,12.0,-12.0,-4.0,-6.0,0.0,0.0,-2.0,0.0,0.0,0.0
ref,OPG174,EBC-23629,81.0,,0.0,,48.0,,146.0,,0.0,,1.0,,0.0,,10.0,,0.0,,205.0,,205.0,146.0,48.0,0.0,10.0,0.0,1.0,0.0,0.0
ref,OPG174,EBC-24042,65.0,,0.0,,0.0,,291.0,,0.0,,0.0,,0.0,,0.0,,0.0,,291.0,,291.0,291.0,0.0,0.0,0.0,0.0,0.0,0.0,0.0
ref,OPG174,EBC-249047,33.0,,5.0,,84.0,,128.0,,0.0,,0.0,,1.0,,10.0,,0.0,,228.0,,228.0,128.0,84.0,0.0,10.0,1.0,0.0,5.0,0.0
ref,OPG174,EBC-251099,,25.0,,0.0,,10.0,,0.0,,0.0,,0.0,,0.0,,0.0,,0.0,,10.0,-10.0,0.0,-10.0,0.0,0.0,0.0,0.0,0.0,0.0
ref,OPG174,EBC-251173,12.0,,0.0,,92.0,,184.0,,0.0,,0.0,,1.0,,9.0,,0.0,,286.0,,286.0,184.0,92.0,0.0,9.0,1.0,0.0,0.0,0.0
ref,OPG174,EBC-251220,,2.0,,0.0,,5.0,,0.0,,0.0,,0.0,,0.0,,0.0,,0.0,,5.0,-5.0,0.0,-5.0,0.0,0.0,0.0,0.0,0.0,0.0
ref,OPG174,EBC-252093,74.0,,0.0,,32.0,,56.0,,0.0,,0.0,,0.0,,8.0,,0.0,,96.0,,96.0,56.0,32.0,0.0,8.0,0.0,0.0,0.0,0.0
ref,OPG174,EBC-252122,39.0,,14.0,,26.0,,99.0,,0.0,,0.0,,1.0,,9.0,,0.0,,149.0,,149.0,99.0,26.0,0.0,9.0,1.0,0.0,14.0,0.0
ref,OPG174,EBC-253180,71.0,,6.0,,97.0,,113.0,,0.0,,1.0,,0.0,,13.0,,0.0,,230.0,,230.0,113.0,97.0,0.0,13.0,0.0,1.0,6.0,0.0
ref,OPG174,EBC-258054,,100.0,,0.0,,2.0,,4.0,,0.0,,0.0,,2.0,,0.0,,0.0,,8.0,-8.0,-4.0,-2.0,0.0,0.0,-2.0,0.0,0.0,0.0
ref,OPG174,EBC-26679,,8.0,,0.0,,8.0,,0.0,,0.0,,0.0,,0.0,,0.0,,0.0,,8.0,-8.0,0.0,-8.0,0.0,0.0,0.0,0.0,0.0,0.0
ref,OPG174,EBC-26773,,63.0,,0.0,,0.0,,9.0,,0.0,,0.0,,0.0,,1.0,,0.0,,10.0,-10.0,-9.0,0.0,0.0,-1.0,0.0,0.0,0.0,0.0
ref,OPG174,EBC-27265,53.0,,7.0,,25.0,,127.0,,0.0,,0.0,,0.0,,0.0,,0.0,,159.0,,159.0,127.0,25.0,0.0,0.0,0.0,0.0,7.0,0.0
ref,OPG174,EBC-27284,55.0,,0.0,,43.0,,211.0,,0.0,,0.0,,0.0,,5.0,,0.0,,259.0,,259.0,211.0,43.0,0.0,5.0,0.0,0.0,0.0,0.0
ref,OPG174,EBC-27345,23.0,,7.0,,40.0,,71.0,,0.0,,0.0,,0.0,,1.0,,0.0,,119.0,,119.0,71.0,40.0,0.0,1.0,0.0,0.0,7.0,0.0
ref,OPG174,EBC-27428,5.0,,0.0,,84.0,,140.0,,0.0,,1.0,,3.0,,14.0,,0.0,,242.0,,242.0,140.0,84.0,0.0,14.0,3.0,1.0,0.0,0.0
ref,OPG174,EBC-277093,,12.0,,0.0,,7.0,,0.0,,0.0,,0.0,,0.0,,0.0,,0.0,,7.0,-7.0,0.0,-7.0,0.0,0.0,0.0,0.0,0.0,0.0
ref,OPG174,EBC-287042,99.0,,0.0,,48.0,,146.0,,0.0,,1.0,,0.0,,5.0,,0.0,,200.0,,200.0,146.0,48.0,0.0,5.0,0.0,1.0,0.0,0.0
ref,OPG174,EBC-287052,82.0,,0.0,,73.0,,151.0,,0.0,,0.0,,2.0,,9.0,,0.0,,235.0,,235.0,151.0,73.0,0.0,9.0,2.0,0.0,0.0,0.0
ref,OPG174,EBC-287070,73.0,,0.0,,35.0,,166.0,,0.0,,0.0,,1.0,,3.0,,0.0,,205.0,,205.0,166.0,35.0,0.0,3.0,1.0,0.0,0.0,0.0
ref,OPG174,EBC-289112,63.0,,0.0,,31.0,,178.0,,0.0,,1.0,,3.0,,9.0,,0.0,,222.0,,222.0,178.0,31.0,0.0,9.0,3.0,1.0,0.0,0.0
ref,OPG174,EBC-290041,7.0,,4.0,,61.0,,100.0,,0.0,,3.0,,1.0,,7.0,,0.0,,176.0,,176.0,100.0,61.0,0.0,7.0,1.0,3.0,4.0,0.0
ref,OPG174,EBC-29056,,87.0,,0.0,,5.0,,0.0,,0.0,,0.0,,0.0,,3.0,,0.0,,8.0,-8.0,0.0,-5.0,0.0,-3.0,0.0,0.0,0.0,0.0
ref,OPG174,EBC-291159,78.0,,0.0,,45.0,,179.0,,0.0,,1.0,,0.0,,7.0,,0.0,,232.0,,232.0,179.0,45.0,0.0,7.0,0.0,1.0,0.0,0.0
ref,OPG174,EBC-291167,89.0,,10.0,,87.0,,88.0,,0.0,,0.0,,0.0,,18.0,,0.0,,203.0,,203.0,88.0,87.0,0.0,18.0,0.0,0.0,10.0,0.0
ref,OPG174,EBC-292060,64.0,,4.0,,39.0,,116.0,,0.0,,2.0,,0.0,,6.0,,0.0,,167.0,,167.0,116.0,39.0,0.0,6.0,0.0,2.0,4.0,0.0
ref,OPG174,EBC-295041,,72.0,,0.0,,3.0,,5.0,,0.0,,0.0,,1.0,,0.0,,0.0,,9.0,-9.0,-5.0,-3.0,0.0,0.0,-1.0,0.0,0.0,0.0
ref,OPG174,EBC-306048,50.0,,7.0,,69.0,,77.0,,0.0,,0.0,,0.0,,10.0,,0.0,,163.0,,163.0,77.0,69.0,0.0,10.0,0.0,0.0,7.0,0.0
ref,OPG174,EBC-309070,80.0,,7.0,,29.0,,80.0,,0.0,,0.0,,0.0,,6.0,,0.0,,122.0,,122.0,80.0,29.0,0.0,6.0,0.0,0.0,7.0,0.0
ref,OPG174,EBC-309072,13.0,,2.0,,81.0,,129.0,,0.0,,3.0,,0.0,,26.0,,0.0,,241.0,,241.0,129.0,81.0,0.0,26.0,0.0,3.0,2.0,0.0
ref,OPG174,EBC-312078,,16.0,,0.0,,1.0,,6.0,,0.0,,0.0,,1.0,,1.0,,0.0,,9.0,-9.0,-6.0,-1.0,0.0,-1.0,-1.0,0.0,0.0,0.0
ref,OPG174,EBC-331067,59.0,,10.0,,30.0,,61.0,,0.0,,2.0,,2.0,,3.0,,0.0,,108.0,,108.0,61.0,30.0,0.0,3.0,2.0,2.0,10.0,0.0
ref,OPG174,EBC-346050,,91.0,,0.0,,2.0,,4.0,,0.0,,0.0,,2.0,,1.0,,0.0,,9.0,-9.0,-4.0,-2.0,0.0,-1.0,-2.0,0.0,0.0,0.0
ref,OPG174,EBC-35024,,61.0,,0.0,,1.0,,4.0,,0.0,,0.0,,2.0,,0.0,,0.0,,7.0,-7.0,-4.0,-1.0,0.0,0.0,-2.0,0.0,0.0,0.0
ref,OPG174,EBC-43021,48.0,,4.0,,81.0,,104.0,,0.0,,1.0,,0.0,,16.0,,0.0,,206.0,,206.0,104.0,81.0,0.0,16.0,0.0,1.0,4.0,0.0
ref,OPG174,EBC-44133,,5.0,,0.0,,5.0,,0.0,,0.0,,0.0,,0.0,,0.0,,0.0,,5.0,-5.0,0.0,-5.0,0.0,0.0,0.0,0.0,0.0,0.0
ref,OPG174,EBC-44134,,3.0,,0.0,,5.0,,0.0,,0.0,,0.0,,0.0,,0.0,,0.0,,5.0,-5.0,0.0,-5.0,0.0,0.0,0.0,0.0,0.0,0.0
ref,OPG174,EBC-44401,41.0,,13.0,,89.0,,164.0,,0.0,,0.0,,0.0,,22.0,,0.0,,288.0,,288.0,164.0,89.0,0.0,22.0,0.0,0.0,13.0,0.0
ref,OPG174,EBC-44402,43.0,,8.0,,97.0,,129.0,,0.0,,2.0,,0.0,,19.0,,0.0,,255.0,,255.0,129.0,97.0,0.0,19.0,0.0,2.0,8.0,0.0
ref,OPG174,EBC-46024,51.0,,1.0,,86.0,,123.0,,0.0,,0.0,,0.0,,21.0,,0.0,,231.0,,231.0,123.0,86.0,0.0,21.0,0.0,0.0,1.0,0.0
ref,OPG174,EBC-46057,6.0,,0.0,,57.0,,200.0,,0.0,,0.0,,1.0,,4.0,,0.0,,262.0,,262.0,200.0,57.0,0.0,4.0,1.0,0.0,0.0,0.0
ref,OPG174,EBC-46065,,36.0,,0.0,,8.0,,2.0,,0.0,,0.0,,0.0,,0.0,,0.0,,10.0,-10.0,-2.0,-8.0,0.0,0.0,0.0,0.0,0.0,0.0
ref,OPG174,EBC-46194,,98.0,,0.0,,3.0,,11.0,,0.0,,0.0,,1.0,,0.0,,0.0,,15.0,-15.0,-11.0,-3.0,0.0,0.0,-1.0,0.0,0.0,0.0
ref,OPG174,EBC-46200,38.0,,1.0,,65.0,,83.0,,0.0,,0.0,,0.0,,3.0,,0.0,,152.0,,152.0,83.0,65.0,0.0,3.0,0.0,0.0,1.0,0.0
ref,OPG174,EBC-46286,76.0,32.0,0.0,0.0,103.0,2.0,122.0,8.0,0.0,0.0,1.0,0.0,0.0,2.0,16.0,0.0,0.0,0.0,242.0,12.0,230.0,114.0,101.0,0.0,16.0,-2.0,1.0,0.0,0.0
ref,OPG174,EBC-46294,4.0,,0.0,,107.0,,164.0,,0.0,,0.0,,0.0,,16.0,,0.0,,287.0,,287.0,164.0,107.0,0.0,16.0,0.0,0.0,0.0,0.0
ref,OPG174,EBC-47073,19.0,,5.0,,79.0,,101.0,,0.0,,2.0,,1.0,,18.0,,0.0,,206.0,,206.0,101.0,79.0,0.0,18.0,1.0,2.0,5.0,0.0
ref,OPG174,EBC-47094,45.0,,3.0,,19.0,,37.0,,0.0,,1.0,,0.0,,2.0,,0.0,,62.0,,62.0,37.0,19.0,0.0,2.0,0.0,1.0,3.0,0.0
ref,OPG174,EBC-47119,52.0,,0.0,,138.0,,106.0,,0.0,,1.0,,2.0,,19.0,,0.0,,266.0,,266.0,106.0,138.0,0.0,19.0,2.0,1.0,0.0,0.0
ref,OPG174,EBC-48186,18.0,,13.0,,35.0,,94.0,,0.0,,0.0,,0.0,,1.0,,0.0,,143.0,,143.0,94.0,35.0,0.0,1.0,0.0,0.0,13.0,0.0
ref,OPG174,EBC-48187,,6.0,,0.0,,12.0,,3.0,,0.0,,0.0,,0.0,,0.0,,0.0,,15.0,-15.0,-3.0,-12.0,0.0,0.0,0.0,0.0,0.0,0.0
ref,OPG174,EBC-48188,35.0,,0.0,,51.0,,59.0,,0.0,,0.0,,0.0,,5.0,,0.0,,115.0,,115.0,59.0,51.0,0.0,5.0,0.0,0.0,0.0,0.0
ref,OPG174,EBC-50059,,85.0,,0.0,,4.0,,8.0,,0.0,,0.0,,2.0,,0.0,,0.0,,14.0,-14.0,-8.0,-4.0,0.0,0.0,-2.0,0.0,0.0,0.0
ref,OPG174,EBC-50088,79.0,,0.0,,43.0,,127.0,,0.0,,0.0,,1.0,,5.0,,0.0,,176.0,,176.0,127.0,43.0,0.0,5.0,1.0,0.0,0.0,0.0
ref,OPG174,EBC-50093,,33.0,,0.0,,5.0,,0.0,,0.0,,0.0,,0.0,,0.0,,0.0,,5.0,-5.0,0.0,-5.0,0.0,0.0,0.0,0.0,0.0,0.0
ref,OPG174,EBC-53021,93.0,,4.0,,49.0,,70.0,,0.0,,1.0,,1.0,,10.0,,0.0,,135.0,,135.0,70.0,49.0,0.0,10.0,1.0,1.0,4.0,0.0
ref,OPG174,EBC-54045,94.0,,3.0,,77.0,,117.0,,0.0,,2.0,,1.0,,17.0,,0.0,,217.0,,217.0,117.0,77.0,0.0,17.0,1.0,2.0,3.0,0.0
ref,OPG174,EBC-62059,,49.0,,0.0,,8.0,,2.0,,0.0,,0.0,,0.0,,0.0,,0.0,,10.0,-10.0,-2.0,-8.0,0.0,0.0,0.0,0.0,0.0,0.0
ref,OPG174,EBC-63089,1.0,,4.0,,94.0,,153.0,,0.0,,0.0,,0.0,,16.0,,0.0,,267.0,,267.0,153.0,94.0,0.0,16.0,0.0,0.0,4.0,0.0
ref,OPG174,EBC-71073,83.0,,0.0,,71.0,,147.0,,0.0,,1.0,,1.0,,16.0,,0.0,,236.0,,236.0,147.0,71.0,0.0,16.0,1.0,1.0,0.0,0.0
ref,OPG174,EBC-84050,21.0,,0.0,,31.0,,65.0,,0.0,,1.0,,1.0,,8.0,,0.0,,106.0,,106.0,65.0,31.0,0.0,8.0,1.0,1.0,0.0,0.0
ref,OPG174,EBC-97116,,52.0,,0.0,,5.0,,10.0,,0.0,,0.0,,1.0,,1.0,,0.0,,17.0,-17.0,-10.0,-5.0,0.0,-1.0,-1.0,0.0,0.0,0.0
ref,OPG174,EBC-99033,,84.0,,0.0,,2.0,,5.0,,0.0,,0.0,,2.0,,1.0,,0.0,,10.0,-10.0,-5.0,-2.0,0.0,-1.0,-2.0,0.0,0.0,0.0
ref,OPG198,EBC-00538,,95.0,,0.0,,2.0,,2.0,,0.0,,0.0,,0.0,,0.0,,0.0,,4.0,-4.0,-2.0,-2.0,0.0,0.0,0.0,0.0,0.0,0.0
ref,OPG198,EBC-00541,,92.0,,0.0,,2.0,,4.0,,0.0,,0.0,,0.0,,0.0,,0.0,,6.0,-6.0,-4.0,-2.0,0.0,0.0,0.0,0.0,0.0,0.0
ref,OPG198,EBC-00570,,64.0,,0.0,,2.0,,0.0,,0.0,,0.0,,0.0,,0.0,,0.0,,2.0,-2.0,0.0,-2.0,0.0,0.0,0.0,0.0,0.0,0.0
ref,OPG198,EBC-00571,,45.0,,0.0,,2.0,,2.0,,0.0,,0.0,,0.0,,0.0,,0.0,,4.0,-4.0,-2.0,-2.0,0.0,0.0,0.0,0.0,0.0,0.0
ref,OPG198,EBC-00575,,35.0,,0.0,,2.0,,3.0,,0.0,,0.0,,0.0,,0.0,,0.0,,5.0,-5.0,-3.0,-2.0,0.0,0.0,0.0,0.0,0.0,0.0
ref,OPG198,EBC-00578,,33.0,,0.0,,2.0,,2.0,,0.0,,0.0,,0.0,,0.0,,0.0,,4.0,-4.0,-2.0,-2.0,0.0,0.0,0.0,0.0,0.0,0.0
ref,OPG198,EBC-00633,,49.0,,0.0,,4.0,,0.0,,0.0,,0.0,,0.0,,0.0,,0.0,,4.0,-4.0,0.0,-4.0,0.0,0.0,0.0,0.0,0.0,0.0
ref,OPG198,EBC-00647,,39.0,,0.0,,2.0,,6.0,,0.0,,0.0,,0.0,,1.0,,0.0,,9.0,-9.0,-6.0,-2.0,0.0,-1.0,0.0,0.0,0.0,0.0
ref,OPG198,EBC-00670,,46.0,,0.0,,2.0,,9.0,,0.0,,0.0,,0.0,,0.0,,0.0,,11.0,-11.0,-9.0,-2.0,0.0,0.0,0.0,0.0,0.0,0.0
ref,OPG198,EBC-00711,32.0,,0.0,,23.0,,161.0,,0.0,,2.0,,1.0,,7.0,,0.0,,194.0,,194.0,161.0,23.0,0.0,7.0,1.0,2.0,0.0,0.0
ref,OPG198,EBC-00714,78.0,,1.0,,62.0,,148.0,,0.0,,2.0,,3.0,,13.0,,0.0,,229.0,,229.0,148.0,62.0,0.0,13.0,3.0,2.0,1.0,0.0
ref,OPG198,EBC-02055,,83.0,,0.0,,3.0,,9.0,,0.0,,0.0,,0.0,,0.0,,0.0,,12.0,-12.0,-9.0,-3.0,0.0,0.0,0.0,0.0,0.0,0.0
ref,OPG198,EBC-02079,10.0,,0.0,,52.0,,139.0,,0.0,,2.0,,0.0,,16.0,,0.0,,209.0,,209.0,139.0,52.0,0.0,16.0,0.0,2.0,0.0,0.0
ref,OPG198,EBC-02080,5.0,,0.0,,26.0,,92.0,,0.0,,0.0,,0.0,,6.0,,0.0,,124.0,,124.0,92.0,26.0,0.0,6.0,0.0,0.0,0.0,0.0
ref,OPG198,EBC-03034,,24.0,,0.0,,1.0,,0.0,,0.0,,0.0,,0.0,,0.0,,0.0,,1.0,-1.0,0.0,-1.0,0.0,0.0,0.0,0.0,0.0,0.0
ref,OPG198,EBC-03075,,63.0,,0.0,,2.0,,4.0,,0.0,,0.0,,0.0,,0.0,,0.0,,6.0,-6.0,-4.0,-2.0,0.0,0.0,0.0,0.0,0.0,0.0
ref,OPG198,EBC-03112,,52.0,,0.0,,2.0,,0.0,,0.0,,0.0,,0.0,,0.0,,0.0,,2.0,-2.0,0.0,-2.0,0.0,0.0,0.0,0.0,0.0,0.0
ref,OPG198,EBC-03130,,79.0,,1.0,,0.0,,3.0,,0.0,,0.0,,0.0,,1.0,,0.0,,5.0,-5.0,-3.0,0.0,0.0,-1.0,0.0,0.0,-1.0,0.0
ref,OPG198,EBC-03162,,82.0,,0.0,,2.0,,1.0,,0.0,,0.0,,0.0,,0.0,,0.0,,3.0,-3.0,-1.0,-2.0,0.0,0.0,0.0,0.0,0.0,0.0
ref,OPG198,EBC-03207,,69.0,,0.0,,2.0,,2.0,,0.0,,0.0,,0.0,,0.0,,0.0,,4.0,-4.0,-2.0,-2.0,0.0,0.0,0.0,0.0,0.0,0.0
ref,OPG198,EBC-03334,,41.0,,0.0,,2.0,,3.0,,0.0,,0.0,,0.0,,1.0,,0.0,,6.0,-6.0,-3.0,-2.0,0.0,-1.0,0.0,0.0,0.0,0.0
ref,OPG198,EBC-03550,,51.0,,0.0,,1.0,,3.0,,0.0,,0.0,,0.0,,1.0,,0.0,,5.0,-5.0,-3.0,-1.0,0.0,-1.0,0.0,0.0,0.0,0.0
ref,OPG198,EBC-03554,,14.0,,0.0,,2.0,,5.0,,0.0,,0.0,,0.0,,0.0,,0.0,,7.0,-7.0,-5.0,-2.0,0.0,0.0,0.0,0.0,0.0,0.0
ref,OPG198,EBC-03584,,74.0,,0.0,,5.0,,4.0,,0.0,,0.0,,0.0,,0.0,,0.0,,9.0,-9.0,-4.0,-5.0,0.0,0.0,0.0,0.0,0.0,0.0
ref,OPG198,EBC-03589,,6.0,,0.0,,2.0,,5.0,,0.0,,0.0,,0.0,,0.0,,0.0,,7.0,-7.0,-5.0,-2.0,0.0,0.0,0.0,0.0,0.0,0.0
ref,OPG198,EBC-03645,,65.0,,0.0,,1.0,,3.0,,0.0,,0.0,,0.0,,1.0,,0.0,,5.0,-5.0,-3.0,-1.0,0.0,-1.0,0.0,0.0,0.0,0.0
ref,OPG198,EBC-03646,,77.0,,0.0,,1.0,,7.0,,0.0,,0.0,,0.0,,0.0,,0.0,,8.0,-8.0,-7.0,-1.0,0.0,0.0,0.0,0.0,0.0,0.0
ref,OPG198,EBC-03682,,16.0,,0.0,,2.0,,6.0,,0.0,,0.0,,0.0,,0.0,,0.0,,8.0,-8.0,-6.0,-2.0,0.0,0.0,0.0,0.0,0.0,0.0
ref,OPG198,EBC-03774,,4.0,,0.0,,3.0,,3.0,,0.0,,0.0,,0.0,,0.0,,0.0,,6.0,-6.0,-3.0,-3.0,0.0,0.0,0.0,0.0,0.0,0.0
ref,OPG198,EBC-03852,80.0,,0.0,,39.0,,122.0,,0.0,,0.0,,2.0,,0.0,,0.0,,163.0,,163.0,122.0,39.0,0.0,0.0,2.0,0.0,0.0,0.0
ref,OPG198,EBC-03896,,31.0,,0.0,,2.0,,5.0,,0.0,,0.0,,1.0,,0.0,,0.0,,8.0,-8.0,-5.0,-2.0,0.0,0.0,-1.0,0.0,0.0,0.0
ref,OPG198,EBC-03910,,7.0,,0.0,,3.0,,1.0,,0.0,,0.0,,0.0,,0.0,,0.0,,4.0,-4.0,-1.0,-3.0,0.0,0.0,0.0,0.0,0.0,0.0
ref,OPG198,EBC-03931,,96.0,,0.0,,2.0,,0.0,,0.0,,0.0,,0.0,,0.0,,0.0,,2.0,-2.0,0.0,-2.0,0.0,0.0,0.0,0.0,0.0,0.0
ref,OPG198,EBC-04135,,67.0,,0.0,,2.0,,3.0,,0.0,,0.0,,0.0,,0.0,,0.0,,5.0,-5.0,-3.0,-2.0,0.0,0.0,0.0,0.0,0.0,0.0
ref,OPG198,EBC-06061,37.0,,0.0,,66.0,,131.0,,0.0,,1.0,,2.0,,30.0,,0.0,,230.0,,230.0,131.0,66.0,0.0,30.0,2.0,1.0,0.0,0.0
ref,OPG198,EBC-06225,,56.0,,0.0,,2.0,,3.0,,0.0,,0.0,,0.0,,0.0,,0.0,,5.0,-5.0,-3.0,-2.0,0.0,0.0,0.0,0.0,0.0,0.0
ref,OPG198,EBC-06227,,50.0,,0.0,,1.0,,5.0,,0.0,,0.0,,0.0,,0.0,,0.0,,6.0,-6.0,-5.0,-1.0,0.0,0.0,0.0,0.0,0.0,0.0
ref,OPG198,EBC-06298,,71.0,,0.0,,1.0,,2.0,,0.0,,0.0,,0.0,,0.0,,0.0,,3.0,-3.0,-2.0,-1.0,0.0,0.0,0.0,0.0,0.0,0.0
ref,OPG198,EBC-06362,,80.0,,0.0,,3.0,,3.0,,0.0,,0.0,,0.0,,0.0,,0.0,,6.0,-6.0,-3.0,-3.0,0.0,0.0,0.0,0.0,0.0,0.0
ref,OPG198,EBC-06379,,26.0,,0.0,,1.0,,4.0,,0.0,,0.0,,0.0,,0.0,,0.0,,5.0,-5.0,-4.0,-1.0,0.0,0.0,0.0,0.0,0.0,0.0
ref,OPG198,EBC-06474,,25.0,,0.0,,2.0,,1.0,,0.0,,0.0,,1.0,,0.0,,0.0,,4.0,-4.0,-1.0,-2.0,0.0,0.0,-1.0,0.0,0.0,0.0
ref,OPG198,EBC-06482,,27.0,,0.0,,2.0,,3.0,,0.0,,0.0,,0.0,,0.0,,0.0,,5.0,-5.0,-3.0,-2.0,0.0,0.0,0.0,0.0,0.0,0.0
ref,OPG198,EBC-06508,,87.0,,0.0,,2.0,,4.0,,0.0,,0.0,,0.0,,0.0,,0.0,,6.0,-6.0,-4.0,-2.0,0.0,0.0,0.0,0.0,0.0,0.0
ref,OPG198,EBC-06585,,90.0,,0.0,,2.0,,7.0,,0.0,,1.0,,0.0,,0.0,,0.0,,10.0,-10.0,-7.0,-2.0,0.0,0.0,0.0,-1.0,0.0,0.0
ref,OPG198,EBC-06624,,61.0,,0.0,,4.0,,7.0,,0.0,,0.0,,0.0,,0.0,,0.0,,11.0,-11.0,-7.0,-4.0,0.0,0.0,0.0,0.0,0.0,0.0
ref,OPG198,EBC-06687,,40.0,,0.0,,1.0,,5.0,,0.0,,1.0,,0.0,,0.0,,0.0,,7.0,-7.0,-5.0,-1.0,0.0,0.0,0.0,-1.0,0.0,0.0
ref,OPG198,EBC-06711,,17.0,,0.0,,2.0,,3.0,,0.0,,0.0,,0.0,,0.0,,0.0,,5.0,-5.0,-3.0,-2.0,0.0,0.0,0.0,0.0,0.0,0.0
ref,OPG198,EBC-06727,,3.0,,0.0,,2.0,,3.0,,0.0,,0.0,,0.0,,0.0,,0.0,,5.0,-5.0,-3.0,-2.0,0.0,0.0,0.0,0.0,0.0,0.0
ref,OPG198,EBC-07117,,32.0,,0.0,,2.0,,1.0,,0.0,,0.0,,0.0,,1.0,,0.0,,4.0,-4.0,-1.0,-2.0,0.0,-1.0,0.0,0.0,0.0,0.0
ref,OPG198,EBC-07157,97.0,,0.0,,74.0,,113.0,,0.0,,2.0,,0.0,,16.0,,0.0,,205.0,,205.0,113.0,74.0,0.0,16.0,0.0,2.0,0.0,0.0
ref,OPG198,EBC-07238,,20.0,,0.0,,1.0,,2.0,,0.0,,0.0,,0.0,,0.0,,0.0,,3.0,-3.0,-2.0,-1.0,0.0,0.0,0.0,0.0,0.0,0.0
ref,OPG198,EBC-07269,,34.0,,0.0,,1.0,,4.0,,0.0,,0.0,,2.0,,0.0,,0.0,,7.0,-7.0,-4.0,-1.0,0.0,0.0,-2.0,0.0,0.0,0.0
ref,OPG198,EBC-07400,,68.0,,0.0,,1.0,,2.0,,0.0,,0.0,,0.0,,0.0,,0.0,,3.0,-3.0,-2.0,-1.0,0.0,0.0,0.0,0.0,0.0,0.0
ref,OPG198,EBC-07421,96.0,,4.0,,35.0,,125.0,,0.0,,3.0,,1.0,,6.0,,0.0,,174.0,,174.0,125.0,35.0,0.0,6.0,1.0,3.0,4.0,0.0
ref,OPG198,EBC-07462,65.0,,0.0,,71.0,,139.0,,0.0,,2.0,,0.0,,16.0,,0.0,,228.0,,228.0,139.0,71.0,0.0,16.0,0.0,2.0,0.0,0.0
ref,OPG198,EBC-07472,,38.0,,0.0,,3.0,,2.0,,0.0,,0.0,,0.0,,1.0,,0.0,,6.0,-6.0,-2.0,-3.0,0.0,-1.0,0.0,0.0,0.0,0.0
ref,OPG198,EBC-07670,42.0,,0.0,,65.0,,148.0,,0.0,,0.0,,0.0,,11.0,,0.0,,224.0,,224.0,148.0,65.0,0.0,11.0,0.0,0.0,0.0,0.0
ref,OPG198,EBC-07688,,36.0,,0.0,,2.0,,7.0,,0.0,,0.0,,0.0,,0.0,,0.0,,9.0,-9.0,-7.0,-2.0,0.0,0.0,0.0,0.0,0.0,0.0
ref,OPG198,EBC-07967,,88.0,,1.0,,1.0,,5.0,,0.0,,0.0,,0.0,,0.0,,0.0,,7.0,-7.0,-5.0,-1.0,0.0,0.0,0.0,0.0,-1.0,0.0
ref,OPG198,EBC-07988,76.0,,6.0,,110.0,,167.0,,0.0,,1.0,,3.0,,19.0,,0.0,,306.0,,306.0,167.0,110.0,0.0,19.0,3.0,1.0,6.0,0.0
ref,OPG198,EBC-08084,,54.0,,0.0,,4.0,,5.0,,0.0,,0.0,,0.0,,0.0,,0.0,,9.0,-9.0,-5.0,-4.0,0.0,0.0,0.0,0.0,0.0,0.0
ref,OPG198,EBC-08144,,86.0,,0.0,,3.0,,3.0,,0.0,,0.0,,0.0,,0.0,,0.0,,6.0,-6.0,-3.0,-3.0,0.0,0.0,0.0,0.0,0.0,0.0
ref,OPG198,EBC-08146,,28.0,,0.0,,3.0,,1.0,,0.0,,0.0,,0.0,,1.0,,0.0,,5.0,-5.0,-1.0,-3.0,0.0,-1.0,0.0,0.0,0.0,0.0
ref,OPG198,EBC-08203,,78.0,,0.0,,1.0,,2.0,,0.0,,0.0,,0.0,,0.0,,0.0,,3.0,-3.0,-2.0,-1.0,0.0,0.0,0.0,0.0,0.0,0.0
ref,OPG198,EBC-08557,,59.0,,1.0,,0.0,,2.0,,0.0,,0.0,,0.0,,1.0,,0.0,,4.0,-4.0,-2.0,0.0,0.0,-1.0,0.0,0.0,-1.0,0.0
ref,OPG198,EBC-08560,,30.0,,0.0,,3.0,,9.0,,0.0,,0.0,,1.0,,0.0,,0.0,,13.0,-13.0,-9.0,-3.0,0.0,0.0,-1.0,0.0,0.0,0.0
ref,OPG198,EBC-08587,98.0,,0.0,,22.0,,155.0,,0.0,,0.0,,0.0,,0.0,,0.0,,177.0,,177.0,155.0,22.0,0.0,0.0,0.0,0.0,0.0,0.0
ref,OPG198,EBC-08788,33.0,,0.0,,69.0,,157.0,,0.0,,3.0,,4.0,,11.0,,0.0,,244.0,,244.0,157.0,69.0,0.0,11.0,4.0,3.0,0.0,0.0
ref,OPG198,EBC-08908,62.0,,1.0,,116.0,,134.0,,0.0,,0.0,,0.0,,11.0,,0.0,,262.0,,262.0,134.0,116.0,0.0,11.0,0.0,0.0,1.0,0.0
ref,OPG198,EBC-08915,19.0,,0.0,,57.0,,171.0,,0.0,,3.0,,0.0,,10.0,,0.0,,241.0,,241.0,171.0,57.0,0.0,10.0,0.0,3.0,0.0,0.0
ref,OPG198,EBC-11025,63.0,60.0,0.0,0.0,80.0,3.0,100.0,8.0,0.0,0.0,3.0,0.0,0.0,0.0,15.0,0.0,0.0,0.0,198.0,11.0,187.0,92.0,77.0,0.0,15.0,0.0,3.0,0.0,0.0
ref,OPG198,EBC-11027,,29.0,,1.0,,4.0,,0.0,,0.0,,0.0,,0.0,,0.0,,0.0,,5.0,-5.0,0.0,-4.0,0.0,0.0,0.0,0.0,-1.0,0.0
ref,OPG198,EBC-11050,,12.0,,0.0,,3.0,,0.0,,0.0,,0.0,,0.0,,0.0,,0.0,,3.0,-3.0,0.0,-3.0,0.0,0.0,0.0,0.0,0.0,0.0
ref,OPG198,EBC-11052,,89.0,,0.0,,5.0,,5.0,,0.0,,0.0,,0.0,,0.0,,0.0,,10.0,-10.0,-5.0,-5.0,0.0,0.0,0.0,0.0,0.0,0.0
ref,OPG198,EBC-11069,69.0,,0.0,,76.0,,133.0,,0.0,,0.0,,3.0,,9.0,,0.0,,221.0,,221.0,133.0,76.0,0.0,9.0,3.0,0.0,0.0,0.0
ref,OPG198,EBC-11154,88.0,,0.0,,145.0,,84.0,,0.0,,1.0,,0.0,,19.0,,0.0,,249.0,,249.0,84.0,145.0,0.0,19.0,0.0,1.0,0.0,0.0
ref,OPG198,EBC-11226,,53.0,,1.0,,1.0,,2.0,,0.0,,0.0,,0.0,,1.0,,0.0,,5.0,-5.0,-2.0,-1.0,0.0,-1.0,0.0,0.0,-1.0,0.0
ref,OPG198,EBC-11260,14.0,,0.0,,58.0,,80.0,,0.0,,2.0,,0.0,,17.0,,0.0,,157.0,,157.0,80.0,58.0,0.0,17.0,0.0,2.0,0.0,0.0
ref,OPG198,EBC-11281,34.0,,26.0,,39.0,,129.0,,0.0,,2.0,,0.0,,10.0,,0.0,,206.0,,206.0,129.0,39.0,0.0,10.0,0.0,2.0,26.0,0.0
ref,OPG198,EBC-11364,15.0,,10.0,,76.0,,118.0,,0.0,,2.0,,2.0,,32.0,,0.0,,240.0,,240.0,118.0,76.0,0.0,32.0,2.0,2.0,10.0,0.0
ref,OPG198,EBC-11433,93.0,,5.0,,92.0,,116.0,,0.0,,1.0,,1.0,,16.0,,0.0,,231.0,,231.0,116.0,92.0,0.0,16.0,1.0,1.0,5.0,0.0
ref,OPG198,EBC-11442,,98.0,,0.0,,2.0,,9.0,,0.0,,0.0,,0.0,,0.0,,0.0,,11.0,-11.0,-9.0,-2.0,0.0,0.0,0.0,0.0,0.0,0.0
ref,OPG198,EBC-118037,72.0,,0.0,,88.0,,112.0,,0.0,,3.0,,2.0,,14.0,,0.0,,219.0,,219.0,112.0,88.0,0.0,14.0,2.0,3.0,0.0,0.0
ref,OPG198,EBC-12036,36.0,,0.0,,79.0,,143.0,,0.0,,1.0,,5.0,,16.0,,0.0,,244.0,,244.0,143.0,79.0,0.0,16.0,5.0,1.0,0.0,0.0
ref,OPG198,EBC-12063,100.0,,0.0,,124.0,,97.0,,0.0,,2.0,,1.0,,37.0,,0.0,,261.0,,261.0,97.0,124.0,0.0,37.0,1.0,2.0,0.0,0.0
ref,OPG198,EBC-12087,,91.0,,0.0,,1.0,,4.0,,0.0,,0.0,,0.0,,1.0,,0.0,,6.0,-6.0,-4.0,-1.0,0.0,-1.0,0.0,0.0,0.0,0.0
ref,OPG198,EBC-12285,,73.0,,0.0,,3.0,,5.0,,0.0,,0.0,,0.0,,0.0,,0.0,,8.0,-8.0,-5.0,-3.0,0.0,0.0,0.0,0.0,0.0,0.0
ref,OPG198,EBC-12442,64.0,,5.0,,75.0,,103.0,,0.0,,2.0,,1.0,,31.0,,0.0,,217.0,,217.0,103.0,75.0,0.0,31.0,1.0,2.0,5.0,0.0
ref,OPG198,EBC-12783,,5.0,,1.0,,2.0,,7.0,,0.0,,0.0,,0.0,,0.0,,0.0,,10.0,-10.0,-7.0,-2.0,0.0,0.0,0.0,0.0,-1.0,0.0
ref,OPG198,EBC-12821,2.0,,0.0,,63.0,,74.0,,0.0,,1.0,,1.0,,15.0,,0.0,,154.0,,154.0,74.0,63.0,0.0,15.0,1.0,1.0,0.0,0.0
ref,OPG198,EBC-13002,85.0,,15.0,,95.0,,78.0,,0.0,,0.0,,0.0,,18.0,,0.0,,206.0,,206.0,78.0,95.0,0.0,18.0,0.0,0.0,15.0,0.0
ref,OPG198,EBC-13024,,21.0,,0.0,,6.0,,8.0,,0.0,,0.0,,0.0,,0.0,,0.0,,14.0,-14.0,-8.0,-6.0,0.0,0.0,0.0,0.0,0.0,0.0
ref,OPG198,EBC-13032,,44.0,,1.0,,2.0,,5.0,,0.0,,0.0,,0.0,,0.0,,0.0,,8.0,-8.0,-5.0,-2.0,0.0,0.0,0.0,0.0,-1.0,0.0
ref,OPG198,EBC-13061,21.0,,0.0,,49.0,,78.0,,0.0,,3.0,,1.0,,18.0,,0.0,,149.0,,149.0,78.0,49.0,0.0,18.0,1.0,3.0,0.0,0.0
ref,OPG198,EBC-13071,73.0,,0.0,,77.0,,158.0,,0.0,,5.0,,0.0,,0.0,,0.0,,240.0,,240.0,158.0,77.0,0.0,0.0,0.0,5.0,0.0,0.0
ref,OPG198,EBC-13120,54.0,,0.0,,90.0,,125.0,,0.0,,2.0,,1.0,,21.0,,0.0,,239.0,,239.0,125.0,90.0,0.0,21.0,1.0,2.0,0.0,0.0
ref,OPG198,EBC-13141,,93.0,,0.0,,2.0,,0.0,,0.0,,0.0,,0.0,,0.0,,0.0,,2.0,-2.0,0.0,-2.0,0.0,0.0,0.0,0.0,0.0,0.0
ref,OPG198,EBC-13169,,70.0,,0.0,,2.0,,2.0,,0.0,,0.0,,1.0,,0.0,,0.0,,5.0,-5.0,-2.0,-2.0,0.0,0.0,-1.0,0.0,0.0,0.0
ref,OPG198,EBC-13190,,55.0,,0.0,,2.0,,10.0,,0.0,,0.0,,0.0,,0.0,,0.0,,12.0,-12.0,-10.0,-2.0,0.0,0.0,0.0,0.0,0.0,0.0
ref,OPG198,EBC-13376,,11.0,,0.0,,1.0,,0.0,,0.0,,0.0,,0.0,,0.0,,0.0,,1.0,-1.0,0.0,-1.0,0.0,0.0,0.0,0.0,0.0,0.0
ref,OPG198,EBC-13379,81.0,,0.0,,85.0,,160.0,,0.0,,4.0,,1.0,,11.0,,0.0,,261.0,,261.0,160.0,85.0,0.0,11.0,1.0,4.0,0.0,0.0
ref,OPG198,EBC-13389,,66.0,,0.0,,2.0,,5.0,,0.0,,0.0,,0.0,,1.0,,0.0,,8.0,-8.0,-5.0,-2.0,0.0,-1.0,0.0,0.0,0.0,0.0
ref,OPG198,EBC-13476,,48.0,,1.0,,3.0,,2.0,,0.0,,0.0,,0.0,,1.0,,0.0,,7.0,-7.0,-2.0,-3.0,0.0,-1.0,0.0,0.0,-1.0,0.0
ref,OPG198,EBC-13579,30.0,,0.0,,134.0,,123.0,,0.0,,0.0,,1.0,,21.0,,0.0,,279.0,,279.0,123.0,134.0,0.0,21.0,1.0,0.0,0.0,0.0
ref,OPG198,EBC-13607,1.0,,0.0,,62.0,,219.0,,0.0,,1.0,,0.0,,27.0,,0.0,,309.0,,309.0,219.0,62.0,0.0,27.0,0.0,1.0,0.0,0.0
ref,OPG198,EBC-13677,,97.0,,0.0,,2.0,,7.0,,0.0,,0.0,,0.0,,0.0,,0.0,,9.0,-9.0,-7.0,-2.0,0.0,0.0,0.0,0.0,0.0,0.0
ref,OPG198,EBC-13774,77.0,,5.0,,80.0,,119.0,,0.0,,2.0,,4.0,,27.0,,0.0,,237.0,,237.0,119.0,80.0,0.0,27.0,4.0,2.0,5.0,0.0
ref,OPG198,EBC-13827,60.0,,18.0,,103.0,,95.0,,0.0,,0.0,,0.0,,15.0,,0.0,,231.0,,231.0,95.0,103.0,0.0,15.0,0.0,0.0,18.0,0.0
ref,OPG198,EBC-13852,,1.0,,0.0,,3.0,,0.0,,0.0,,0.0,,0.0,,0.0,,0.0,,3.0,-3.0,0.0,-3.0,0.0,0.0,0.0,0.0,0.0,0.0
ref,OPG198,EBC-14147,40.0,,1.0,,72.0,,118.0,,0.0,,0.0,,2.0,,17.0,,0.0,,210.0,,210.0,118.0,72.0,0.0,17.0,2.0,0.0,1.0,0.0
ref,OPG198,EBC-14210,83.0,,0.0,,47.0,,136.0,,0.0,,6.0,,0.0,,11.0,,0.0,,200.0,,200.0,136.0,47.0,0.0,11.0,0.0,6.0,0.0,0.0
ref,OPG198,EBC-14212,,94.0,,0.0,,2.0,,4.0,,0.0,,0.0,,0.0,,0.0,,0.0,,6.0,-6.0,-4.0,-2.0,0.0,0.0,0.0,0.0,0.0,0.0
ref,OPG198,EBC-145226,11.0,,0.0,,73.0,,155.0,,0.0,,4.0,,1.0,,16.0,,0.0,,249.0,,249.0,155.0,73.0,0.0,16.0,1.0,4.0,0.0,0.0
ref,OPG198,EBC-148031,53.0,,0.0,,104.0,,164.0,,0.0,,1.0,,0.0,,20.0,,0.0,,289.0,,289.0,164.0,104.0,0.0,20.0,0.0,1.0,0.0,0.0
ref,OPG198,EBC-149094,17.0,,0.0,,52.0,,152.0,,0.0,,2.0,,1.0,,9.0,,0.0,,216.0,,216.0,152.0,52.0,0.0,9.0,1.0,2.0,0.0,0.0
ref,OPG198,EBC-151028,,18.0,,0.0,,1.0,,6.0,,0.0,,0.0,,0.0,,0.0,,0.0,,7.0,-7.0,-6.0,-1.0,0.0,0.0,0.0,0.0,0.0,0.0
ref,OPG198,EBC-151029,,19.0,,0.0,,1.0,,6.0,,0.0,,0.0,,0.0,,0.0,,0.0,,7.0,-7.0,-6.0,-1.0,0.0,0.0,0.0,0.0,0.0,0.0
ref,OPG198,EBC-152142,,43.0,,0.0,,2.0,,1.0,,0.0,,0.0,,0.0,,0.0,,0.0,,3.0,-3.0,-1.0,-2.0,0.0,0.0,0.0,0.0,0.0,0.0
ref,OPG198,EBC-153033,,100.0,,0.0,,2.0,,4.0,,0.0,,0.0,,0.0,,0.0,,0.0,,6.0,-6.0,-4.0,-2.0,0.0,0.0,0.0,0.0,0.0,0.0
ref,OPG198,EBC-154047,,76.0,,0.0,,2.0,,2.0,,0.0,,0.0,,0.0,,1.0,,0.0,,5.0,-5.0,-2.0,-2.0,0.0,-1.0,0.0,0.0,0.0,0.0
ref,OPG198,EBC-154070,22.0,,2.0,,61.0,,86.0,,0.0,,2.0,,0.0,,23.0,,0.0,,174.0,,174.0,86.0,61.0,0.0,23.0,0.0,2.0,2.0,0.0
ref,OPG198,EBC-157073,87.0,,0.0,,39.0,,171.0,,0.0,,2.0,,4.0,,6.0,,0.0,,222.0,,222.0,171.0,39.0,0.0,6.0,4.0,2.0,0.0,0.0
ref,OPG198,EBC-157193,,13.0,,0.0,,2.0,,8.0,,0.0,,0.0,,0.0,,0.0,,0.0,,10.0,-10.0,-8.0,-2.0,0.0,0.0,0.0,0.0,0.0,0.0
ref,OPG198,EBC-157209,67.0,85.0,0.0,0.0,64.0,2.0,146.0,4.0,0.0,0.0,2.0,0.0,2.0,0.0,12.0,0.0,0.0,0.0,226.0,6.0,220.0,142.0,62.0,0.0,12.0,2.0,2.0,0.0,0.0
ref,OPG198,EBC-157212,70.0,,0.0,,102.0,,153.0,,0.0,,1.0,,1.0,,11.0,,0.0,,268.0,,268.0,153.0,102.0,0.0,11.0,1.0,1.0,0.0,0.0
ref,OPG198,EBC-157219,57.0,,11.0,,79.0,,134.0,,0.0,,5.0,,0.0,,19.0,,0.0,,248.0,,248.0,134.0,79.0,0.0,19.0,0.0,5.0,11.0,0.0
ref,OPG198,EBC-157220,,99.0,,0.0,,3.0,,6.0,,0.0,,0.0,,0.0,,0.0,,0.0,,9.0,-9.0,-6.0,-3.0,0.0,0.0,0.0,0.0,0.0,0.0
ref,OPG198,EBC-157235,,9.0,,0.0,,3.0,,5.0,,0.0,,0.0,,0.0,,0.0,,0.0,,8.0,-8.0,-5.0,-3.0,0.0,0.0,0.0,0.0,0.0,0.0
ref,OPG198,EBC-157249,45.0,,0.0,,94.0,,133.0,,0.0,,2.0,,0.0,,29.0,,0.0,,258.0,,258.0,133.0,94.0,0.0,29.0,0.0,2.0,0.0,0.0
ref,OPG198,EBC-157251,,57.0,,0.0,,4.0,,6.0,,0.0,,0.0,,0.0,,0.0,,0.0,,10.0,-10.0,-6.0,-4.0,0.0,0.0,0.0,0.0,0.0,0.0
ref,OPG198,EBC-160036,8.0,,1.0,,59.0,,147.0,,0.0,,3.0,,2.0,,6.0,,0.0,,218.0,,218.0,147.0,59.0,0.0,6.0,2.0,3.0,1.0,0.0
ref,OPG198,EBC-17116,,72.0,,0.0,,2.0,,6.0,,0.0,,0.0,,0.0,,0.0,,0.0,,8.0,-8.0,-6.0,-2.0,0.0,0.0,0.0,0.0,0.0,0.0
ref,OPG198,EBC-189022,,75.0,,0.0,,1.0,,1.0,,0.0,,0.0,,0.0,,0.0,,0.0,,2.0,-2.0,-1.0,-1.0,0.0,0.0,0.0,0.0,0.0,0.0
ref,OPG198,EBC-191032,79.0,,14.0,,82.0,,132.0,,0.0,,1.0,,1.0,,11.0,,0.0,,241.0,,241.0,132.0,82.0,0.0,11.0,1.0,1.0,14.0,0.0
ref,OPG198,EBC-198037,27.0,,15.0,,104.0,,107.0,,0.0,,1.0,,0.0,,14.0,,0.0,,241.0,,241.0,107.0,104.0,0.0,14.0,0.0,1.0,15.0,0.0
ref,OPG198,EBC-216024,,84.0,,0.0,,3.0,,4.0,,0.0,,0.0,,0.0,,1.0,,0.0,,8.0,-8.0,-4.0,-3.0,0.0,-1.0,0.0,0.0,0.0,0.0
ref,OPG198,EBC-216028,26.0,,0.0,,58.0,,166.0,,0.0,,4.0,,0.0,,8.0,,0.0,,236.0,,236.0,166.0,58.0,0.0,8.0,0.0,4.0,0.0,0.0
ref,OPG198,EBC-217022,12.0,,2.0,,66.0,,107.0,,0.0,,2.0,,2.0,,17.0,,0.0,,196.0,,196.0,107.0,66.0,0.0,17.0,2.0,2.0,2.0,0.0
ref,OPG198,EBC-218043,4.0,,0.0,,92.0,,134.0,,0.0,,2.0,,0.0,,19.0,,0.0,,247.0,,247.0,134.0,92.0,0.0,19.0,0.0,2.0,0.0,0.0
ref,OPG198,EBC-221084,9.0,,0.0,,97.0,,94.0,,0.0,,2.0,,6.0,,34.0,,0.0,,233.0,,233.0,94.0,97.0,0.0,34.0,6.0,2.0,0.0,0.0
ref,OPG198,EBC-230024,,37.0,,1.0,,1.0,,6.0,,0.0,,0.0,,0.0,,0.0,,0.0,,8.0,-8.0,-6.0,-1.0,0.0,0.0,0.0,0.0,-1.0,0.0
ref,OPG198,EBC-23629,99.0,,0.0,,51.0,,157.0,,0.0,,1.0,,1.0,,6.0,,0.0,,216.0,,216.0,157.0,51.0,0.0,6.0,1.0,1.0,0.0,0.0
ref,OPG198,EBC-244029,43.0,,0.0,,58.0,,156.0,,0.0,,0.0,,0.0,,11.0,,0.0,,225.0,,225.0,156.0,58.0,0.0,11.0,0.0,0.0,0.0,0.0
ref,OPG198,EBC-249047,91.0,,11.0,,109.0,,113.0,,0.0,,1.0,,0.0,,16.0,,0.0,,250.0,,250.0,113.0,109.0,0.0,16.0,0.0,1.0,11.0,0.0
ref,OPG198,EBC-249057,89.0,,0.0,,44.0,,128.0,,0.0,,7.0,,0.0,,8.0,,0.0,,187.0,,187.0,128.0,44.0,0.0,8.0,0.0,7.0,0.0,0.0
ref,OPG198,EBC-251173,20.0,,0.0,,102.0,,154.0,,0.0,,4.0,,0.0,,21.0,,0.0,,281.0,,281.0,154.0,102.0,0.0,21.0,0.0,4.0,0.0,0.0
ref,OPG198,EBC-251220,,8.0,,0.0,,2.0,,0.0,,0.0,,0.0,,0.0,,0.0,,0.0,,2.0,-2.0,0.0,-2.0,0.0,0.0,0.0,0.0,0.0,0.0
ref,OPG198,EBC-252122,31.0,,10.0,,60.0,,125.0,,0.0,,6.0,,1.0,,16.0,,0.0,,218.0,,218.0,125.0,60.0,0.0,16.0,1.0,6.0,10.0,0.0
ref,OPG198,EBC-253165,68.0,,0.0,,43.0,,159.0,,0.0,,2.0,,1.0,,21.0,,0.0,,226.0,,226.0,159.0,43.0,0.0,21.0,1.0,2.0,0.0,0.0
ref,OPG198,EBC-253205,82.0,,0.0,,93.0,,188.0,,0.0,,0.0,,0.0,,7.0,,0.0,,288.0,,288.0,188.0,93.0,0.0,7.0,0.0,0.0,0.0,0.0
ref,OPG198,EBC-253302,,62.0,,0.0,,1.0,,6.0,,0.0,,0.0,,0.0,,0.0,,0.0,,7.0,-7.0,-6.0,-1.0,0.0,0.0,0.0,0.0,0.0,0.0
ref,OPG198,EBC-254047,,81.0,,0.0,,2.0,,9.0,,0.0,,0.0,,0.0,,1.0,,0.0,,12.0,-12.0,-9.0,-2.0,0.0,-1.0,0.0,0.0,0.0,0.0
ref,OPG198,EBC-255053,90.0,,0.0,,43.0,,148.0,,0.0,,7.0,,0.0,,12.0,,0.0,,210.0,,210.0,148.0,43.0,0.0,12.0,0.0,7.0,0.0,0.0
ref,OPG198,EBC-255056,74.0,,0.0,,44.0,,148.0,,0.0,,3.0,,2.0,,9.0,,0.0,,206.0,,206.0,148.0,44.0,0.0,9.0,2.0,3.0,0.0,0.0
ref,OPG198,EBC-265042,86.0,,0.0,,50.0,,137.0,,0.0,,2.0,,2.0,,5.0,,0.0,,196.0,,196.0,137.0,50.0,0.0,5.0,2.0,2.0,0.0,0.0
ref,OPG198,EBC-27035,46.0,,0.0,,68.0,,138.0,,0.0,,0.0,,0.0,,4.0,,0.0,,210.0,,210.0,138.0,68.0,0.0,4.0,0.0,0.0,0.0,0.0
ref,OPG198,EBC-27042,28.0,,1.0,,58.0,,83.0,,0.0,,1.0,,0.0,,20.0,,0.0,,163.0,,163.0,83.0,58.0,0.0,20.0,0.0,1.0,1.0,0.0
ref,OPG198,EBC-27078,29.0,,0.0,,26.0,,239.0,,0.0,,0.0,,0.0,,3.0,,0.0,,268.0,,268.0,239.0,26.0,0.0,3.0,0.0,0.0,0.0,0.0
ref,OPG198,EBC-27122,50.0,,15.0,,103.0,,67.0,,0.0,,0.0,,0.0,,10.0,,0.0,,195.0,,195.0,67.0,103.0,0.0,10.0,0.0,0.0,15.0,0.0
ref,OPG198,EBC-27184,24.0,,0.0,,20.0,,214.0,,0.0,,0.0,,2.0,,1.0,,0.0,,237.0,,237.0,214.0,20.0,0.0,1.0,2.0,0.0,0.0,0.0
ref,OPG198,EBC-27265,18.0,,6.0,,30.0,,135.0,,0.0,,1.0,,3.0,,0.0,,0.0,,175.0,,175.0,135.0,30.0,0.0,0.0,3.0,1.0,6.0,0.0
ref,OPG198,EBC-27284,66.0,,0.0,,52.0,,219.0,,0.0,,1.0,,1.0,,7.0,,0.0,,280.0,,280.0,219.0,52.0,0.0,7.0,1.0,1.0,0.0,0.0
ref,OPG198,EBC-27347,56.0,,2.0,,145.0,,74.0,,0.0,,0.0,,1.0,,34.0,,0.0,,256.0,,256.0,74.0,145.0,0.0,34.0,1.0,0.0,2.0,0.0
ref,OPG198,EBC-27428,49.0,,0.0,,135.0,,110.0,,0.0,,1.0,,0.0,,23.0,,0.0,,269.0,,269.0,110.0,135.0,0.0,23.0,0.0,1.0,0.0,0.0
ref,OPG198,EBC-287051,47.0,,0.0,,95.0,,129.0,,0.0,,0.0,,0.0,,11.0,,0.0,,235.0,,235.0,129.0,95.0,0.0,11.0,0.0,0.0,0.0,0.0
ref,OPG198,EBC-287070,35.0,,0.0,,55.0,,179.0,,0.0,,3.0,,2.0,,3.0,,0.0,,242.0,,242.0,179.0,55.0,0.0,3.0,2.0,3.0,0.0,0.0
ref,OPG198,EBC-287071,59.0,,0.0,,59.0,,125.0,,0.0,,2.0,,1.0,,17.0,,0.0,,204.0,,204.0,125.0,59.0,0.0,17.0,1.0,2.0,0.0,0.0
ref,OPG198,EBC-287079,44.0,,0.0,,88.0,,138.0,,0.0,,0.0,,0.0,,13.0,,0.0,,239.0,,239.0,138.0,88.0,0.0,13.0,0.0,0.0,0.0,0.0
ref,OPG198,EBC-287092,71.0,,0.0,,79.0,,151.0,,0.0,,4.0,,1.0,,11.0,,0.0,,246.0,,246.0,151.0,79.0,0.0,11.0,1.0,4.0,0.0,0.0
ref,OPG198,EBC-289112,55.0,,0.0,,40.0,,174.0,,0.0,,2.0,,1.0,,10.0,,0.0,,227.0,,227.0,174.0,40.0,0.0,10.0,1.0,2.0,0.0,0.0
ref,OPG198,EBC-290041,7.0,,6.0,,166.0,,126.0,,0.0,,3.0,,2.0,,21.0,,0.0,,324.0,,324.0,126.0,166.0,0.0,21.0,2.0,3.0,6.0,0.0
ref,OPG198,EBC-291167,25.0,,4.0,,105.0,,81.0,,0.0,,1.0,,0.0,,28.0,,0.0,,219.0,,219.0,81.0,105.0,0.0,28.0,0.0,1.0,4.0,0.0
ref,OPG198,EBC-306041,61.0,,5.0,,100.0,,92.0,,0.0,,1.0,,1.0,,33.0,,0.0,,232.0,,232.0,92.0,100.0,0.0,33.0,1.0,1.0,5.0,0.0
ref,OPG198,EBC-306048,84.0,,9.0,,108.0,,72.0,,0.0,,2.0,,1.0,,10.0,,0.0,,202.0,,202.0,72.0,108.0,0.0,10.0,1.0,2.0,9.0,0.0
ref,OPG198,EBC-309072,92.0,,2.0,,92.0,,158.0,,0.0,,0.0,,1.0,,20.0,,0.0,,273.0,,273.0,158.0,92.0,0.0,20.0,1.0,0.0,2.0,0.0
ref,OPG198,EBC-331067,58.0,,9.0,,53.0,,90.0,,0.0,,2.0,,3.0,,3.0,,0.0,,160.0,,160.0,90.0,53.0,0.0,3.0,3.0,2.0,9.0,0.0
ref,OPG198,EBC-44134,,47.0,,1.0,,4.0,,0.0,,0.0,,0.0,,0.0,,0.0,,0.0,,5.0,-5.0,0.0,-4.0,0.0,0.0,0.0,0.0,-1.0,0.0
ref,OPG198,EBC-44151,,2.0,,0.0,,3.0,,2.0,,0.0,,0.0,,0.0,,0.0,,0.0,,5.0,-5.0,-2.0,-3.0,0.0,0.0,0.0,0.0,0.0,0.0
ref,OPG198,EBC-46057,52.0,,0.0,,67.0,,188.0,,0.0,,4.0,,2.0,,19.0,,0.0,,280.0,,280.0,188.0,67.0,0.0,19.0,2.0,4.0,0.0,0.0
ref,OPG198,EBC-46164,,23.0,,0.0,,2.0,,1.0,,0.0,,0.0,,0.0,,0.0,,0.0,,3.0,-3.0,-1.0,-2.0,0.0,0.0,0.0,0.0,0.0,0.0
ref,OPG198,EBC-46294,3.0,,3.0,,145.0,,123.0,,0.0,,1.0,,0.0,,23.0,,0.0,,295.0,,295.0,123.0,145.0,0.0,23.0,0.0,1.0,3.0,0.0
ref,OPG198,EBC-47024,75.0,,0.0,,123.0,,106.0,,0.0,,2.0,,0.0,,26.0,,0.0,,257.0,,257.0,106.0,123.0,0.0,26.0,0.0,2.0,0.0,0.0
ref,OPG198,EBC-47066,94.0,,10.0,,99.0,,105.0,,0.0,,0.0,,1.0,,31.0,,0.0,,246.0,,246.0,105.0,99.0,0.0,31.0,1.0,0.0,10.0,0.0
ref,OPG198,EBC-47073,48.0,,12.0,,133.0,,88.0,,0.0,,1.0,,0.0,,31.0,,0.0,,265.0,,265.0,88.0,133.0,0.0,31.0,0.0,1.0,12.0,0.0
ref,OPG198,EBC-47094,39.0,,5.0,,64.0,,125.0,,0.0,,0.0,,0.0,,10.0,,0.0,,204.0,,204.0,125.0,64.0,0.0,10.0,0.0,0.0,5.0,0.0
ref,OPG198,EBC-47103,,58.0,,0.0,,2.0,,4.0,,0.0,,0.0,,1.0,,0.0,,0.0,,7.0,-7.0,-4.0,-2.0,0.0,0.0,-1.0,0.0,0.0,0.0
ref,OPG198,EBC-47119,41.0,,0.0,,156.0,,108.0,,0.0,,2.0,,2.0,,11.0,,0.0,,279.0,,279.0,108.0,156.0,0.0,11.0,2.0,2.0,0.0,0.0
ref,OPG198,EBC-47377,,15.0,,0.0,,4.0,,8.0,,0.0,,0.0,,0.0,,1.0,,0.0,,13.0,-13.0,-8.0,-4.0,0.0,-1.0,0.0,0.0,0.0,0.0
ref,OPG198,EBC-48188,16.0,,0.0,,82.0,,120.0,,0.0,,0.0,,2.0,,15.0,,0.0,,219.0,,219.0,120.0,82.0,0.0,15.0,2.0,0.0,0.0,0.0
ref,OPG198,EBC-53021,38.0,,2.0,,74.0,,101.0,,0.0,,1.0,,0.0,,22.0,,0.0,,200.0,,200.0,101.0,74.0,0.0,22.0,0.0,1.0,2.0,0.0
ref,OPG198,EBC-58076,95.0,,2.0,,120.0,,105.0,,0.0,,1.0,,0.0,,23.0,,0.0,,251.0,,251.0,105.0,120.0,0.0,23.0,0.0,1.0,2.0,0.0
ref,OPG198,EBC-63089,6.0,,3.0,,143.0,,120.0,,0.0,,2.0,,0.0,,33.0,,0.0,,301.0,,301.0,120.0,143.0,0.0,33.0,0.0,2.0,3.0,0.0
ref,OPG198,EBC-71073,51.0,,0.0,,125.0,,141.0,,0.0,,1.0,,0.0,,18.0,,0.0,,285.0,,285.0,141.0,125.0,0.0,18.0,0.0,1.0,0.0,0.0
ref,OPG198,EBC-73021,,10.0,,1.0,,2.0,,8.0,,0.0,,0.0,,0.0,,1.0,,0.0,,12.0,-12.0,-8.0,-2.0,0.0,-1.0,0.0,0.0,-1.0,0.0
ref,OPG198,EBC-76208,,22.0,,0.0,,1.0,,5.0,,0.0,,0.0,,0.0,,0.0,,0.0,,6.0,-6.0,-5.0,-1.0,0.0,0.0,0.0,0.0,0.0,0.0
ref,OPG198,EBC-77052,,42.0,,0.0,,1.0,,1.0,,0.0,,0.0,,0.0,,0.0,,0.0,,2.0,-2.0,-1.0,-1.0,0.0,0.0,0.0,0.0,0.0,0.0
ref,OPG198,EBC-84050,13.0,,8.0,,101.0,,109.0,,0.0,,3.0,,1.0,,40.0,,0.0,,262.0,,262.0,109.0,101.0,0.0,40.0,1.0,3.0,8.0,0.0
ref,OPG198,EBC-99051,23.0,,1.0,,57.0,,83.0,,0.0,,2.0,,0.0,,23.0,,0.0,,166.0,,166.0,83.0,57.0,0.0,23.0,0.0,2.0,1.0,0.0
ref,OPG199,EBC-00539,,24.0,,0.0,,3.0,,3.0,,0.0,,0.0,,0.0,,0.0,,0.0,,6.0,-6.0,-3.0,-3.0,0.0,0.0,0.0,0.0,0.0,0.0
ref,OPG199,EBC-00541,,53.0,,0.0,,3.0,,2.0,,0.0,,0.0,,0.0,,0.0,,0.0,,5.0,-5.0,-2.0,-3.0,0.0,0.0,0.0,0.0,0.0,0.0
ref,OPG199,EBC-03088,,56.0,,0.0,,5.0,,3.0,,0.0,,0.0,,1.0,,0.0,,0.0,,9.0,-9.0,-3.0,-5.0,0.0,0.0,-1.0,0.0,0.0,0.0
ref,OPG199,EBC-03091,,73.0,,0.0,,6.0,,2.0,,0.0,,0.0,,0.0,,0.0,,0.0,,8.0,-8.0,-2.0,-6.0,0.0,0.0,0.0,0.0,0.0,0.0
ref,OPG199,EBC-03145,,71.0,,0.0,,2.0,,1.0,,0.0,,0.0,,0.0,,0.0,,0.0,,3.0,-3.0,-1.0,-2.0,0.0,0.0,0.0,0.0,0.0,0.0
ref,OPG199,EBC-03153,,40.0,,1.0,,5.0,,2.0,,0.0,,0.0,,1.0,,0.0,,0.0,,9.0,-9.0,-2.0,-5.0,0.0,0.0,-1.0,0.0,-1.0,0.0
ref,OPG199,EBC-03164,,55.0,,0.0,,3.0,,2.0,,0.0,,0.0,,0.0,,0.0,,0.0,,5.0,-5.0,-2.0,-3.0,0.0,0.0,0.0,0.0,0.0,0.0
ref,OPG199,EBC-03167,,47.0,,0.0,,3.0,,0.0,,0.0,,0.0,,0.0,,0.0,,0.0,,3.0,-3.0,0.0,-3.0,0.0,0.0,0.0,0.0,0.0,0.0
ref,OPG199,EBC-03196,,60.0,,0.0,,4.0,,3.0,,0.0,,0.0,,1.0,,0.0,,0.0,,8.0,-8.0,-3.0,-4.0,0.0,0.0,-1.0,0.0,0.0,0.0
ref,OPG199,EBC-03209,,76.0,,0.0,,4.0,,2.0,,0.0,,0.0,,0.0,,0.0,,0.0,,6.0,-6.0,-2.0,-4.0,0.0,0.0,0.0,0.0,0.0,0.0
ref,OPG199,EBC-03244,,86.0,,0.0,,4.0,,4.0,,0.0,,0.0,,0.0,,0.0,,0.0,,8.0,-8.0,-4.0,-4.0,0.0,0.0,0.0,0.0,0.0,0.0
ref,OPG199,EBC-03293,,57.0,,0.0,,3.0,,0.0,,0.0,,0.0,,0.0,,0.0,,0.0,,3.0,-3.0,0.0,-3.0,0.0,0.0,0.0,0.0,0.0,0.0
ref,OPG199,EBC-03294,,75.0,,0.0,,4.0,,3.0,,0.0,,0.0,,0.0,,0.0,,0.0,,7.0,-7.0,-3.0,-4.0,0.0,0.0,0.0,0.0,0.0,0.0
ref,OPG199,EBC-03334,,63.0,,0.0,,3.0,,2.0,,0.0,,0.0,,0.0,,1.0,,0.0,,6.0,-6.0,-2.0,-3.0,0.0,-1.0,0.0,0.0,0.0,0.0
ref,OPG199,EBC-03351,,14.0,,0.0,,4.0,,2.0,,0.0,,0.0,,0.0,,0.0,,0.0,,6.0,-6.0,-2.0,-4.0,0.0,0.0,0.0,0.0,0.0,0.0
ref,OPG199,EBC-03355,,39.0,,0.0,,3.0,,3.0,,0.0,,0.0,,1.0,,0.0,,0.0,,7.0,-7.0,-3.0,-3.0,0.0,0.0,-1.0,0.0,0.0,0.0
ref,OPG199,EBC-03359,,41.0,,0.0,,1.0,,2.0,,0.0,,0.0,,0.0,,0.0,,0.0,,3.0,-3.0,-2.0,-1.0,0.0,0.0,0.0,0.0,0.0,0.0
ref,OPG199,EBC-03372,,32.0,,0.0,,2.0,,4.0,,0.0,,0.0,,0.0,,0.0,,0.0,,6.0,-6.0,-4.0,-2.0,0.0,0.0,0.0,0.0,0.0,0.0
ref,OPG199,EBC-03374,,43.0,,0.0,,2.0,,0.0,,0.0,,0.0,,0.0,,0.0,,0.0,,2.0,-2.0,0.0,-2.0,0.0,0.0,0.0,0.0,0.0,0.0
ref,OPG199,EBC-03375,,84.0,,0.0,,2.0,,1.0,,0.0,,0.0,,0.0,,0.0,,0.0,,3.0,-3.0,-1.0,-2.0,0.0,0.0,0.0,0.0,0.0,0.0
ref,OPG199,EBC-03383,,8.0,,0.0,,4.0,,4.0,,0.0,,0.0,,0.0,,0.0,,0.0,,8.0,-8.0,-4.0,-4.0,0.0,0.0,0.0,0.0,0.0,0.0
ref,OPG199,EBC-03384,,45.0,,0.0,,3.0,,1.0,,0.0,,0.0,,0.0,,0.0,,0.0,,4.0,-4.0,-1.0,-3.0,0.0,0.0,0.0,0.0,0.0,0.0
ref,OPG199,EBC-03395,,68.0,,0.0,,2.0,,0.0,,0.0,,0.0,,0.0,,0.0,,0.0,,2.0,-2.0,0.0,-2.0,0.0,0.0,0.0,0.0,0.0,0.0
ref,OPG199,EBC-03399,,78.0,,0.0,,3.0,,3.0,,0.0,,0.0,,0.0,,0.0,,0.0,,6.0,-6.0,-3.0,-3.0,0.0,0.0,0.0,0.0,0.0,0.0
ref,OPG199,EBC-03537,,18.0,,0.0,,1.0,,4.0,,0.0,,0.0,,0.0,,0.0,,0.0,,5.0,-5.0,-4.0,-1.0,0.0,0.0,0.0,0.0,0.0,0.0
ref,OPG199,EBC-03594,,70.0,,0.0,,1.0,,2.0,,0.0,,0.0,,0.0,,0.0,,0.0,,3.0,-3.0,-2.0,-1.0,0.0,0.0,0.0,0.0,0.0,0.0
ref,OPG199,EBC-03672,,77.0,,0.0,,0.0,,2.0,,0.0,,0.0,,0.0,,0.0,,0.0,,2.0,-2.0,-2.0,0.0,0.0,0.0,0.0,0.0,0.0,0.0
ref,OPG199,EBC-03870,,97.0,,0.0,,3.0,,4.0,,0.0,,0.0,,0.0,,0.0,,0.0,,7.0,-7.0,-4.0,-3.0,0.0,0.0,0.0,0.0,0.0,0.0
ref,OPG199,EBC-04015,,81.0,,0.0,,2.0,,1.0,,0.0,,0.0,,0.0,,0.0,,0.0,,3.0,-3.0,-1.0,-2.0,0.0,0.0,0.0,0.0,0.0,0.0
ref,OPG199,EBC-04036,,25.0,,0.0,,2.0,,4.0,,0.0,,0.0,,0.0,,0.0,,0.0,,6.0,-6.0,-4.0,-2.0,0.0,0.0,0.0,0.0,0.0,0.0
ref,OPG199,EBC-04040,,33.0,,0.0,,2.0,,4.0,,0.0,,0.0,,0.0,,0.0,,0.0,,6.0,-6.0,-4.0,-2.0,0.0,0.0,0.0,0.0,0.0,0.0
ref,OPG199,EBC-04057,,69.0,,0.0,,2.0,,4.0,,0.0,,0.0,,0.0,,0.0,,0.0,,6.0,-6.0,-4.0,-2.0,0.0,0.0,0.0,0.0,0.0,0.0
ref,OPG199,EBC-04093,,29.0,,0.0,,2.0,,1.0,,0.0,,0.0,,0.0,,0.0,,0.0,,3.0,-3.0,-1.0,-2.0,0.0,0.0,0.0,0.0,0.0,0.0
ref,OPG199,EBC-04295,,94.0,,0.0,,3.0,,2.0,,0.0,,0.0,,0.0,,0.0,,0.0,,5.0,-5.0,-2.0,-3.0,0.0,0.0,0.0,0.0,0.0,0.0
ref,OPG199,EBC-04305,,67.0,,0.0,,8.0,,0.0,,0.0,,0.0,,0.0,,0.0,,0.0,,8.0,-8.0,0.0,-8.0,0.0,0.0,0.0,0.0,0.0,0.0
ref,OPG199,EBC-06188,,38.0,,0.0,,2.0,,1.0,,0.0,,0.0,,0.0,,0.0,,0.0,,3.0,-3.0,-1.0,-2.0,0.0,0.0,0.0,0.0,0.0,0.0
ref,OPG199,EBC-06351,,66.0,,0.0,,3.0,,5.0,,0.0,,0.0,,1.0,,0.0,,0.0,,9.0,-9.0,-5.0,-3.0,0.0,0.0,-1.0,0.0,0.0,0.0
ref,OPG199,EBC-06756,,20.0,,0.0,,3.0,,4.0,,0.0,,0.0,,1.0,,0.0,,0.0,,8.0,-8.0,-4.0,-3.0,0.0,0.0,-1.0,0.0,0.0,0.0
ref,OPG199,EBC-06798,,1.0,,0.0,,2.0,,10.0,,0.0,,0.0,,0.0,,0.0,,0.0,,12.0,-12.0,-10.0,-2.0,0.0,0.0,0.0,0.0,0.0,0.0
ref,OPG199,EBC-06802,,90.0,,0.0,,4.0,,7.0,,0.0,,0.0,,0.0,,0.0,,0.0,,11.0,-11.0,-7.0,-4.0,0.0,0.0,0.0,0.0,0.0,0.0
ref,OPG199,EBC-06844,,46.0,,0.0,,4.0,,4.0,,0.0,,0.0,,0.0,,0.0,,0.0,,8.0,-8.0,-4.0,-4.0,0.0,0.0,0.0,0.0,0.0,0.0
ref,OPG199,EBC-07141,,51.0,,0.0,,1.0,,5.0,,0.0,,0.0,,0.0,,0.0,,0.0,,6.0,-6.0,-5.0,-1.0,0.0,0.0,0.0,0.0,0.0,0.0
ref,OPG199,EBC-07180,,21.0,,1.0,,3.0,,6.0,,0.0,,0.0,,0.0,,1.0,,0.0,,11.0,-11.0,-6.0,-3.0,0.0,-1.0,0.0,0.0,-1.0,0.0
ref,OPG199,EBC-07414,,91.0,,0.0,,3.0,,8.0,,0.0,,0.0,,0.0,,0.0,,0.0,,11.0,-11.0,-8.0,-3.0,0.0,0.0,0.0,0.0,0.0,0.0
ref,OPG199,EBC-07497,,65.0,,0.0,,3.0,,4.0,,0.0,,0.0,,2.0,,0.0,,0.0,,9.0,-9.0,-4.0,-3.0,0.0,0.0,-2.0,0.0,0.0,0.0
ref,OPG199,EBC-07498,,10.0,,1.0,,3.0,,9.0,,0.0,,0.0,,0.0,,0.0,,0.0,,13.0,-13.0,-9.0,-3.0,0.0,0.0,0.0,0.0,-1.0,0.0
ref,OPG199,EBC-07499,,88.0,,1.0,,3.0,,6.0,,0.0,,0.0,,2.0,,0.0,,0.0,,12.0,-12.0,-6.0,-3.0,0.0,0.0,-2.0,0.0,-1.0,0.0
ref,OPG199,EBC-07500,,6.0,,0.0,,3.0,,4.0,,0.0,,0.0,,1.0,,0.0,,0.0,,8.0,-8.0,-4.0,-3.0,0.0,0.0,-1.0,0.0,0.0,0.0
ref,OPG199,EBC-07504,,4.0,,0.0,,3.0,,9.0,,0.0,,0.0,,0.0,,0.0,,0.0,,12.0,-12.0,-9.0,-3.0,0.0,0.0,0.0,0.0,0.0,0.0
ref,OPG199,EBC-07511,,9.0,,0.0,,3.0,,8.0,,0.0,,0.0,,0.0,,0.0,,0.0,,11.0,-11.0,-8.0,-3.0,0.0,0.0,0.0,0.0,0.0,0.0
ref,OPG199,EBC-07644,,61.0,,0.0,,4.0,,5.0,,0.0,,0.0,,1.0,,0.0,,0.0,,10.0,-10.0,-5.0,-4.0,0.0,0.0,-1.0,0.0,0.0,0.0
ref,OPG199,EBC-07647,,49.0,,0.0,,3.0,,2.0,,0.0,,0.0,,0.0,,1.0,,0.0,,6.0,-6.0,-2.0,-3.0,0.0,-1.0,0.0,0.0,0.0,0.0
ref,OPG199,EBC-07677,,13.0,,0.0,,5.0,,6.0,,0.0,,0.0,,2.0,,0.0,,0.0,,13.0,-13.0,-6.0,-5.0,0.0,0.0,-2.0,0.0,0.0,0.0
ref,OPG199,EBC-07767,,12.0,,1.0,,2.0,,4.0,,0.0,,0.0,,1.0,,0.0,,0.0,,8.0,-8.0,-4.0,-2.0,0.0,0.0,-1.0,0.0,-1.0,0.0
ref,OPG199,EBC-08023,,83.0,,0.0,,6.0,,1.0,,0.0,,0.0,,0.0,,0.0,,0.0,,7.0,-7.0,-1.0,-6.0,0.0,0.0,0.0,0.0,0.0,0.0
ref,OPG199,EBC-08227,,27.0,,0.0,,5.0,,5.0,,0.0,,0.0,,0.0,,0.0,,0.0,,10.0,-10.0,-5.0,-5.0,0.0,0.0,0.0,0.0,0.0,0.0
ref,OPG199,EBC-08307,,17.0,,0.0,,4.0,,6.0,,0.0,,0.0,,0.0,,0.0,,0.0,,10.0,-10.0,-6.0,-4.0,0.0,0.0,0.0,0.0,0.0,0.0
ref,OPG199,EBC-08322,,48.0,,0.0,,4.0,,2.0,,0.0,,0.0,,0.0,,0.0,,0.0,,6.0,-6.0,-2.0,-4.0,0.0,0.0,0.0,0.0,0.0,0.0
ref,OPG199,EBC-08557,,95.0,,0.0,,3.0,,0.0,,0.0,,0.0,,0.0,,2.0,,0.0,,5.0,-5.0,0.0,-3.0,0.0,-2.0,0.0,0.0,0.0,0.0
ref,OPG199,EBC-08710,,23.0,,0.0,,3.0,,9.0,,0.0,,0.0,,0.0,,0.0,,0.0,,12.0,-12.0,-9.0,-3.0,0.0,0.0,0.0,0.0,0.0,0.0
ref,OPG199,EBC-08740,,3.0,,0.0,,4.0,,3.0,,0.0,,0.0,,0.0,,0.0,,0.0,,7.0,-7.0,-3.0,-4.0,0.0,0.0,0.0,0.0,0.0,0.0
ref,OPG199,EBC-08753,,82.0,,0.0,,3.0,,3.0,,0.0,,0.0,,0.0,,0.0,,0.0,,6.0,-6.0,-3.0,-3.0,0.0,0.0,0.0,0.0,0.0,0.0
ref,OPG199,EBC-09022,,22.0,,0.0,,3.0,,10.0,,0.0,,0.0,,0.0,,0.0,,0.0,,13.0,-13.0,-10.0,-3.0,0.0,0.0,0.0,0.0,0.0,0.0
ref,OPG199,EBC-09028,,5.0,,0.0,,3.0,,5.0,,0.0,,0.0,,1.0,,0.0,,0.0,,9.0,-9.0,-5.0,-3.0,0.0,0.0,-1.0,0.0,0.0,0.0
ref,OPG199,EBC-09202,,59.0,,0.0,,4.0,,5.0,,0.0,,0.0,,0.0,,0.0,,0.0,,9.0,-9.0,-5.0,-4.0,0.0,0.0,0.0,0.0,0.0,0.0
ref,OPG199,EBC-11226,,96.0,,0.0,,3.0,,0.0,,0.0,,0.0,,0.0,,2.0,,0.0,,5.0,-5.0,0.0,-3.0,0.0,-2.0,0.0,0.0,0.0,0.0
ref,OPG199,EBC-118037,,98.0,,0.0,,3.0,,4.0,,0.0,,0.0,,0.0,,0.0,,0.0,,7.0,-7.0,-4.0,-3.0,0.0,0.0,0.0,0.0,0.0,0.0
ref,OPG199,EBC-12579,,30.0,,1.0,,3.0,,2.0,,0.0,,0.0,,1.0,,0.0,,0.0,,7.0,-7.0,-2.0,-3.0,0.0,0.0,-1.0,0.0,-1.0,0.0
ref,OPG199,EBC-12821,,87.0,,0.0,,2.0,,4.0,,0.0,,0.0,,0.0,,0.0,,0.0,,6.0,-6.0,-4.0,-2.0,0.0,0.0,0.0,0.0,0.0,0.0
ref,OPG199,EBC-12884,,34.0,,0.0,,1.0,,1.0,,0.0,,0.0,,0.0,,0.0,,0.0,,2.0,-2.0,-1.0,-1.0,0.0,0.0,0.0,0.0,0.0,0.0
ref,OPG199,EBC-13169,,74.0,,0.0,,5.0,,0.0,,0.0,,0.0,,0.0,,2.0,,0.0,,7.0,-7.0,0.0,-5.0,0.0,-2.0,0.0,0.0,0.0,0.0
ref,OPG199,EBC-13402,,52.0,,0.0,,4.0,,2.0,,0.0,,0.0,,0.0,,0.0,,0.0,,6.0,-6.0,-2.0,-4.0,0.0,0.0,0.0,0.0,0.0,0.0
ref,OPG199,EBC-14506,,16.0,,0.0,,5.0,,0.0,,3.0,,0.0,,0.0,,1.0,,0.0,,9.0,-9.0,0.0,-5.0,0.0,-1.0,0.0,0.0,0.0,-3.0
ref,OPG199,EBC-149098,,42.0,,0.0,,1.0,,5.0,,0.0,,0.0,,0.0,,0.0,,0.0,,6.0,-6.0,-5.0,-1.0,0.0,0.0,0.0,0.0,0.0,0.0
ref,OPG199,EBC-152313,,64.0,,0.0,,2.0,,2.0,,0.0,,0.0,,0.0,,0.0,,0.0,,4.0,-4.0,-2.0,-2.0,0.0,0.0,0.0,0.0,0.0,0.0
ref,OPG199,EBC-153080,,28.0,,0.0,,2.0,,4.0,,0.0,,0.0,,0.0,,0.0,,0.0,,6.0,-6.0,-4.0,-2.0,0.0,0.0,0.0,0.0,0.0,0.0
ref,OPG199,EBC-157208,,19.0,,1.0,,3.0,,5.0,,0.0,,0.0,,0.0,,0.0,,0.0,,9.0,-9.0,-5.0,-3.0,0.0,0.0,0.0,0.0,-1.0,0.0
ref,OPG199,EBC-159031,,36.0,,0.0,,3.0,,8.0,,0.0,,0.0,,0.0,,0.0,,0.0,,11.0,-11.0,-8.0,-3.0,0.0,0.0,0.0,0.0,0.0,0.0
ref,OPG199,EBC-252090,,7.0,,0.0,,2.0,,6.0,,0.0,,0.0,,2.0,,0.0,,0.0,,10.0,-10.0,-6.0,-2.0,0.0,0.0,-2.0,0.0,0.0,0.0
ref,OPG199,EBC-253331,,50.0,,0.0,,5.0,,6.0,,0.0,,0.0,,0.0,,0.0,,0.0,,11.0,-11.0,-6.0,-5.0,0.0,0.0,0.0,0.0,0.0,0.0
ref,OPG199,EBC-272054,,85.0,,0.0,,3.0,,7.0,,0.0,,0.0,,0.0,,0.0,,0.0,,10.0,-10.0,-7.0,-3.0,0.0,0.0,0.0,0.0,0.0,0.0
ref,OPG199,EBC-273041,,79.0,,0.0,,6.0,,4.0,,0.0,,0.0,,0.0,,0.0,,0.0,,10.0,-10.0,-4.0,-6.0,0.0,0.0,0.0,0.0,0.0,0.0
ref,OPG199,EBC-274041,,92.0,,0.0,,2.0,,6.0,,0.0,,0.0,,1.0,,0.0,,0.0,,9.0,-9.0,-6.0,-2.0,0.0,0.0,-1.0,0.0,0.0,0.0
ref,OPG199,EBC-280050,,80.0,,0.0,,3.0,,4.0,,2.0,,0.0,,0.0,,0.0,,0.0,,9.0,-9.0,-4.0,-3.0,0.0,0.0,0.0,0.0,0.0,-2.0
ref,OPG199,EBC-28059,,93.0,,0.0,,6.0,,9.0,,0.0,,0.0,,1.0,,0.0,,0.0,,16.0,-16.0,-9.0,-6.0,0.0,0.0,-1.0,0.0,0.0,0.0
ref,OPG199,EBC-289063,,89.0,,0.0,,2.0,,0.0,,0.0,,0.0,,0.0,,0.0,,0.0,,2.0,-2.0,0.0,-2.0,0.0,0.0,0.0,0.0,0.0,0.0
ref,OPG199,EBC-30021,,100.0,,0.0,,5.0,,0.0,,0.0,,0.0,,0.0,,1.0,,0.0,,6.0,-6.0,0.0,-5.0,0.0,-1.0,0.0,0.0,0.0,0.0
ref,OPG199,EBC-306045,,62.0,,0.0,,5.0,,5.0,,0.0,,0.0,,0.0,,0.0,,0.0,,10.0,-10.0,-5.0,-5.0,0.0,0.0,0.0,0.0,0.0,0.0
ref,OPG199,EBC-331062,,2.0,,0.0,,2.0,,14.0,,0.0,,0.0,,3.0,,0.0,,0.0,,19.0,-19.0,-14.0,-2.0,0.0,0.0,-3.0,0.0,0.0,0.0
ref,OPG199,EBC-348059,,35.0,,1.0,,2.0,,3.0,,0.0,,0.0,,1.0,,0.0,,0.0,,7.0,-7.0,-3.0,-2.0,0.0,0.0,-1.0,0.0,-1.0,0.0
ref,OPG199,EBC-365075,,31.0,,0.0,,3.0,,0.0,,0.0,,0.0,,0.0,,0.0,,0.0,,3.0,-3.0,0.0,-3.0,0.0,0.0,0.0,0.0,0.0,0.0
ref,OPG199,EBC-46264,,54.0,,0.0,,1.0,,5.0,,0.0,,0.0,,0.0,,0.0,,0.0,,6.0,-6.0,-5.0,-1.0,0.0,0.0,0.0,0.0,0.0,0.0
ref,OPG199,EBC-46265,,44.0,,0.0,,1.0,,5.0,,0.0,,0.0,,0.0,,0.0,,0.0,,6.0,-6.0,-5.0,-1.0,0.0,0.0,0.0,0.0,0.0,0.0
ref,OPG199,EBC-47106,,26.0,,0.0,,9.0,,10.0,,0.0,,0.0,,0.0,,0.0,,0.0,,19.0,-19.0,-10.0,-9.0,0.0,0.0,0.0,0.0,0.0,0.0
ref,OPG199,EBC-47179,,58.0,,0.0,,3.0,,1.0,,0.0,,0.0,,0.0,,0.0,,0.0,,4.0,-4.0,-1.0,-3.0,0.0,0.0,0.0,0.0,0.0,0.0
ref,OPG199,EBC-47241,,99.0,,1.0,,3.0,,3.0,,0.0,,0.0,,0.0,,0.0,,0.0,,7.0,-7.0,-3.0,-3.0,0.0,0.0,0.0,0.0,-1.0,0.0
ref,OPG199,EBC-53051,,37.0,,0.0,,0.0,,3.0,,0.0,,0.0,,1.0,,0.0,,0.0,,4.0,-4.0,-3.0,0.0,0.0,0.0,-1.0,0.0,0.0,0.0
ref,OPG199,EBC-54045,,72.0,,1.0,,5.0,,3.0,,0.0,,0.0,,0.0,,0.0,,0.0,,9.0,-9.0,-3.0,-5.0,0.0,0.0,0.0,0.0,-1.0,0.0
ref,OPG199,EBC-63078,,15.0,,0.0,,3.0,,8.0,,0.0,,0.0,,2.0,,0.0,,0.0,,13.0,-13.0,-8.0,-3.0,0.0,0.0,-2.0,0.0,0.0,0.0
ref,OPG199,EBC-66048,,11.0,,0.0,,4.0,,4.0,,0.0,,0.0,,0.0,,0.0,,0.0,,8.0,-8.0,-4.0,-4.0,0.0,0.0,0.0,0.0,0.0,0.0
sudan,OPG027,EBC-00527,,42.0,,0.0,,2.0,,1.0,,0.0,,0.0,,0.0,,1.0,,0.0,,4.0,-4.0,-1.0,-2.0,0.0,-1.0,0.0,0.0,0.0,0.0
sudan,OPG027,EBC-00606,,29.0,,0.0,,2.0,,3.0,,0.0,,0.0,,0.0,,0.0,,0.0,,5.0,-5.0,-3.0,-2.0,0.0,0.0,0.0,0.0,0.0,0.0
sudan,OPG027,EBC-00645,56.0,,9.0,,43.0,,96.0,,0.0,,2.0,,2.0,,4.0,,0.0,,156.0,,156.0,96.0,43.0,0.0,4.0,2.0,2.0,9.0,0.0
sudan,OPG027,EBC-00649,53.0,,9.0,,35.0,,97.0,,0.0,,1.0,,1.0,,5.0,,0.0,,148.0,,148.0,97.0,35.0,0.0,5.0,1.0,1.0,9.0,0.0
sudan,OPG027,EBC-00711,62.0,,0.0,,19.0,,142.0,,0.0,,0.0,,0.0,,5.0,,0.0,,166.0,,166.0,142.0,19.0,0.0,5.0,0.0,0.0,0.0,0.0
sudan,OPG027,EBC-00713,,76.0,,0.0,,2.0,,3.0,,0.0,,0.0,,0.0,,0.0,,0.0,,5.0,-5.0,-3.0,-2.0,0.0,0.0,0.0,0.0,0.0,0.0
sudan,OPG027,EBC-02079,64.0,,0.0,,58.0,,94.0,,0.0,,0.0,,0.0,,17.0,,0.0,,169.0,,169.0,94.0,58.0,0.0,17.0,0.0,0.0,0.0,0.0
sudan,OPG027,EBC-03043,,23.0,,0.0,,1.0,,0.0,,0.0,,1.0,,0.0,,0.0,,0.0,,2.0,-2.0,0.0,-1.0,0.0,0.0,0.0,-1.0,0.0,0.0
sudan,OPG027,EBC-03068,,10.0,,0.0,,2.0,,3.0,,0.0,,0.0,,0.0,,0.0,,0.0,,5.0,-5.0,-3.0,-2.0,0.0,0.0,0.0,0.0,0.0,0.0
sudan,OPG027,EBC-03080,,1.0,,0.0,,2.0,,2.0,,0.0,,0.0,,0.0,,0.0,,0.0,,4.0,-4.0,-2.0,-2.0,0.0,0.0,0.0,0.0,0.0,0.0
sudan,OPG027,EBC-03107,,50.0,,0.0,,1.0,,3.0,,0.0,,0.0,,0.0,,0.0,,0.0,,4.0,-4.0,-3.0,-1.0,0.0,0.0,0.0,0.0,0.0,0.0
sudan,OPG027,EBC-03137,,36.0,,0.0,,1.0,,3.0,,0.0,,0.0,,0.0,,0.0,,0.0,,4.0,-4.0,-3.0,-1.0,0.0,0.0,0.0,0.0,0.0,0.0
sudan,OPG027,EBC-03141,,49.0,,0.0,,1.0,,3.0,,0.0,,0.0,,0.0,,0.0,,0.0,,4.0,-4.0,-3.0,-1.0,0.0,0.0,0.0,0.0,0.0,0.0
sudan,OPG027,EBC-03144,,5.0,,0.0,,4.0,,3.0,,0.0,,0.0,,0.0,,0.0,,0.0,,7.0,-7.0,-3.0,-4.0,0.0,0.0,0.0,0.0,0.0,0.0
sudan,OPG027,EBC-03154,,34.0,,0.0,,3.0,,3.0,,0.0,,0.0,,0.0,,0.0,,0.0,,6.0,-6.0,-3.0,-3.0,0.0,0.0,0.0,0.0,0.0,0.0
sudan,OPG027,EBC-03162,,99.0,,0.0,,3.0,,0.0,,0.0,,0.0,,0.0,,0.0,,0.0,,3.0,-3.0,0.0,-3.0,0.0,0.0,0.0,0.0,0.0,0.0
sudan,OPG027,EBC-03163,,4.0,,0.0,,2.0,,2.0,,0.0,,0.0,,0.0,,0.0,,0.0,,4.0,-4.0,-2.0,-2.0,0.0,0.0,0.0,0.0,0.0,0.0
sudan,OPG027,EBC-03164,,43.0,,0.0,,1.0,,2.0,,0.0,,0.0,,0.0,,0.0,,0.0,,3.0,-3.0,-2.0,-1.0,0.0,0.0,0.0,0.0,0.0,0.0
sudan,OPG027,EBC-03177,,98.0,,0.0,,1.0,,3.0,,0.0,,0.0,,0.0,,0.0,,0.0,,4.0,-4.0,-3.0,-1.0,0.0,0.0,0.0,0.0,0.0,0.0
sudan,OPG027,EBC-03209,,16.0,,0.0,,2.0,,2.0,,0.0,,0.0,,0.0,,0.0,,0.0,,4.0,-4.0,-2.0,-2.0,0.0,0.0,0.0,0.0,0.0,0.0
sudan,OPG027,EBC-03215,,40.0,,0.0,,1.0,,1.0,,0.0,,0.0,,0.0,,0.0,,0.0,,2.0,-2.0,-1.0,-1.0,0.0,0.0,0.0,0.0,0.0,0.0
sudan,OPG027,EBC-03229,,15.0,,0.0,,3.0,,1.0,,0.0,,0.0,,0.0,,0.0,,0.0,,4.0,-4.0,-1.0,-3.0,0.0,0.0,0.0,0.0,0.0,0.0
sudan,OPG027,EBC-03244,,2.0,,0.0,,2.0,,2.0,,0.0,,0.0,,0.0,,0.0,,0.0,,4.0,-4.0,-2.0,-2.0,0.0,0.0,0.0,0.0,0.0,0.0
sudan,OPG027,EBC-03270,,72.0,,0.0,,3.0,,3.0,,0.0,,0.0,,0.0,,0.0,,0.0,,6.0,-6.0,-3.0,-3.0,0.0,0.0,0.0,0.0,0.0,0.0
sudan,OPG027,EBC-03271,,86.0,,0.0,,0.0,,1.0,,0.0,,0.0,,0.0,,0.0,,0.0,,1.0,-1.0,-1.0,0.0,0.0,0.0,0.0,0.0,0.0,0.0
sudan,OPG027,EBC-03367,,20.0,,0.0,,3.0,,1.0,,0.0,,0.0,,0.0,,0.0,,0.0,,4.0,-4.0,-1.0,-3.0,0.0,0.0,0.0,0.0,0.0,0.0
sudan,OPG027,EBC-03375,,37.0,,0.0,,1.0,,4.0,,0.0,,0.0,,0.0,,0.0,,0.0,,5.0,-5.0,-4.0,-1.0,0.0,0.0,0.0,0.0,0.0,0.0
sudan,OPG027,EBC-03563,,38.0,,0.0,,2.0,,0.0,,0.0,,0.0,,0.0,,0.0,,0.0,,2.0,-2.0,0.0,-2.0,0.0,0.0,0.0,0.0,0.0,0.0
sudan,OPG027,EBC-03838,10.0,,0.0,,21.0,,136.0,,0.0,,1.0,,0.0,,1.0,,0.0,,159.0,,159.0,136.0,21.0,0.0,1.0,0.0,1.0,0.0,0.0
sudan,OPG027,EBC-03839,57.0,,0.0,,48.0,,117.0,,0.0,,1.0,,1.0,,1.0,,0.0,,168.0,,168.0,117.0,48.0,0.0,1.0,1.0,1.0,0.0,0.0
sudan,OPG027,EBC-03852,44.0,,0.0,,40.0,,140.0,,0.0,,0.0,,2.0,,0.0,,0.0,,182.0,,182.0,140.0,40.0,0.0,0.0,2.0,0.0,0.0,0.0
sudan,OPG027,EBC-03865,16.0,,0.0,,22.0,,172.0,,0.0,,0.0,,0.0,,0.0,,0.0,,194.0,,194.0,172.0,22.0,0.0,0.0,0.0,0.0,0.0,0.0
sudan,OPG027,EBC-03989,,32.0,,0.0,,3.0,,2.0,,0.0,,0.0,,0.0,,1.0,,0.0,,6.0,-6.0,-2.0,-3.0,0.0,-1.0,0.0,0.0,0.0,0.0
sudan,OPG027,EBC-04039,,73.0,,0.0,,3.0,,4.0,,0.0,,0.0,,0.0,,0.0,,0.0,,7.0,-7.0,-4.0,-3.0,0.0,0.0,0.0,0.0,0.0,0.0
sudan,OPG027,EBC-04055,,77.0,,0.0,,3.0,,2.0,,0.0,,0.0,,0.0,,0.0,,0.0,,5.0,-5.0,-2.0,-3.0,0.0,0.0,0.0,0.0,0.0,0.0
sudan,OPG027,EBC-04100,,19.0,,0.0,,1.0,,4.0,,0.0,,0.0,,0.0,,0.0,,0.0,,5.0,-5.0,-4.0,-1.0,0.0,0.0,0.0,0.0,0.0,0.0
sudan,OPG027,EBC-04193,,30.0,,0.0,,2.0,,5.0,,0.0,,0.0,,0.0,,2.0,,0.0,,9.0,-9.0,-5.0,-2.0,0.0,-2.0,0.0,0.0,0.0,0.0
sudan,OPG027,EBC-04258,,83.0,,0.0,,0.0,,0.0,,0.0,,1.0,,0.0,,0.0,,0.0,,1.0,-1.0,0.0,0.0,0.0,0.0,0.0,-1.0,0.0,0.0
sudan,OPG027,EBC-04299,,88.0,,0.0,,2.0,,3.0,,0.0,,0.0,,0.0,,0.0,,0.0,,5.0,-5.0,-3.0,-2.0,0.0,0.0,0.0,0.0,0.0,0.0
sudan,OPG027,EBC-04358,,62.0,,0.0,,0.0,,0.0,,0.0,,1.0,,0.0,,0.0,,0.0,,1.0,-1.0,0.0,0.0,0.0,0.0,0.0,-1.0,0.0,0.0
sudan,OPG027,EBC-04373,,85.0,,0.0,,0.0,,0.0,,0.0,,0.0,,0.0,,1.0,,0.0,,1.0,-1.0,0.0,0.0,0.0,-1.0,0.0,0.0,0.0,0.0
sudan,OPG027,EBC-06061,65.0,,0.0,,75.0,,80.0,,0.0,,1.0,,1.0,,23.0,,0.0,,180.0,,180.0,80.0,75.0,0.0,23.0,1.0,1.0,0.0,0.0
sudan,OPG027,EBC-06111,8.0,,0.0,,29.0,,119.0,,0.0,,0.0,,0.0,,1.0,,0.0,,149.0,,149.0,119.0,29.0,0.0,1.0,0.0,0.0,0.0,0.0
sudan,OPG027,EBC-06154,,25.0,,0.0,,3.0,,1.0,,0.0,,0.0,,0.0,,0.0,,0.0,,4.0,-4.0,-1.0,-3.0,0.0,0.0,0.0,0.0,0.0,0.0
sudan,OPG027,EBC-06163,,33.0,,0.0,,3.0,,1.0,,0.0,,0.0,,0.0,,0.0,,0.0,,4.0,-4.0,-1.0,-3.0,0.0,0.0,0.0,0.0,0.0,0.0
sudan,OPG027,EBC-06214,,92.0,,0.0,,2.0,,5.0,,0.0,,0.0,,0.0,,0.0,,0.0,,7.0,-7.0,-5.0,-2.0,0.0,0.0,0.0,0.0,0.0,0.0
sudan,OPG027,EBC-06263,,57.0,,0.0,,2.0,,0.0,,0.0,,0.0,,0.0,,0.0,,0.0,,2.0,-2.0,0.0,-2.0,0.0,0.0,0.0,0.0,0.0,0.0
sudan,OPG027,EBC-06295,,44.0,,0.0,,1.0,,4.0,,0.0,,0.0,,0.0,,0.0,,0.0,,5.0,-5.0,-4.0,-1.0,0.0,0.0,0.0,0.0,0.0,0.0
sudan,OPG027,EBC-06296,,65.0,,0.0,,1.0,,2.0,,0.0,,0.0,,0.0,,0.0,,0.0,,3.0,-3.0,-2.0,-1.0,0.0,0.0,0.0,0.0,0.0,0.0
sudan,OPG027,EBC-06623,,14.0,,0.0,,4.0,,4.0,,0.0,,0.0,,0.0,,0.0,,0.0,,8.0,-8.0,-4.0,-4.0,0.0,0.0,0.0,0.0,0.0,0.0
sudan,OPG027,EBC-06648,,6.0,,0.0,,3.0,,0.0,,0.0,,0.0,,2.0,,0.0,,0.0,,5.0,-5.0,0.0,-3.0,0.0,0.0,-2.0,0.0,0.0,0.0
sudan,OPG027,EBC-06755,,54.0,,0.0,,2.0,,6.0,,0.0,,1.0,,0.0,,0.0,,0.0,,9.0,-9.0,-6.0,-2.0,0.0,0.0,0.0,-1.0,0.0,0.0
sudan,OPG027,EBC-06762,,3.0,,0.0,,2.0,,4.0,,0.0,,0.0,,0.0,,0.0,,0.0,,6.0,-6.0,-4.0,-2.0,0.0,0.0,0.0,0.0,0.0,0.0
sudan,OPG027,EBC-06903,40.0,,0.0,,59.0,,144.0,,0.0,,1.0,,1.0,,6.0,,0.0,,211.0,,211.0,144.0,59.0,0.0,6.0,1.0,1.0,0.0,0.0
sudan,OPG027,EBC-06974,,93.0,,0.0,,3.0,,2.0,,0.0,,0.0,,0.0,,0.0,,0.0,,5.0,-5.0,-2.0,-3.0,0.0,0.0,0.0,0.0,0.0,0.0
sudan,OPG027,EBC-07037,78.0,,0.0,,29.0,,156.0,,0.0,,0.0,,1.0,,2.0,,0.0,,188.0,,188.0,156.0,29.0,0.0,2.0,1.0,0.0,0.0,0.0
sudan,OPG027,EBC-07144,,21.0,,0.0,,2.0,,1.0,,0.0,,0.0,,0.0,,0.0,,0.0,,3.0,-3.0,-1.0,-2.0,0.0,0.0,0.0,0.0,0.0,0.0
sudan,OPG027,EBC-07249,34.0,,0.0,,32.0,,122.0,,0.0,,0.0,,2.0,,5.0,,0.0,,161.0,,161.0,122.0,32.0,0.0,5.0,2.0,0.0,0.0,0.0
sudan,OPG027,EBC-07250,36.0,,0.0,,21.0,,151.0,,0.0,,1.0,,3.0,,0.0,,0.0,,176.0,,176.0,151.0,21.0,0.0,0.0,3.0,1.0,0.0,0.0
sudan,OPG027,EBC-07301,89.0,,0.0,,13.0,,154.0,,0.0,,0.0,,5.0,,3.0,,0.0,,175.0,,175.0,154.0,13.0,0.0,3.0,5.0,0.0,0.0,0.0
sudan,OPG027,EBC-07421,73.0,,3.0,,39.0,,118.0,,0.0,,1.0,,0.0,,5.0,,0.0,,166.0,,166.0,118.0,39.0,0.0,5.0,0.0,1.0,3.0,0.0
sudan,OPG027,EBC-07462,46.0,,0.0,,52.0,,132.0,,0.0,,3.0,,5.0,,4.0,,0.0,,196.0,,196.0,132.0,52.0,0.0,4.0,5.0,3.0,0.0,0.0
sudan,OPG027,EBC-07528,58.0,,0.0,,18.0,,163.0,,0.0,,1.0,,2.0,,1.0,,0.0,,185.0,,185.0,163.0,18.0,0.0,1.0,2.0,1.0,0.0,0.0
sudan,OPG027,EBC-07543,,22.0,,0.0,,2.0,,2.0,,0.0,,0.0,,0.0,,0.0,,0.0,,4.0,-4.0,-2.0,-2.0,0.0,0.0,0.0,0.0,0.0,0.0
sudan,OPG027,EBC-07557,68.0,,0.0,,64.0,,115.0,,0.0,,0.0,,2.0,,5.0,,0.0,,186.0,,186.0,115.0,64.0,0.0,5.0,2.0,0.0,0.0,0.0
sudan,OPG027,EBC-07666,,58.0,,0.0,,3.0,,5.0,,0.0,,0.0,,2.0,,0.0,,0.0,,10.0,-10.0,-5.0,-3.0,0.0,0.0,-2.0,0.0,0.0,0.0
sudan,OPG027,EBC-07667,,67.0,,0.0,,3.0,,3.0,,0.0,,0.0,,2.0,,0.0,,0.0,,8.0,-8.0,-3.0,-3.0,0.0,0.0,-2.0,0.0,0.0,0.0
sudan,OPG027,EBC-07670,20.0,,0.0,,57.0,,142.0,,0.0,,0.0,,2.0,,3.0,,0.0,,204.0,,204.0,142.0,57.0,0.0,3.0,2.0,0.0,0.0,0.0
sudan,OPG027,EBC-07672,,27.0,,0.0,,3.0,,3.0,,0.0,,0.0,,2.0,,0.0,,0.0,,8.0,-8.0,-3.0,-3.0,0.0,0.0,-2.0,0.0,0.0,0.0
sudan,OPG027,EBC-07683,93.0,,0.0,,32.0,,179.0,,0.0,,0.0,,0.0,,2.0,,0.0,,213.0,,213.0,179.0,32.0,0.0,2.0,0.0,0.0,0.0,0.0
sudan,OPG027,EBC-07707,,24.0,,0.0,,3.0,,5.0,,0.0,,0.0,,0.0,,0.0,,0.0,,8.0,-8.0,-5.0,-3.0,0.0,0.0,0.0,0.0,0.0,0.0
sudan,OPG027,EBC-07973,98.0,,10.0,,79.0,,113.0,,0.0,,0.0,,3.0,,8.0,,0.0,,213.0,,213.0,113.0,79.0,0.0,8.0,3.0,0.0,10.0,0.0
sudan,OPG027,EBC-08038,,80.0,,0.0,,1.0,,2.0,,0.0,,0.0,,2.0,,0.0,,0.0,,5.0,-5.0,-2.0,-1.0,0.0,0.0,-2.0,0.0,0.0,0.0
sudan,OPG027,EBC-08125,,48.0,,0.0,,2.0,,5.0,,0.0,,0.0,,0.0,,0.0,,0.0,,7.0,-7.0,-5.0,-2.0,0.0,0.0,0.0,0.0,0.0,0.0
sudan,OPG027,EBC-08254,,31.0,,0.0,,2.0,,3.0,,0.0,,0.0,,0.0,,0.0,,0.0,,5.0,-5.0,-3.0,-2.0,0.0,0.0,0.0,0.0,0.0,0.0
sudan,OPG027,EBC-08302,,17.0,,0.0,,2.0,,3.0,,0.0,,0.0,,0.0,,0.0,,0.0,,5.0,-5.0,-3.0,-2.0,0.0,0.0,0.0,0.0,0.0,0.0
sudan,OPG027,EBC-08376,,97.0,,0.0,,0.0,,3.0,,0.0,,0.0,,0.0,,0.0,,0.0,,3.0,-3.0,-3.0,0.0,0.0,0.0,0.0,0.0,0.0,0.0
sudan,OPG027,EBC-08457,,89.0,,0.0,,3.0,,2.0,,0.0,,0.0,,1.0,,0.0,,0.0,,6.0,-6.0,-2.0,-3.0,0.0,0.0,-1.0,0.0,0.0,0.0
sudan,OPG027,EBC-08513,,39.0,,0.0,,5.0,,1.0,,0.0,,0.0,,0.0,,0.0,,0.0,,6.0,-6.0,-1.0,-5.0,0.0,0.0,0.0,0.0,0.0,0.0
sudan,OPG027,EBC-08537,92.0,,0.0,,74.0,,122.0,,0.0,,0.0,,0.0,,5.0,,0.0,,201.0,,201.0,122.0,74.0,0.0,5.0,0.0,0.0,0.0,0.0
sudan,OPG027,EBC-08587,30.0,,0.0,,34.0,,98.0,,0.0,,2.0,,0.0,,0.0,,0.0,,134.0,,134.0,98.0,34.0,0.0,0.0,0.0,2.0,0.0,0.0
sudan,OPG027,EBC-08651,,66.0,,0.0,,5.0,,3.0,,0.0,,0.0,,0.0,,0.0,,0.0,,8.0,-8.0,-3.0,-5.0,0.0,0.0,0.0,0.0,0.0,0.0
sudan,OPG027,EBC-08667,,71.0,,0.0,,3.0,,3.0,,0.0,,0.0,,2.0,,0.0,,0.0,,8.0,-8.0,-3.0,-3.0,0.0,0.0,-2.0,0.0,0.0,0.0
sudan,OPG027,EBC-08787,32.0,,0.0,,41.0,,179.0,,0.0,,2.0,,2.0,,5.0,,0.0,,229.0,,229.0,179.0,41.0,0.0,5.0,2.0,2.0,0.0,0.0
sudan,OPG027,EBC-08788,22.0,,0.0,,50.0,,158.0,,0.0,,1.0,,0.0,,2.0,,0.0,,211.0,,211.0,158.0,50.0,0.0,2.0,0.0,1.0,0.0,0.0
sudan,OPG027,EBC-08908,33.0,,1.0,,82.0,,113.0,,0.0,,0.0,,1.0,,4.0,,0.0,,201.0,,201.0,113.0,82.0,0.0,4.0,1.0,0.0,1.0,0.0
sudan,OPG027,EBC-08915,17.0,,0.0,,44.0,,173.0,,0.0,,2.0,,2.0,,5.0,,0.0,,226.0,,226.0,173.0,44.0,0.0,5.0,2.0,2.0,0.0,0.0
sudan,OPG027,EBC-09015,,41.0,,0.0,,2.0,,1.0,,0.0,,0.0,,0.0,,0.0,,0.0,,3.0,-3.0,-1.0,-2.0,0.0,0.0,0.0,0.0,0.0,0.0
sudan,OPG027,EBC-09085,79.0,,0.0,,55.0,,116.0,,0.0,,2.0,,3.0,,14.0,,0.0,,190.0,,190.0,116.0,55.0,0.0,14.0,3.0,2.0,0.0,0.0
sudan,OPG027,EBC-09186,41.0,8.0,0.0,0.0,59.0,2.0,92.0,5.0,0.0,0.0,0.0,0.0,0.0,2.0,5.0,1.0,0.0,0.0,156.0,10.0,146.0,87.0,57.0,0.0,4.0,-2.0,0.0,0.0,0.0
sudan,OPG027,EBC-11029,59.0,,0.0,,108.0,,134.0,,0.0,,5.0,,1.0,,17.0,,0.0,,265.0,,265.0,134.0,108.0,0.0,17.0,1.0,5.0,0.0,0.0
sudan,OPG027,EBC-11041,39.0,,0.0,,82.0,,97.0,,0.0,,0.0,,1.0,,4.0,,0.0,,184.0,,184.0,97.0,82.0,0.0,4.0,1.0,0.0,0.0,0.0
sudan,OPG027,EBC-11069,29.0,,0.0,,75.0,,139.0,,0.0,,1.0,,2.0,,6.0,,0.0,,223.0,,223.0,139.0,75.0,0.0,6.0,2.0,1.0,0.0,0.0
sudan,OPG027,EBC-11281,13.0,,17.0,,30.0,,108.0,,0.0,,1.0,,0.0,,8.0,,0.0,,164.0,,164.0,108.0,30.0,0.0,8.0,0.0,1.0,17.0,0.0
sudan,OPG027,EBC-12035,66.0,,0.0,,107.0,,70.0,,0.0,,0.0,,0.0,,1.0,,0.0,,178.0,,178.0,70.0,107.0,0.0,1.0,0.0,0.0,0.0,0.0
sudan,OPG027,EBC-12036,77.0,,0.0,,77.0,,138.0,,0.0,,0.0,,1.0,,19.0,,0.0,,235.0,,235.0,138.0,77.0,0.0,19.0,1.0,0.0,0.0,0.0
sudan,OPG027,EBC-12412,52.0,,0.0,,83.0,,182.0,,0.0,,1.0,,1.0,,8.0,,0.0,,275.0,,275.0,182.0,83.0,0.0,8.0,1.0,1.0,0.0,0.0
sudan,OPG027,EBC-12617,42.0,,0.0,,115.0,,79.0,,0.0,,1.0,,2.0,,23.0,,0.0,,220.0,,220.0,79.0,115.0,0.0,23.0,2.0,1.0,0.0,0.0
sudan,OPG027,EBC-12821,43.0,,0.0,,130.0,,96.0,,0.0,,1.0,,2.0,,19.0,,0.0,,248.0,,248.0,96.0,130.0,0.0,19.0,2.0,1.0,0.0,0.0
sudan,OPG027,EBC-13002,95.0,,18.0,,81.0,,108.0,,0.0,,3.0,,0.0,,7.0,,0.0,,217.0,,217.0,108.0,81.0,0.0,7.0,0.0,3.0,18.0,0.0
sudan,OPG027,EBC-13071,50.0,,0.0,,48.0,,167.0,,0.0,,0.0,,3.0,,2.0,,0.0,,220.0,,220.0,167.0,48.0,0.0,2.0,3.0,0.0,0.0,0.0
sudan,OPG027,EBC-13120,28.0,,0.0,,88.0,,122.0,,0.0,,4.0,,2.0,,14.0,,0.0,,230.0,,230.0,122.0,88.0,0.0,14.0,2.0,4.0,0.0,0.0
sudan,OPG027,EBC-13327,,11.0,,0.0,,4.0,,2.0,,0.0,,0.0,,0.0,,0.0,,0.0,,6.0,-6.0,-2.0,-4.0,0.0,0.0,0.0,0.0,0.0,0.0
sudan,OPG027,EBC-13379,84.0,,0.0,,57.0,,162.0,,0.0,,3.0,,3.0,,12.0,,0.0,,237.0,,237.0,162.0,57.0,0.0,12.0,3.0,3.0,0.0,0.0
sudan,OPG027,EBC-13579,35.0,,0.0,,121.0,,90.0,,0.0,,1.0,,0.0,,8.0,,0.0,,220.0,,220.0,90.0,121.0,0.0,8.0,0.0,1.0,0.0,0.0
sudan,OPG027,EBC-13607,2.0,,0.0,,82.0,,183.0,,0.0,,1.0,,0.0,,4.0,,0.0,,270.0,,270.0,183.0,82.0,0.0,4.0,0.0,1.0,0.0,0.0
sudan,OPG027,EBC-13712,,26.0,,0.0,,2.0,,3.0,,0.0,,0.0,,0.0,,0.0,,0.0,,5.0,-5.0,-3.0,-2.0,0.0,0.0,0.0,0.0,0.0,0.0
sudan,OPG027,EBC-13811,83.0,,0.0,,93.0,,131.0,,0.0,,0.0,,2.0,,12.0,,0.0,,238.0,,238.0,131.0,93.0,0.0,12.0,2.0,0.0,0.0,0.0
sudan,OPG027,EBC-13863,71.0,,0.0,,45.0,,169.0,,0.0,,0.0,,2.0,,5.0,,0.0,,221.0,,221.0,169.0,45.0,0.0,5.0,2.0,0.0,0.0,0.0
sudan,OPG027,EBC-13977,,96.0,,0.0,,1.0,,2.0,,0.0,,0.0,,0.0,,1.0,,0.0,,4.0,-4.0,-2.0,-1.0,0.0,-1.0,0.0,0.0,0.0,0.0
sudan,OPG027,EBC-14147,88.0,,2.0,,94.0,,91.0,,0.0,,1.0,,2.0,,13.0,,0.0,,203.0,,203.0,91.0,94.0,0.0,13.0,2.0,1.0,2.0,0.0
sudan,OPG027,EBC-14193,,61.0,,0.0,,1.0,,3.0,,0.0,,0.0,,0.0,,0.0,,0.0,,4.0,-4.0,-3.0,-1.0,0.0,0.0,0.0,0.0,0.0,0.0
sudan,OPG027,EBC-14210,72.0,,0.0,,50.0,,133.0,,0.0,,1.0,,3.0,,4.0,,0.0,,191.0,,191.0,133.0,50.0,0.0,4.0,3.0,1.0,0.0,0.0
sudan,OPG027,EBC-14214,26.0,,2.0,,45.0,,177.0,,0.0,,0.0,,1.0,,1.0,,0.0,,226.0,,226.0,177.0,45.0,0.0,1.0,1.0,0.0,2.0,0.0
sudan,OPG027,EBC-14344,,64.0,,0.0,,3.0,,2.0,,0.0,,0.0,,0.0,,0.0,,0.0,,5.0,-5.0,-2.0,-3.0,0.0,0.0,0.0,0.0,0.0,0.0
sudan,OPG027,EBC-145226,5.0,,0.0,,73.0,,163.0,,0.0,,0.0,,3.0,,9.0,,0.0,,248.0,,248.0,163.0,73.0,0.0,9.0,3.0,0.0,0.0,0.0
sudan,OPG027,EBC-148031,27.0,,0.0,,92.0,,127.0,,0.0,,0.0,,6.0,,17.0,,0.0,,242.0,,242.0,127.0,92.0,0.0,17.0,6.0,0.0,0.0,0.0
sudan,OPG027,EBC-149088,,60.0,,0.0,,3.0,,4.0,,0.0,,1.0,,0.0,,0.0,,0.0,,8.0,-8.0,-4.0,-3.0,0.0,0.0,0.0,-1.0,0.0,0.0
sudan,OPG027,EBC-149094,25.0,,0.0,,65.0,,135.0,,0.0,,2.0,,1.0,,10.0,,0.0,,213.0,,213.0,135.0,65.0,0.0,10.0,1.0,2.0,0.0,0.0
sudan,OPG027,EBC-151154,,75.0,,1.0,,0.0,,2.0,,0.0,,1.0,,0.0,,0.0,,0.0,,4.0,-4.0,-2.0,0.0,0.0,0.0,0.0,-1.0,-1.0,0.0
sudan,OPG027,EBC-152118,,82.0,,0.0,,1.0,,2.0,,0.0,,0.0,,0.0,,0.0,,0.0,,3.0,-3.0,-2.0,-1.0,0.0,0.0,0.0,0.0,0.0,0.0
sudan,OPG027,EBC-152138,,12.0,,0.0,,2.0,,5.0,,0.0,,0.0,,0.0,,0.0,,0.0,,7.0,-7.0,-5.0,-2.0,0.0,0.0,0.0,0.0,0.0,0.0
sudan,OPG027,EBC-152242,,47.0,,0.0,,2.0,,0.0,,0.0,,0.0,,0.0,,0.0,,0.0,,2.0,-2.0,0.0,-2.0,0.0,0.0,0.0,0.0,0.0,0.0
sudan,OPG027,EBC-152297,100.0,,6.0,,103.0,,67.0,,0.0,,2.0,,0.0,,11.0,,0.0,,189.0,,189.0,67.0,103.0,0.0,11.0,0.0,2.0,6.0,0.0
sudan,OPG027,EBC-152313,,7.0,,0.0,,2.0,,4.0,,0.0,,0.0,,0.0,,1.0,,0.0,,7.0,-7.0,-4.0,-2.0,0.0,-1.0,0.0,0.0,0.0,0.0
sudan,OPG027,EBC-152357,,52.0,,0.0,,3.0,,1.0,,0.0,,0.0,,0.0,,0.0,,0.0,,4.0,-4.0,-1.0,-3.0,0.0,0.0,0.0,0.0,0.0,0.0
sudan,OPG027,EBC-153130,,74.0,,0.0,,4.0,,4.0,,0.0,,0.0,,1.0,,0.0,,0.0,,9.0,-9.0,-4.0,-4.0,0.0,0.0,-1.0,0.0,0.0,0.0
sudan,OPG027,EBC-153161,,35.0,,0.0,,0.0,,3.0,,0.0,,0.0,,0.0,,0.0,,0.0,,3.0,-3.0,-3.0,0.0,0.0,0.0,0.0,0.0,0.0,0.0
sudan,OPG027,EBC-153178,,69.0,,0.0,,3.0,,1.0,,0.0,,0.0,,2.0,,0.0,,0.0,,6.0,-6.0,-1.0,-3.0,0.0,0.0,-2.0,0.0,0.0,0.0
sudan,OPG027,EBC-154070,47.0,,4.0,,63.0,,79.0,,0.0,,1.0,,2.0,,8.0,,0.0,,157.0,,157.0,79.0,63.0,0.0,8.0,2.0,1.0,4.0,0.0
sudan,OPG027,EBC-157073,96.0,,0.0,,35.0,,162.0,,0.0,,2.0,,3.0,,10.0,,0.0,,212.0,,212.0,162.0,35.0,0.0,10.0,3.0,2.0,0.0,0.0
sudan,OPG027,EBC-157116,,56.0,,0.0,,2.0,,1.0,,0.0,,0.0,,1.0,,0.0,,0.0,,4.0,-4.0,-1.0,-2.0,0.0,0.0,-1.0,0.0,0.0,0.0
sudan,OPG027,EBC-157138,,91.0,,0.0,,3.0,,0.0,,0.0,,0.0,,0.0,,0.0,,0.0,,3.0,-3.0,0.0,-3.0,0.0,0.0,0.0,0.0,0.0,0.0
sudan,OPG027,EBC-157212,97.0,,0.0,,83.0,,131.0,,0.0,,0.0,,2.0,,8.0,,0.0,,224.0,,224.0,131.0,83.0,0.0,8.0,2.0,0.0,0.0,0.0
sudan,OPG027,EBC-157244,,79.0,,0.0,,2.0,,3.0,,0.0,,0.0,,1.0,,0.0,,0.0,,6.0,-6.0,-3.0,-2.0,0.0,0.0,-1.0,0.0,0.0,0.0
sudan,OPG027,EBC-160036,4.0,,4.0,,42.0,,132.0,,0.0,,3.0,,2.0,,7.0,,0.0,,190.0,,190.0,132.0,42.0,0.0,7.0,2.0,3.0,4.0,0.0
sudan,OPG027,EBC-17092,,53.0,,0.0,,3.0,,2.0,,0.0,,0.0,,0.0,,0.0,,0.0,,5.0,-5.0,-2.0,-3.0,0.0,0.0,0.0,0.0,0.0,0.0
sudan,OPG027,EBC-180260,70.0,,0.0,,33.0,,115.0,,0.0,,0.0,,1.0,,8.0,,0.0,,157.0,,157.0,115.0,33.0,0.0,8.0,1.0,0.0,0.0,0.0
sudan,OPG027,EBC-186029,54.0,,0.0,,80.0,,136.0,,0.0,,3.0,,2.0,,9.0,,0.0,,230.0,,230.0,136.0,80.0,0.0,9.0,2.0,3.0,0.0,0.0
sudan,OPG027,EBC-189022,,68.0,,0.0,,1.0,,1.0,,0.0,,0.0,,0.0,,0.0,,0.0,,2.0,-2.0,-1.0,-1.0,0.0,0.0,0.0,0.0,0.0,0.0
sudan,OPG027,EBC-217022,94.0,,7.0,,70.0,,94.0,,0.0,,1.0,,1.0,,23.0,,0.0,,196.0,,196.0,94.0,70.0,0.0,23.0,1.0,1.0,7.0,0.0
sudan,OPG027,EBC-218037,38.0,,0.0,,47.0,,100.0,,0.0,,0.0,,0.0,,9.0,,0.0,,156.0,,156.0,100.0,47.0,0.0,9.0,0.0,0.0,0.0,0.0
sudan,OPG027,EBC-218043,3.0,,0.0,,73.0,,129.0,,0.0,,6.0,,3.0,,19.0,,0.0,,230.0,,230.0,129.0,73.0,0.0,19.0,3.0,6.0,0.0,0.0
sudan,OPG027,EBC-230024,,13.0,,0.0,,1.0,,4.0,,0.0,,0.0,,0.0,,0.0,,0.0,,5.0,-5.0,-4.0,-1.0,0.0,0.0,0.0,0.0,0.0,0.0
sudan,OPG027,EBC-23629,9.0,,0.0,,52.0,,142.0,,0.0,,2.0,,0.0,,4.0,,0.0,,200.0,,200.0,142.0,52.0,0.0,4.0,0.0,2.0,0.0,0.0
sudan,OPG027,EBC-244029,19.0,,0.0,,49.0,,158.0,,0.0,,0.0,,1.0,,4.0,,0.0,,212.0,,212.0,158.0,49.0,0.0,4.0,1.0,0.0,0.0,0.0
sudan,OPG027,EBC-249057,74.0,,0.0,,50.0,,153.0,,0.0,,3.0,,6.0,,4.0,,0.0,,216.0,,216.0,153.0,50.0,0.0,4.0,6.0,3.0,0.0,0.0
sudan,OPG027,EBC-251173,12.0,,0.0,,104.0,,119.0,,0.0,,3.0,,0.0,,10.0,,0.0,,236.0,,236.0,119.0,104.0,0.0,10.0,0.0,3.0,0.0,0.0
sudan,OPG027,EBC-252122,18.0,,12.0,,64.0,,117.0,,0.0,,1.0,,4.0,,10.0,,0.0,,208.0,,208.0,117.0,64.0,0.0,10.0,4.0,1.0,12.0,0.0
sudan,OPG027,EBC-253143,,45.0,,0.0,,2.0,,2.0,,0.0,,0.0,,0.0,,2.0,,0.0,,6.0,-6.0,-2.0,-2.0,0.0,-2.0,0.0,0.0,0.0,0.0
sudan,OPG027,EBC-255053,81.0,,0.0,,48.0,,151.0,,0.0,,2.0,,3.0,,5.0,,0.0,,209.0,,209.0,151.0,48.0,0.0,5.0,3.0,2.0,0.0,0.0
sudan,OPG027,EBC-255056,76.0,,0.0,,46.0,,133.0,,0.0,,1.0,,2.0,,3.0,,0.0,,185.0,,185.0,133.0,46.0,0.0,3.0,2.0,1.0,0.0,0.0
sudan,OPG027,EBC-26096,,18.0,,0.0,,1.0,,1.0,,0.0,,0.0,,0.0,,0.0,,0.0,,2.0,-2.0,-1.0,-1.0,0.0,0.0,0.0,0.0,0.0,0.0
sudan,OPG027,EBC-265042,85.0,,0.0,,44.0,,160.0,,0.0,,1.0,,0.0,,4.0,,0.0,,209.0,,209.0,160.0,44.0,0.0,4.0,0.0,1.0,0.0,0.0
sudan,OPG027,EBC-26770,15.0,,0.0,,29.0,,138.0,,0.0,,0.0,,0.0,,1.0,,0.0,,168.0,,168.0,138.0,29.0,0.0,1.0,0.0,0.0,0.0,0.0
sudan,OPG027,EBC-26955,49.0,,0.0,,74.0,,152.0,,0.0,,0.0,,0.0,,9.0,,0.0,,235.0,,235.0,152.0,74.0,0.0,9.0,0.0,0.0,0.0,0.0
sudan,OPG027,EBC-27035,63.0,,0.0,,72.0,,139.0,,0.0,,0.0,,1.0,,7.0,,0.0,,219.0,,219.0,139.0,72.0,0.0,7.0,1.0,0.0,0.0,0.0
sudan,OPG027,EBC-27042,45.0,,3.0,,76.0,,65.0,,0.0,,1.0,,3.0,,17.0,,0.0,,165.0,,165.0,65.0,76.0,0.0,17.0,3.0,1.0,3.0,0.0
sudan,OPG027,EBC-27184,61.0,,0.0,,25.0,,164.0,,0.0,,3.0,,0.0,,5.0,,0.0,,197.0,,197.0,164.0,25.0,0.0,5.0,0.0,3.0,0.0,0.0
sudan,OPG027,EBC-27265,1.0,,2.0,,15.0,,83.0,,0.0,,0.0,,1.0,,0.0,,0.0,,101.0,,101.0,83.0,15.0,0.0,0.0,1.0,0.0,2.0,0.0
sudan,OPG027,EBC-27428,99.0,,0.0,,99.0,,95.0,,0.0,,0.0,,7.0,,25.0,,0.0,,226.0,,226.0,95.0,99.0,0.0,25.0,7.0,0.0,0.0,0.0
sudan,OPG027,EBC-287044,,70.0,,0.0,,2.0,,1.0,,0.0,,0.0,,0.0,,0.0,,0.0,,3.0,-3.0,-1.0,-2.0,0.0,0.0,0.0,0.0,0.0,0.0
sudan,OPG027,EBC-289112,51.0,87.0,0.0,0.0,42.0,2.0,143.0,8.0,0.0,0.0,1.0,0.0,2.0,2.0,10.0,0.0,0.0,0.0,198.0,12.0,186.0,135.0,40.0,0.0,10.0,0.0,1.0,0.0,0.0
sudan,OPG027,EBC-290041,11.0,,5.0,,147.0,,124.0,,0.0,,4.0,,2.0,,19.0,,0.0,,301.0,,301.0,124.0,147.0,0.0,19.0,2.0,4.0,5.0,0.0
sudan,OPG027,EBC-291167,90.0,,10.0,,98.0,,99.0,,0.0,,4.0,,1.0,,14.0,,0.0,,226.0,,226.0,99.0,98.0,0.0,14.0,1.0,4.0,10.0,0.0
sudan,OPG027,EBC-306048,24.0,,13.0,,66.0,,94.0,,0.0,,3.0,,3.0,,7.0,,0.0,,186.0,,186.0,94.0,66.0,0.0,7.0,3.0,3.0,13.0,0.0
sudan,OPG027,EBC-309072,7.0,,0.0,,90.0,,120.0,,0.0,,1.0,,1.0,,13.0,,0.0,,225.0,,225.0,120.0,90.0,0.0,13.0,1.0,1.0,0.0,0.0
sudan,OPG027,EBC-331067,69.0,,3.0,,51.0,,78.0,,0.0,,1.0,,0.0,,8.0,,0.0,,141.0,,141.0,78.0,51.0,0.0,8.0,0.0,1.0,3.0,0.0
sudan,OPG027,EBC-339118,82.0,,0.0,,117.0,,77.0,,0.0,,0.0,,1.0,,21.0,,0.0,,216.0,,216.0,77.0,117.0,0.0,21.0,1.0,0.0,0.0,0.0
sudan,OPG027,EBC-352059,,84.0,,0.0,,0.0,,4.0,,0.0,,0.0,,0.0,,0.0,,0.0,,4.0,-4.0,-4.0,0.0,0.0,0.0,0.0,0.0,0.0,0.0
sudan,OPG027,EBC-352066,86.0,,0.0,,32.0,,158.0,,0.0,,1.0,,0.0,,5.0,,0.0,,196.0,,196.0,158.0,32.0,0.0,5.0,0.0,1.0,0.0,0.0
sudan,OPG027,EBC-373083,91.0,,7.0,,126.0,,46.0,,0.0,,1.0,,3.0,,39.0,,0.0,,222.0,,222.0,46.0,126.0,0.0,39.0,3.0,1.0,7.0,0.0
sudan,OPG027,EBC-42023,,81.0,,0.0,,3.0,,4.0,,0.0,,0.0,,1.0,,0.0,,0.0,,8.0,-8.0,-4.0,-3.0,0.0,0.0,-1.0,0.0,0.0,0.0
sudan,OPG027,EBC-43021,87.0,,3.0,,65.0,,136.0,,0.0,,2.0,,4.0,,4.0,,0.0,,214.0,,214.0,136.0,65.0,0.0,4.0,4.0,2.0,3.0,0.0
sudan,OPG027,EBC-44060,,95.0,,0.0,,2.0,,3.0,,0.0,,0.0,,0.0,,0.0,,0.0,,5.0,-5.0,-3.0,-2.0,0.0,0.0,0.0,0.0,0.0,0.0
sudan,OPG027,EBC-44082,,78.0,,0.0,,2.0,,0.0,,0.0,,0.0,,0.0,,0.0,,0.0,,2.0,-2.0,0.0,-2.0,0.0,0.0,0.0,0.0,0.0,0.0
sudan,OPG027,EBC-44204,,46.0,,0.0,,2.0,,3.0,,0.0,,0.0,,0.0,,1.0,,0.0,,6.0,-6.0,-3.0,-2.0,0.0,-1.0,0.0,0.0,0.0,0.0
sudan,OPG027,EBC-44205,,63.0,,0.0,,3.0,,3.0,,0.0,,0.0,,0.0,,0.0,,0.0,,6.0,-6.0,-3.0,-3.0,0.0,0.0,0.0,0.0,0.0,0.0
sudan,OPG027,EBC-44358,67.0,,9.0,,74.0,,104.0,,0.0,,0.0,,0.0,,19.0,,0.0,,206.0,,206.0,104.0,74.0,0.0,19.0,0.0,0.0,9.0,0.0
sudan,OPG027,EBC-44370,31.0,,10.0,,56.0,,118.0,,0.0,,0.0,,0.0,,8.0,,0.0,,192.0,,192.0,118.0,56.0,0.0,8.0,0.0,0.0,10.0,0.0
sudan,OPG027,EBC-46057,23.0,,0.0,,60.0,,163.0,,0.0,,1.0,,1.0,,7.0,,0.0,,232.0,,232.0,163.0,60.0,0.0,7.0,1.0,1.0,0.0,0.0
sudan,OPG027,EBC-46294,21.0,,3.0,,152.0,,98.0,,0.0,,1.0,,4.0,,22.0,,0.0,,280.0,,280.0,98.0,152.0,0.0,22.0,4.0,1.0,3.0,0.0
sudan,OPG027,EBC-47066,55.0,,11.0,,91.0,,100.0,,0.0,,3.0,,0.0,,19.0,,0.0,,224.0,,224.0,100.0,91.0,0.0,19.0,0.0,3.0,11.0,0.0
sudan,OPG027,EBC-47089,,28.0,,0.0,,2.0,,3.0,,0.0,,0.0,,2.0,,0.0,,0.0,,7.0,-7.0,-3.0,-2.0,0.0,0.0,-2.0,0.0,0.0,0.0
sudan,OPG027,EBC-47218,,59.0,,0.0,,1.0,,0.0,,0.0,,0.0,,0.0,,1.0,,0.0,,2.0,-2.0,0.0,-1.0,0.0,-1.0,0.0,0.0,0.0,0.0
sudan,OPG027,EBC-48075,,9.0,,0.0,,3.0,,5.0,,0.0,,0.0,,0.0,,0.0,,0.0,,8.0,-8.0,-5.0,-3.0,0.0,0.0,0.0,0.0,0.0,0.0
sudan,OPG027,EBC-48186,14.0,,12.0,,58.0,,105.0,,0.0,,0.0,,0.0,,0.0,,0.0,,175.0,,175.0,105.0,58.0,0.0,0.0,0.0,0.0,12.0,0.0
sudan,OPG027,EBC-48216,,94.0,,0.0,,1.0,,0.0,,0.0,,0.0,,0.0,,0.0,,0.0,,1.0,-1.0,0.0,-1.0,0.0,0.0,0.0,0.0,0.0,0.0
sudan,OPG027,EBC-49036,75.0,,3.0,,68.0,,116.0,,0.0,,3.0,,2.0,,2.0,,0.0,,194.0,,194.0,116.0,68.0,0.0,2.0,2.0,3.0,3.0,0.0
sudan,OPG027,EBC-50109,,55.0,,0.0,,0.0,,1.0,,0.0,,0.0,,0.0,,0.0,,0.0,,1.0,-1.0,-1.0,0.0,0.0,0.0,0.0,0.0,0.0,0.0
sudan,OPG027,EBC-53021,60.0,,3.0,,113.0,,77.0,,0.0,,0.0,,1.0,,6.0,,0.0,,200.0,,200.0,77.0,113.0,0.0,6.0,1.0,0.0,3.0,0.0
sudan,OPG027,EBC-54230,,100.0,,0.0,,2.0,,5.0,,0.0,,0.0,,0.0,,0.0,,0.0,,7.0,-7.0,-5.0,-2.0,0.0,0.0,0.0,0.0,0.0,0.0
sudan,OPG027,EBC-63030,37.0,,0.0,,33.0,,109.0,,0.0,,2.0,,1.0,,5.0,,0.0,,150.0,,150.0,109.0,33.0,0.0,5.0,1.0,2.0,0.0,0.0
sudan,OPG027,EBC-63089,6.0,,3.0,,155.0,,101.0,,0.0,,1.0,,1.0,,36.0,,0.0,,297.0,,297.0,101.0,155.0,0.0,36.0,1.0,1.0,3.0,0.0
sudan,OPG027,EBC-71073,80.0,90.0,0.0,0.0,100.0,3.0,137.0,7.0,0.0,0.0,2.0,0.0,1.0,2.0,17.0,0.0,0.0,0.0,257.0,12.0,245.0,130.0,97.0,0.0,17.0,-1.0,2.0,0.0,0.0
sudan,OPG027,EBC-73089,,51.0,,0.0,,1.0,,4.0,,0.0,,0.0,,0.0,,0.0,,0.0,,5.0,-5.0,-4.0,-1.0,0.0,0.0,0.0,0.0,0.0,0.0
sudan,OPG027,EBC-99051,48.0,,2.0,,66.0,,89.0,,0.0,,1.0,,2.0,,8.0,,0.0,,168.0,,168.0,89.0,66.0,0.0,8.0,2.0,1.0,2.0,0.0
sudan,OPG092,EBC-00013,,77.0,,0.0,,1.0,,0.0,,0.0,,0.0,,0.0,,1.0,,0.0,,2.0,-2.0,0.0,-1.0,0.0,-1.0,0.0,0.0,0.0,0.0
sudan,OPG092,EBC-00015,,82.0,,0.0,,3.0,,1.0,,0.0,,0.0,,0.0,,0.0,,0.0,,4.0,-4.0,-1.0,-3.0,0.0,0.0,0.0,0.0,0.0,0.0
sudan,OPG092,EBC-00615,,6.0,,0.0,,3.0,,4.0,,0.0,,0.0,,0.0,,0.0,,0.0,,7.0,-7.0,-4.0,-3.0,0.0,0.0,0.0,0.0,0.0,0.0
sudan,OPG092,EBC-00624,,1.0,,0.0,,3.0,,5.0,,0.0,,0.0,,0.0,,0.0,,0.0,,8.0,-8.0,-5.0,-3.0,0.0,0.0,0.0,0.0,0.0,0.0
sudan,OPG092,EBC-00650,87.0,,0.0,,22.0,,174.0,,0.0,,0.0,,0.0,,1.0,,0.0,,197.0,,197.0,174.0,22.0,0.0,1.0,0.0,0.0,0.0,0.0
sudan,OPG092,EBC-00696,44.0,,3.0,,23.0,,214.0,,0.0,,0.0,,0.0,,3.0,,0.0,,243.0,,243.0,214.0,23.0,0.0,3.0,0.0,0.0,3.0,0.0
sudan,OPG092,EBC-00711,73.0,,0.0,,25.0,,190.0,,0.0,,0.0,,1.0,,2.0,,0.0,,218.0,,218.0,190.0,25.0,0.0,2.0,1.0,0.0,0.0,0.0
sudan,OPG092,EBC-01037,,72.0,,0.0,,0.0,,0.0,,0.0,,0.0,,0.0,,0.0,,0.0,,0.0,0.0,0.0,0.0,0.0,0.0,0.0,0.0,0.0,0.0
sudan,OPG092,EBC-01042,,98.0,,0.0,,0.0,,0.0,,0.0,,0.0,,1.0,,0.0,,0.0,,1.0,-1.0,0.0,0.0,0.0,0.0,-1.0,0.0,0.0,0.0
sudan,OPG092,EBC-02058,,85.0,,0.0,,2.0,,0.0,,0.0,,0.0,,0.0,,1.0,,0.0,,3.0,-3.0,0.0,-2.0,0.0,-1.0,0.0,0.0,0.0,0.0
sudan,OPG092,EBC-02079,1.0,,0.0,,14.0,,83.0,,0.0,,0.0,,0.0,,1.0,,0.0,,98.0,,98.0,83.0,14.0,0.0,1.0,0.0,0.0,0.0,0.0
sudan,OPG092,EBC-02080,21.0,,0.0,,28.0,,150.0,,0.0,,1.0,,0.0,,1.0,,0.0,,180.0,,180.0,150.0,28.0,0.0,1.0,0.0,1.0,0.0,0.0
sudan,OPG092,EBC-03086,,75.0,,0.0,,0.0,,1.0,,0.0,,0.0,,0.0,,0.0,,0.0,,1.0,-1.0,-1.0,0.0,0.0,0.0,0.0,0.0,0.0,0.0
sudan,OPG092,EBC-03091,,83.0,,0.0,,3.0,,0.0,,0.0,,1.0,,0.0,,0.0,,0.0,,4.0,-4.0,0.0,-3.0,0.0,0.0,0.0,-1.0,0.0,0.0
sudan,OPG092,EBC-03210,,33.0,,0.0,,0.0,,0.0,,0.0,,0.0,,0.0,,0.0,,0.0,,0.0,0.0,0.0,0.0,0.0,0.0,0.0,0.0,0.0,0.0
sudan,OPG092,EBC-03251,,91.0,,0.0,,6.0,,0.0,,0.0,,0.0,,0.0,,1.0,,0.0,,7.0,-7.0,0.0,-6.0,0.0,-1.0,0.0,0.0,0.0,0.0
sudan,OPG092,EBC-03280,,92.0,,0.0,,3.0,,1.0,,0.0,,0.0,,0.0,,0.0,,0.0,,4.0,-4.0,-1.0,-3.0,0.0,0.0,0.0,0.0,0.0,0.0
sudan,OPG092,EBC-03314,,74.0,,0.0,,0.0,,0.0,,0.0,,0.0,,0.0,,0.0,,0.0,,0.0,0.0,0.0,0.0,0.0,0.0,0.0,0.0,0.0,0.0
sudan,OPG092,EBC-03315,,66.0,,0.0,,0.0,,1.0,,0.0,,0.0,,0.0,,0.0,,0.0,,1.0,-1.0,-1.0,0.0,0.0,0.0,0.0,0.0,0.0,0.0
sudan,OPG092,EBC-03380,,60.0,,0.0,,2.0,,0.0,,0.0,,0.0,,0.0,,0.0,,0.0,,2.0,-2.0,0.0,-2.0,0.0,0.0,0.0,0.0,0.0,0.0
sudan,OPG092,EBC-03422,,51.0,,0.0,,1.0,,0.0,,0.0,,0.0,,0.0,,0.0,,0.0,,1.0,-1.0,0.0,-1.0,0.0,0.0,0.0,0.0,0.0,0.0
sudan,OPG092,EBC-03524,,35.0,,0.0,,1.0,,1.0,,0.0,,0.0,,1.0,,0.0,,0.0,,3.0,-3.0,-1.0,-1.0,0.0,0.0,-1.0,0.0,0.0,0.0
sudan,OPG092,EBC-03546,,40.0,,0.0,,3.0,,0.0,,0.0,,0.0,,0.0,,0.0,,0.0,,3.0,-3.0,0.0,-3.0,0.0,0.0,0.0,0.0,0.0,0.0
sudan,OPG092,EBC-03584,,64.0,,0.0,,2.0,,2.0,,0.0,,0.0,,0.0,,0.0,,0.0,,4.0,-4.0,-2.0,-2.0,0.0,0.0,0.0,0.0,0.0,0.0
sudan,OPG092,EBC-03587,,78.0,,0.0,,1.0,,1.0,,0.0,,0.0,,0.0,,0.0,,0.0,,2.0,-2.0,-1.0,-1.0,0.0,0.0,0.0,0.0,0.0,0.0
sudan,OPG092,EBC-03647,,62.0,,0.0,,1.0,,0.0,,0.0,,0.0,,0.0,,1.0,,0.0,,2.0,-2.0,0.0,-1.0,0.0,-1.0,0.0,0.0,0.0,0.0
sudan,OPG092,EBC-03673,,67.0,,0.0,,1.0,,3.0,,0.0,,0.0,,0.0,,0.0,,0.0,,4.0,-4.0,-3.0,-1.0,0.0,0.0,0.0,0.0,0.0,0.0
sudan,OPG092,EBC-03738,,20.0,,0.0,,1.0,,1.0,,0.0,,0.0,,0.0,,1.0,,0.0,,3.0,-3.0,-1.0,-1.0,0.0,-1.0,0.0,0.0,0.0,0.0
sudan,OPG092,EBC-03838,50.0,,0.0,,13.0,,184.0,,0.0,,0.0,,2.0,,1.0,,0.0,,200.0,,200.0,184.0,13.0,0.0,1.0,2.0,0.0,0.0,0.0
sudan,OPG092,EBC-03865,22.0,,0.0,,21.0,,215.0,,0.0,,0.0,,2.0,,0.0,,0.0,,238.0,,238.0,215.0,21.0,0.0,0.0,2.0,0.0,0.0,0.0
sudan,OPG092,EBC-03940,,24.0,,0.0,,5.0,,0.0,,0.0,,0.0,,0.0,,2.0,,0.0,,7.0,-7.0,0.0,-5.0,0.0,-2.0,0.0,0.0,0.0,0.0
sudan,OPG092,EBC-03949,,47.0,,0.0,,5.0,,0.0,,0.0,,0.0,,0.0,,1.0,,0.0,,6.0,-6.0,0.0,-5.0,0.0,-1.0,0.0,0.0,0.0,0.0
sudan,OPG092,EBC-03985,,31.0,,0.0,,1.0,,1.0,,0.0,,0.0,,0.0,,0.0,,0.0,,2.0,-2.0,-1.0,-1.0,0.0,0.0,0.0,0.0,0.0,0.0
sudan,OPG092,EBC-04029,,53.0,,0.0,,1.0,,0.0,,0.0,,0.0,,0.0,,0.0,,0.0,,1.0,-1.0,0.0,-1.0,0.0,0.0,0.0,0.0,0.0,0.0
sudan,OPG092,EBC-04126,,37.0,,0.0,,1.0,,6.0,,0.0,,0.0,,0.0,,0.0,,0.0,,7.0,-7.0,-6.0,-1.0,0.0,0.0,0.0,0.0,0.0,0.0
sudan,OPG092,EBC-04129,,63.0,,0.0,,1.0,,0.0,,0.0,,0.0,,0.0,,1.0,,0.0,,2.0,-2.0,0.0,-1.0,0.0,-1.0,0.0,0.0,0.0,0.0
sudan,OPG092,EBC-04155,,38.0,,0.0,,2.0,,1.0,,0.0,,0.0,,0.0,,0.0,,0.0,,3.0,-3.0,-1.0,-2.0,0.0,0.0,0.0,0.0,0.0,0.0
sudan,OPG092,EBC-04167,,79.0,,0.0,,4.0,,0.0,,0.0,,0.0,,0.0,,1.0,,0.0,,5.0,-5.0,0.0,-4.0,0.0,-1.0,0.0,0.0,0.0,0.0
sudan,OPG092,EBC-04282,,88.0,,0.0,,1.0,,0.0,,0.0,,0.0,,0.0,,0.0,,0.0,,1.0,-1.0,0.0,-1.0,0.0,0.0,0.0,0.0,0.0,0.0
sudan,OPG092,EBC-04358,,96.0,,0.0,,0.0,,0.0,,0.0,,0.0,,0.0,,0.0,,0.0,,0.0,0.0,0.0,0.0,0.0,0.0,0.0,0.0,0.0,0.0
sudan,OPG092,EBC-04364,,56.0,,0.0,,0.0,,1.0,,0.0,,0.0,,0.0,,0.0,,0.0,,1.0,-1.0,-1.0,0.0,0.0,0.0,0.0,0.0,0.0,0.0
sudan,OPG092,EBC-04370,,57.0,,0.0,,0.0,,0.0,,0.0,,0.0,,0.0,,0.0,,0.0,,0.0,0.0,0.0,0.0,0.0,0.0,0.0,0.0,0.0,0.0
sudan,OPG092,EBC-04373,,25.0,,0.0,,0.0,,0.0,,0.0,,0.0,,0.0,,1.0,,0.0,,1.0,-1.0,0.0,0.0,0.0,-1.0,0.0,0.0,0.0,0.0
sudan,OPG092,EBC-04387,,87.0,,0.0,,4.0,,0.0,,0.0,,0.0,,0.0,,0.0,,0.0,,4.0,-4.0,0.0,-4.0,0.0,0.0,0.0,0.0,0.0,0.0
sudan,OPG092,EBC-06061,32.0,,0.0,,32.0,,163.0,,0.0,,2.0,,0.0,,9.0,,0.0,,206.0,,206.0,163.0,32.0,0.0,9.0,0.0,2.0,0.0,0.0
sudan,OPG092,EBC-06062,57.0,,0.0,,48.0,,211.0,,0.0,,0.0,,0.0,,3.0,,0.0,,262.0,,262.0,211.0,48.0,0.0,3.0,0.0,0.0,0.0,0.0
sudan,OPG092,EBC-06111,96.0,,0.0,,21.0,,162.0,,0.0,,0.0,,0.0,,0.0,,0.0,,183.0,,183.0,162.0,21.0,0.0,0.0,0.0,0.0,0.0,0.0
sudan,OPG092,EBC-06130,,29.0,,0.0,,0.0,,2.0,,0.0,,0.0,,0.0,,0.0,,0.0,,2.0,-2.0,-2.0,0.0,0.0,0.0,0.0,0.0,0.0,0.0
sudan,OPG092,EBC-06137,,97.0,,0.0,,1.0,,0.0,,0.0,,0.0,,0.0,,0.0,,0.0,,1.0,-1.0,0.0,-1.0,0.0,0.0,0.0,0.0,0.0,0.0
sudan,OPG092,EBC-06350,,68.0,,0.0,,1.0,,0.0,,0.0,,0.0,,0.0,,0.0,,0.0,,1.0,-1.0,0.0,-1.0,0.0,0.0,0.0,0.0,0.0,0.0
sudan,OPG092,EBC-06407,,65.0,,0.0,,0.0,,1.0,,0.0,,0.0,,0.0,,0.0,,0.0,,1.0,-1.0,-1.0,0.0,0.0,0.0,0.0,0.0,0.0,0.0
sudan,OPG092,EBC-06519,,99.0,,0.0,,0.0,,2.0,,0.0,,0.0,,1.0,,1.0,,0.0,,4.0,-4.0,-2.0,0.0,0.0,-1.0,-1.0,0.0,0.0,0.0
sudan,OPG092,EBC-06727,,3.0,,0.0,,2.0,,6.0,,0.0,,0.0,,0.0,,0.0,,0.0,,8.0,-8.0,-6.0,-2.0,0.0,0.0,0.0,0.0,0.0,0.0
sudan,OPG092,EBC-06903,91.0,,0.0,,28.0,,200.0,,0.0,,1.0,,0.0,,10.0,,0.0,,239.0,,239.0,200.0,28.0,0.0,10.0,0.0,1.0,0.0,0.0
sudan,OPG092,EBC-06905,99.0,,0.0,,15.0,,162.0,,0.0,,1.0,,2.0,,4.0,,0.0,,184.0,,184.0,162.0,15.0,0.0,4.0,2.0,1.0,0.0,0.0
sudan,OPG092,EBC-07005,,90.0,,0.0,,2.0,,1.0,,0.0,,0.0,,0.0,,0.0,,0.0,,3.0,-3.0,-1.0,-2.0,0.0,0.0,0.0,0.0,0.0,0.0
sudan,OPG092,EBC-07037,34.0,,0.0,,6.0,,257.0,,0.0,,0.0,,0.0,,1.0,,0.0,,264.0,,264.0,257.0,6.0,0.0,1.0,0.0,0.0,0.0,0.0
sudan,OPG092,EBC-07044,60.0,,0.0,,29.0,,158.0,,0.0,,0.0,,1.0,,8.0,,0.0,,196.0,,196.0,158.0,29.0,0.0,8.0,1.0,0.0,0.0,0.0
sudan,OPG092,EBC-07224,,5.0,,0.0,,3.0,,4.0,,0.0,,0.0,,0.0,,0.0,,0.0,,7.0,-7.0,-4.0,-3.0,0.0,0.0,0.0,0.0,0.0,0.0
sudan,OPG092,EBC-07225,,2.0,,0.0,,3.0,,3.0,,0.0,,0.0,,0.0,,0.0,,0.0,,6.0,-6.0,-3.0,-3.0,0.0,0.0,0.0,0.0,0.0,0.0
sudan,OPG092,EBC-07249,27.0,,0.0,,25.0,,182.0,,0.0,,1.0,,2.0,,0.0,,0.0,,210.0,,210.0,182.0,25.0,0.0,0.0,2.0,1.0,0.0,0.0
sudan,OPG092,EBC-07301,92.0,,0.0,,8.0,,197.0,,0.0,,0.0,,0.0,,2.0,,0.0,,207.0,,207.0,197.0,8.0,0.0,2.0,0.0,0.0,0.0,0.0
sudan,OPG092,EBC-07357,,34.0,,0.0,,2.0,,4.0,,0.0,,1.0,,0.0,,0.0,,0.0,,7.0,-7.0,-4.0,-2.0,0.0,0.0,0.0,-1.0,0.0,0.0
sudan,OPG092,EBC-07366,,49.0,,0.0,,1.0,,0.0,,0.0,,0.0,,0.0,,0.0,,0.0,,1.0,-1.0,0.0,-1.0,0.0,0.0,0.0,0.0,0.0,0.0
sudan,OPG092,EBC-07396,,45.0,,0.0,,3.0,,6.0,,0.0,,0.0,,0.0,,0.0,,0.0,,9.0,-9.0,-6.0,-3.0,0.0,0.0,0.0,0.0,0.0,0.0
sudan,OPG092,EBC-07421,15.0,,3.0,,13.0,,145.0,,0.0,,1.0,,0.0,,2.0,,0.0,,164.0,,164.0,145.0,13.0,0.0,2.0,0.0,1.0,3.0,0.0
sudan,OPG092,EBC-07542,72.0,,0.0,,7.0,,53.0,,0.0,,0.0,,0.0,,0.0,,0.0,,60.0,,60.0,53.0,7.0,0.0,0.0,0.0,0.0,0.0,0.0
sudan,OPG092,EBC-07557,55.0,,0.0,,56.0,,168.0,,0.0,,3.0,,0.0,,1.0,,0.0,,228.0,,228.0,168.0,56.0,0.0,1.0,0.0,3.0,0.0,0.0
sudan,OPG092,EBC-07603,93.0,,0.0,,19.0,,133.0,,0.0,,2.0,,0.0,,3.0,,0.0,,157.0,,157.0,133.0,19.0,0.0,3.0,0.0,2.0,0.0,0.0
sudan,OPG092,EBC-07604,80.0,,2.0,,19.0,,145.0,,0.0,,0.0,,3.0,,4.0,,0.0,,173.0,,173.0,145.0,19.0,0.0,4.0,3.0,0.0,2.0,0.0
sudan,OPG092,EBC-07670,56.0,,0.0,,41.0,,170.0,,0.0,,0.0,,0.0,,2.0,,0.0,,213.0,,213.0,170.0,41.0,0.0,2.0,0.0,0.0,0.0,0.0
sudan,OPG092,EBC-07694,,70.0,,0.0,,1.0,,0.0,,0.0,,0.0,,0.0,,1.0,,0.0,,2.0,-2.0,0.0,-1.0,0.0,-1.0,0.0,0.0,0.0,0.0
sudan,OPG092,EBC-07988,37.0,,2.0,,58.0,,199.0,,0.0,,0.0,,1.0,,8.0,,0.0,,268.0,,268.0,199.0,58.0,0.0,8.0,1.0,0.0,2.0,0.0
sudan,OPG092,EBC-08044,,10.0,,0.0,,2.0,,8.0,,0.0,,0.0,,0.0,,1.0,,0.0,,11.0,-11.0,-8.0,-2.0,0.0,-1.0,0.0,0.0,0.0,0.0
sudan,OPG092,EBC-08097,,32.0,,0.0,,1.0,,2.0,,0.0,,0.0,,0.0,,0.0,,0.0,,3.0,-3.0,-2.0,-1.0,0.0,0.0,0.0,0.0,0.0,0.0
sudan,OPG092,EBC-08122,,28.0,,0.0,,1.0,,0.0,,0.0,,0.0,,0.0,,0.0,,0.0,,1.0,-1.0,0.0,-1.0,0.0,0.0,0.0,0.0,0.0,0.0
sudan,OPG092,EBC-08587,25.0,,0.0,,21.0,,148.0,,0.0,,0.0,,0.0,,0.0,,0.0,,169.0,,169.0,148.0,21.0,0.0,0.0,0.0,0.0,0.0,0.0
sudan,OPG092,EBC-08741,,54.0,,0.0,,2.0,,6.0,,0.0,,1.0,,0.0,,0.0,,0.0,,9.0,-9.0,-6.0,-2.0,0.0,0.0,0.0,-1.0,0.0,0.0
sudan,OPG092,EBC-08787,89.0,,0.0,,26.0,,188.0,,0.0,,0.0,,3.0,,2.0,,0.0,,219.0,,219.0,188.0,26.0,0.0,2.0,3.0,0.0,0.0,0.0
sudan,OPG092,EBC-08829,,39.0,,0.0,,1.0,,0.0,,0.0,,0.0,,0.0,,0.0,,0.0,,1.0,-1.0,0.0,-1.0,0.0,0.0,0.0,0.0,0.0,0.0
sudan,OPG092,EBC-08915,43.0,,0.0,,25.0,,225.0,,0.0,,0.0,,0.0,,1.0,,0.0,,251.0,,251.0,225.0,25.0,0.0,1.0,0.0,0.0,0.0,0.0
sudan,OPG092,EBC-09094,,80.0,,0.0,,1.0,,3.0,,0.0,,1.0,,0.0,,0.0,,0.0,,5.0,-5.0,-3.0,-1.0,0.0,0.0,0.0,-1.0,0.0,0.0
sudan,OPG092,EBC-09118,67.0,,0.0,,49.0,,107.0,,0.0,,1.0,,4.0,,8.0,,0.0,,169.0,,169.0,107.0,49.0,0.0,8.0,4.0,1.0,0.0,0.0
sudan,OPG092,EBC-11069,66.0,,0.0,,58.0,,158.0,,0.0,,0.0,,0.0,,3.0,,0.0,,219.0,,219.0,158.0,58.0,0.0,3.0,0.0,0.0,0.0,0.0
sudan,OPG092,EBC-11260,47.0,,0.0,,73.0,,126.0,,0.0,,0.0,,1.0,,12.0,,0.0,,212.0,,212.0,126.0,73.0,0.0,12.0,1.0,0.0,0.0,0.0
sudan,OPG092,EBC-11281,18.0,,12.0,,25.0,,148.0,,0.0,,0.0,,0.0,,6.0,,0.0,,191.0,,191.0,148.0,25.0,0.0,6.0,0.0,0.0,12.0,0.0
sudan,OPG092,EBC-11310,,9.0,,0.0,,3.0,,5.0,,0.0,,0.0,,2.0,,0.0,,0.0,,10.0,-10.0,-5.0,-3.0,0.0,0.0,-2.0,0.0,0.0,0.0
sudan,OPG092,EBC-11364,19.0,,10.0,,41.0,,139.0,,0.0,,0.0,,0.0,,14.0,,0.0,,204.0,,204.0,139.0,41.0,0.0,14.0,0.0,0.0,10.0,0.0
sudan,OPG092,EBC-11409,31.0,,7.0,,60.0,,118.0,,0.0,,1.0,,1.0,,8.0,,0.0,,195.0,,195.0,118.0,60.0,0.0,8.0,1.0,1.0,7.0,0.0
sudan,OPG092,EBC-11429,95.0,,0.0,,66.0,,141.0,,0.0,,0.0,,1.0,,9.0,,0.0,,217.0,,217.0,141.0,66.0,0.0,9.0,1.0,0.0,0.0,0.0
sudan,OPG092,EBC-11436,97.0,,10.0,,48.0,,149.0,,0.0,,1.0,,0.0,,8.0,,0.0,,216.0,,216.0,149.0,48.0,0.0,8.0,0.0,1.0,10.0,0.0
sudan,OPG092,EBC-11442,76.0,,0.0,,43.0,,119.0,,0.0,,2.0,,0.0,,14.0,,0.0,,178.0,,178.0,119.0,43.0,0.0,14.0,0.0,2.0,0.0,0.0
sudan,OPG092,EBC-12079,,81.0,,0.0,,2.0,,11.0,,0.0,,1.0,,0.0,,0.0,,0.0,,14.0,-14.0,-11.0,-2.0,0.0,0.0,0.0,-1.0,0.0,0.0
sudan,OPG092,EBC-12276,,95.0,,0.0,,1.0,,1.0,,1.0,,0.0,,0.0,,1.0,,0.0,,4.0,-4.0,-1.0,-1.0,0.0,-1.0,0.0,0.0,0.0,-1.0
sudan,OPG092,EBC-12617,61.0,,0.0,,96.0,,99.0,,0.0,,0.0,,0.0,,18.0,,0.0,,213.0,,213.0,99.0,96.0,0.0,18.0,0.0,0.0,0.0,0.0
sudan,OPG092,EBC-12821,11.0,,0.0,,75.0,,141.0,,0.0,,2.0,,0.0,,8.0,,0.0,,226.0,,226.0,141.0,75.0,0.0,8.0,0.0,2.0,0.0,0.0
sudan,OPG092,EBC-12996,58.0,,0.0,,30.0,,190.0,,0.0,,1.0,,0.0,,6.0,,0.0,,227.0,,227.0,190.0,30.0,0.0,6.0,0.0,1.0,0.0,0.0
sudan,OPG092,EBC-13002,84.0,,6.0,,44.0,,146.0,,0.0,,0.0,,0.0,,8.0,,0.0,,204.0,,204.0,146.0,44.0,0.0,8.0,0.0,0.0,6.0,0.0
sudan,OPG092,EBC-13061,71.0,,0.0,,76.0,,107.0,,0.0,,2.0,,0.0,,7.0,,0.0,,192.0,,192.0,107.0,76.0,0.0,7.0,0.0,2.0,0.0,0.0
sudan,OPG092,EBC-13379,74.0,,0.0,,39.0,,213.0,,0.0,,2.0,,2.0,,6.0,,0.0,,262.0,,262.0,213.0,39.0,0.0,6.0,2.0,2.0,0.0,0.0
sudan,OPG092,EBC-13579,49.0,,0.0,,88.0,,169.0,,0.0,,0.0,,1.0,,20.0,,0.0,,278.0,,278.0,169.0,88.0,0.0,20.0,1.0,0.0,0.0,0.0
sudan,OPG092,EBC-13586,,14.0,,0.0,,5.0,,1.0,,0.0,,2.0,,0.0,,0.0,,0.0,,8.0,-8.0,-1.0,-5.0,0.0,0.0,0.0,-2.0,0.0,0.0
sudan,OPG092,EBC-13607,7.0,,0.0,,60.0,,196.0,,0.0,,0.0,,2.0,,13.0,,0.0,,271.0,,271.0,196.0,60.0,0.0,13.0,2.0,0.0,0.0,0.0
sudan,OPG092,EBC-13716,94.0,,0.0,,22.0,,152.0,,0.0,,0.0,,0.0,,1.0,,0.0,,175.0,,175.0,152.0,22.0,0.0,1.0,0.0,0.0,0.0,0.0
sudan,OPG092,EBC-13718,,23.0,,0.0,,3.0,,0.0,,0.0,,0.0,,0.0,,0.0,,0.0,,3.0,-3.0,0.0,-3.0,0.0,0.0,0.0,0.0,0.0,0.0
sudan,OPG092,EBC-13902,,58.0,,0.0,,2.0,,0.0,,0.0,,0.0,,0.0,,0.0,,0.0,,2.0,-2.0,0.0,-2.0,0.0,0.0,0.0,0.0,0.0,0.0
sudan,OPG092,EBC-14147,70.0,,5.0,,51.0,,143.0,,0.0,,3.0,,4.0,,4.0,,0.0,,210.0,,210.0,143.0,51.0,0.0,4.0,4.0,3.0,5.0,0.0
sudan,OPG092,EBC-145226,33.0,,0.0,,64.0,,166.0,,0.0,,3.0,,0.0,,4.0,,0.0,,237.0,,237.0,166.0,64.0,0.0,4.0,0.0,3.0,0.0,0.0
sudan,OPG092,EBC-149094,13.0,,0.0,,31.0,,172.0,,0.0,,1.0,,0.0,,7.0,,0.0,,211.0,,211.0,172.0,31.0,0.0,7.0,0.0,1.0,0.0,0.0
sudan,OPG092,EBC-15053,,22.0,,0.0,,1.0,,1.0,,1.0,,0.0,,0.0,,2.0,,0.0,,5.0,-5.0,-1.0,-1.0,0.0,-2.0,0.0,0.0,0.0,-1.0
sudan,OPG092,EBC-151064,,48.0,,0.0,,1.0,,1.0,,0.0,,0.0,,0.0,,0.0,,0.0,,2.0,-2.0,-1.0,-1.0,0.0,0.0,0.0,0.0,0.0,0.0
sudan,OPG092,EBC-152065,,100.0,,0.0,,2.0,,4.0,,0.0,,1.0,,0.0,,0.0,,0.0,,7.0,-7.0,-4.0,-2.0,0.0,0.0,0.0,-1.0,0.0,0.0
sudan,OPG092,EBC-153037,,16.0,,0.0,,0.0,,0.0,,0.0,,0.0,,0.0,,0.0,,0.0,,0.0,0.0,0.0,0.0,0.0,0.0,0.0,0.0,0.0,0.0
sudan,OPG092,EBC-154070,78.0,,3.0,,45.0,,131.0,,0.0,,1.0,,2.0,,10.0,,0.0,,192.0,,192.0,131.0,45.0,0.0,10.0,2.0,1.0,3.0,0.0
sudan,OPG092,EBC-157078,,18.0,,0.0,,2.0,,7.0,,0.0,,0.0,,0.0,,0.0,,0.0,,9.0,-9.0,-7.0,-2.0,0.0,0.0,0.0,0.0,0.0,0.0
sudan,OPG092,EBC-157193,,4.0,,0.0,,3.0,,4.0,,0.0,,0.0,,0.0,,0.0,,0.0,,7.0,-7.0,-4.0,-3.0,0.0,0.0,0.0,0.0,0.0,0.0
sudan,OPG092,EBC-157219,98.0,,6.0,,54.0,,151.0,,0.0,,1.0,,0.0,,14.0,,0.0,,226.0,,226.0,151.0,54.0,0.0,14.0,0.0,1.0,6.0,0.0
sudan,OPG092,EBC-157222,69.0,,0.0,,36.0,,154.0,,0.0,,0.0,,0.0,,0.0,,0.0,,190.0,,190.0,154.0,36.0,0.0,0.0,0.0,0.0,0.0,0.0
sudan,OPG092,EBC-157241,30.0,,3.0,,60.0,,171.0,,0.0,,1.0,,0.0,,0.0,,0.0,,235.0,,235.0,171.0,60.0,0.0,0.0,0.0,1.0,3.0,0.0
sudan,OPG092,EBC-160036,14.0,,2.0,,33.0,,167.0,,0.0,,2.0,,1.0,,3.0,,0.0,,208.0,,208.0,167.0,33.0,0.0,3.0,1.0,2.0,2.0,0.0
sudan,OPG092,EBC-170086,,36.0,,0.0,,1.0,,1.0,,0.0,,0.0,,0.0,,0.0,,0.0,,2.0,-2.0,-1.0,-1.0,0.0,0.0,0.0,0.0,0.0,0.0
sudan,OPG092,EBC-180260,85.0,,0.0,,23.0,,140.0,,0.0,,3.0,,0.0,,3.0,,0.0,,169.0,,169.0,140.0,23.0,0.0,3.0,0.0,3.0,0.0,0.0
sudan,OPG092,EBC-198037,100.0,,6.0,,53.0,,120.0,,0.0,,1.0,,2.0,,3.0,,0.0,,185.0,,185.0,120.0,53.0,0.0,3.0,2.0,1.0,6.0,0.0
sudan,OPG092,EBC-216028,20.0,,0.0,,45.0,,198.0,,0.0,,0.0,,0.0,,4.0,,0.0,,247.0,,247.0,198.0,45.0,0.0,4.0,0.0,0.0,0.0,0.0
sudan,OPG092,EBC-217022,10.0,,1.0,,22.0,,120.0,,0.0,,4.0,,1.0,,3.0,,0.0,,151.0,,151.0,120.0,22.0,0.0,3.0,1.0,4.0,1.0,0.0
sudan,OPG092,EBC-218034,42.0,,0.0,,19.0,,199.0,,0.0,,2.0,,0.0,,4.0,,0.0,,224.0,,224.0,199.0,19.0,0.0,4.0,0.0,2.0,0.0,0.0
sudan,OPG092,EBC-218037,12.0,,0.0,,35.0,,136.0,,0.0,,2.0,,0.0,,4.0,,0.0,,177.0,,177.0,136.0,35.0,0.0,4.0,0.0,2.0,0.0,0.0
sudan,OPG092,EBC-218043,4.0,,0.0,,58.0,,172.0,,0.0,,0.0,,2.0,,17.0,,0.0,,249.0,,249.0,172.0,58.0,0.0,17.0,2.0,0.0,0.0,0.0
sudan,OPG092,EBC-23629,41.0,,0.0,,27.0,,177.0,,0.0,,1.0,,0.0,,4.0,,0.0,,209.0,,209.0,177.0,27.0,0.0,4.0,0.0,1.0,0.0,0.0
sudan,OPG092,EBC-24031,,11.0,,0.0,,3.0,,15.0,,0.0,,1.0,,2.0,,0.0,,0.0,,21.0,-21.0,-15.0,-3.0,0.0,0.0,-2.0,-1.0,0.0,0.0
sudan,OPG092,EBC-244029,53.0,,0.0,,43.0,,171.0,,0.0,,0.0,,0.0,,5.0,,0.0,,219.0,,219.0,171.0,43.0,0.0,5.0,0.0,0.0,0.0,0.0
sudan,OPG092,EBC-248060,,52.0,,0.0,,3.0,,0.0,,0.0,,0.0,,0.0,,3.0,,0.0,,6.0,-6.0,0.0,-3.0,0.0,-3.0,0.0,0.0,0.0,0.0
sudan,OPG092,EBC-249047,54.0,21.0,8.0,0.0,50.0,4.0,186.0,14.0,0.0,0.0,0.0,1.0,0.0,0.0,4.0,0.0,0.0,0.0,248.0,19.0,229.0,172.0,46.0,0.0,4.0,0.0,-1.0,8.0,0.0
sudan,OPG092,EBC-251173,28.0,,0.0,,51.0,,205.0,,0.0,,0.0,,0.0,,9.0,,0.0,,265.0,,265.0,205.0,51.0,0.0,9.0,0.0,0.0,0.0,0.0
sudan,OPG092,EBC-252093,65.0,,0.0,,51.0,,162.0,,0.0,,3.0,,0.0,,7.0,,0.0,,223.0,,223.0,162.0,51.0,0.0,7.0,0.0,3.0,0.0,0.0
sudan,OPG092,EBC-252111,,71.0,,0.0,,2.0,,6.0,,0.0,,0.0,,0.0,,1.0,,0.0,,9.0,-9.0,-6.0,-2.0,0.0,-1.0,0.0,0.0,0.0,0.0
sudan,OPG092,EBC-252122,63.0,,4.0,,27.0,,153.0,,0.0,,0.0,,3.0,,9.0,,0.0,,196.0,,196.0,153.0,27.0,0.0,9.0,3.0,0.0,4.0,0.0
sudan,OPG092,EBC-252146,45.0,,0.0,,51.0,,170.0,,0.0,,3.0,,2.0,,18.0,,0.0,,244.0,,244.0,170.0,51.0,0.0,18.0,2.0,3.0,0.0,0.0
sudan,OPG092,EBC-253291,77.0,,0.0,,55.0,,184.0,,0.0,,2.0,,1.0,,9.0,,0.0,,251.0,,251.0,184.0,55.0,0.0,9.0,1.0,2.0,0.0,0.0
sudan,OPG092,EBC-26043,,41.0,,0.0,,1.0,,2.0,,0.0,,0.0,,0.0,,0.0,,0.0,,3.0,-3.0,-2.0,-1.0,0.0,0.0,0.0,0.0,0.0,0.0
sudan,OPG092,EBC-26044,,55.0,,0.0,,0.0,,0.0,,0.0,,0.0,,0.0,,0.0,,0.0,,0.0,0.0,0.0,0.0,0.0,0.0,0.0,0.0,0.0,0.0
sudan,OPG092,EBC-26052,,12.0,,0.0,,0.0,,0.0,,0.0,,0.0,,0.0,,1.0,,0.0,,1.0,-1.0,0.0,0.0,0.0,-1.0,0.0,0.0,0.0,0.0
sudan,OPG092,EBC-26092,,42.0,,0.0,,2.0,,0.0,,0.0,,0.0,,0.0,,0.0,,0.0,,2.0,-2.0,0.0,-2.0,0.0,0.0,0.0,0.0,0.0,0.0
sudan,OPG092,EBC-26098,,43.0,,0.0,,2.0,,0.0,,0.0,,0.0,,0.0,,0.0,,0.0,,2.0,-2.0,0.0,-2.0,0.0,0.0,0.0,0.0,0.0,0.0
sudan,OPG092,EBC-26152,,50.0,,0.0,,0.0,,0.0,,0.0,,0.0,,0.0,,0.0,,0.0,,0.0,0.0,0.0,0.0,0.0,0.0,0.0,0.0,0.0,0.0
sudan,OPG092,EBC-26175,,30.0,,0.0,,3.0,,0.0,,0.0,,0.0,,0.0,,0.0,,0.0,,3.0,-3.0,0.0,-3.0,0.0,0.0,0.0,0.0,0.0,0.0
sudan,OPG092,EBC-26955,51.0,,0.0,,60.0,,153.0,,0.0,,3.0,,0.0,,4.0,,0.0,,220.0,,220.0,153.0,60.0,0.0,4.0,0.0,3.0,0.0,0.0
sudan,OPG092,EBC-27035,52.0,,0.0,,65.0,,166.0,,0.0,,0.0,,0.0,,3.0,,0.0,,234.0,,234.0,166.0,65.0,0.0,3.0,0.0,0.0,0.0,0.0
sudan,OPG092,EBC-27042,38.0,,5.0,,59.0,,138.0,,0.0,,5.0,,1.0,,5.0,,0.0,,213.0,,213.0,138.0,59.0,0.0,5.0,1.0,5.0,5.0,0.0
sudan,OPG092,EBC-27184,90.0,,0.0,,6.0,,260.0,,0.0,,0.0,,1.0,,0.0,,0.0,,267.0,,267.0,260.0,6.0,0.0,0.0,1.0,0.0,0.0,0.0
sudan,OPG092,EBC-27265,23.0,,4.0,,27.0,,139.0,,0.0,,0.0,,0.0,,0.0,,0.0,,170.0,,170.0,139.0,27.0,0.0,0.0,0.0,0.0,4.0,0.0
sudan,OPG092,EBC-27345,6.0,,11.0,,45.0,,129.0,,0.0,,0.0,,0.0,,4.0,,0.0,,189.0,,189.0,129.0,45.0,0.0,4.0,0.0,0.0,11.0,0.0
sudan,OPG092,EBC-27428,2.0,,0.0,,74.0,,169.0,,0.0,,3.0,,3.0,,8.0,,0.0,,257.0,,257.0,169.0,74.0,0.0,8.0,3.0,3.0,0.0,0.0
sudan,OPG092,EBC-28055,,76.0,,0.0,,4.0,,0.0,,1.0,,0.0,,0.0,,0.0,,0.0,,5.0,-5.0,0.0,-4.0,0.0,0.0,0.0,0.0,0.0,-1.0
sudan,OPG092,EBC-286055,36.0,,0.0,,61.0,,135.0,,0.0,,0.0,,0.0,,24.0,,0.0,,220.0,,220.0,135.0,61.0,0.0,24.0,0.0,0.0,0.0,0.0
sudan,OPG092,EBC-287042,86.0,,0.0,,50.0,,178.0,,0.0,,2.0,,1.0,,6.0,,0.0,,237.0,,237.0,178.0,50.0,0.0,6.0,1.0,2.0,0.0,0.0
sudan,OPG092,EBC-287070,17.0,,0.0,,22.0,,220.0,,0.0,,0.0,,0.0,,1.0,,0.0,,243.0,,243.0,220.0,22.0,0.0,1.0,0.0,0.0,0.0,0.0
sudan,OPG092,EBC-287071,46.0,,0.0,,57.0,,122.0,,0.0,,3.0,,0.0,,15.0,,0.0,,197.0,,197.0,122.0,57.0,0.0,15.0,0.0,3.0,0.0,0.0
sudan,OPG092,EBC-289112,39.0,,0.0,,23.0,,208.0,,0.0,,1.0,,0.0,,13.0,,0.0,,245.0,,245.0,208.0,23.0,0.0,13.0,0.0,1.0,0.0,0.0
sudan,OPG092,EBC-290041,40.0,,8.0,,136.0,,144.0,,0.0,,3.0,,1.0,,16.0,,0.0,,308.0,,308.0,144.0,136.0,0.0,16.0,1.0,3.0,8.0,0.0
sudan,OPG092,EBC-29056,,59.0,,0.0,,0.0,,0.0,,0.0,,1.0,,0.0,,0.0,,0.0,,1.0,-1.0,0.0,0.0,0.0,0.0,0.0,-1.0,0.0,0.0
sudan,OPG092,EBC-291056,82.0,,0.0,,32.0,,180.0,,0.0,,0.0,,1.0,,3.0,,0.0,,216.0,,216.0,180.0,32.0,0.0,3.0,1.0,0.0,0.0,0.0
sudan,OPG092,EBC-291159,24.0,,0.0,,24.0,,223.0,,0.0,,0.0,,1.0,,6.0,,0.0,,254.0,,254.0,223.0,24.0,0.0,6.0,1.0,0.0,0.0,0.0
sudan,OPG092,EBC-291167,62.0,,5.0,,71.0,,126.0,,0.0,,2.0,,2.0,,10.0,,0.0,,216.0,,216.0,126.0,71.0,0.0,10.0,2.0,2.0,5.0,0.0
sudan,OPG092,EBC-292060,79.0,,3.0,,17.0,,146.0,,0.0,,0.0,,1.0,,10.0,,0.0,,177.0,,177.0,146.0,17.0,0.0,10.0,1.0,0.0,3.0,0.0
sudan,OPG092,EBC-306048,48.0,,5.0,,87.0,,82.0,,0.0,,2.0,,0.0,,14.0,,0.0,,190.0,,190.0,82.0,87.0,0.0,14.0,0.0,2.0,5.0,0.0
sudan,OPG092,EBC-309072,16.0,,3.0,,69.0,,215.0,,0.0,,1.0,,0.0,,7.0,,0.0,,295.0,,295.0,215.0,69.0,0.0,7.0,0.0,1.0,3.0,0.0
sudan,OPG092,EBC-331067,26.0,,8.0,,32.0,,101.0,,0.0,,0.0,,0.0,,2.0,,0.0,,143.0,,143.0,101.0,32.0,0.0,2.0,0.0,0.0,8.0,0.0
sudan,OPG092,EBC-346044,35.0,,1.0,,45.0,,103.0,,0.0,,1.0,,1.0,,3.0,,0.0,,154.0,,154.0,103.0,45.0,0.0,3.0,1.0,1.0,1.0,0.0
sudan,OPG092,EBC-346045,64.0,,2.0,,38.0,,121.0,,0.0,,0.0,,0.0,,2.0,,0.0,,163.0,,163.0,121.0,38.0,0.0,2.0,0.0,0.0,2.0,0.0
sudan,OPG092,EBC-365075,,26.0,,0.0,,0.0,,0.0,,0.0,,0.0,,0.0,,0.0,,0.0,,0.0,0.0,0.0,0.0,0.0,0.0,0.0,0.0,0.0,0.0
sudan,OPG092,EBC-381049,,13.0,,0.0,,1.0,,0.0,,0.0,,0.0,,0.0,,0.0,,0.0,,1.0,-1.0,0.0,-1.0,0.0,0.0,0.0,0.0,0.0,0.0
sudan,OPG092,EBC-43021,75.0,,1.0,,67.0,,161.0,,0.0,,1.0,,0.0,,8.0,,0.0,,238.0,,238.0,161.0,67.0,0.0,8.0,0.0,1.0,1.0,0.0
sudan,OPG092,EBC-44056,,94.0,,0.0,,4.0,,0.0,,0.0,,0.0,,0.0,,0.0,,0.0,,4.0,-4.0,0.0,-4.0,0.0,0.0,0.0,0.0,0.0,0.0
sudan,OPG092,EBC-44082,,86.0,,0.0,,1.0,,0.0,,0.0,,0.0,,0.0,,0.0,,0.0,,1.0,-1.0,0.0,-1.0,0.0,0.0,0.0,0.0,0.0,0.0
sudan,OPG092,EBC-44083,,46.0,,0.0,,2.0,,3.0,,0.0,,0.0,,0.0,,0.0,,0.0,,5.0,-5.0,-3.0,-2.0,0.0,0.0,0.0,0.0,0.0,0.0
sudan,OPG092,EBC-44175,,19.0,,0.0,,1.0,,2.0,,0.0,,0.0,,0.0,,0.0,,0.0,,3.0,-3.0,-2.0,-1.0,0.0,0.0,0.0,0.0,0.0,0.0
sudan,OPG092,EBC-44196,,73.0,,0.0,,0.0,,0.0,,0.0,,0.0,,0.0,,0.0,,0.0,,0.0,0.0,0.0,0.0,0.0,0.0,0.0,0.0,0.0,0.0
sudan,OPG092,EBC-44283,,69.0,,0.0,,0.0,,0.0,,0.0,,0.0,,0.0,,0.0,,0.0,,0.0,0.0,0.0,0.0,0.0,0.0,0.0,0.0,0.0,0.0
sudan,OPG092,EBC-44358,68.0,,6.0,,63.0,,108.0,,0.0,,0.0,,1.0,,6.0,,0.0,,184.0,,184.0,108.0,63.0,0.0,6.0,1.0,0.0,6.0,0.0
sudan,OPG092,EBC-44401,83.0,,12.0,,51.0,,195.0,,0.0,,0.0,,1.0,,11.0,,0.0,,270.0,,270.0,195.0,51.0,0.0,11.0,1.0,0.0,12.0,0.0
sudan,OPG092,EBC-44440,,89.0,,0.0,,0.0,,0.0,,0.0,,0.0,,0.0,,0.0,,0.0,,0.0,0.0,0.0,0.0,0.0,0.0,0.0,0.0,0.0,0.0
sudan,OPG092,EBC-46057,8.0,,0.0,,45.0,,229.0,,0.0,,1.0,,1.0,,6.0,,0.0,,282.0,,282.0,229.0,45.0,0.0,6.0,1.0,1.0,0.0,0.0
sudan,OPG092,EBC-46286,,7.0,,0.0,,1.0,,6.0,,0.0,,1.0,,0.0,,0.0,,0.0,,8.0,-8.0,-6.0,-1.0,0.0,0.0,0.0,-1.0,0.0,0.0
sudan,OPG092,EBC-46294,9.0,,1.0,,100.0,,180.0,,0.0,,2.0,,1.0,,3.0,,0.0,,287.0,,287.0,180.0,100.0,0.0,3.0,1.0,2.0,1.0,0.0
sudan,OPG092,EBC-47216,,27.0,,0.0,,1.0,,0.0,,0.0,,0.0,,0.0,,0.0,,0.0,,1.0,-1.0,0.0,-1.0,0.0,0.0,0.0,0.0,0.0,0.0
sudan,OPG092,EBC-47314,,84.0,,0.0,,0.0,,3.0,,0.0,,1.0,,0.0,,2.0,,0.0,,6.0,-6.0,-3.0,0.0,0.0,-2.0,0.0,-1.0,0.0,0.0
sudan,OPG092,EBC-48145,,15.0,,0.0,,2.0,,0.0,,0.0,,0.0,,0.0,,0.0,,0.0,,2.0,-2.0,0.0,-2.0,0.0,0.0,0.0,0.0,0.0,0.0
sudan,OPG092,EBC-48170,,44.0,,0.0,,0.0,,0.0,,0.0,,0.0,,0.0,,0.0,,0.0,,0.0,0.0,0.0,0.0,0.0,0.0,0.0,0.0,0.0,0.0
sudan,OPG092,EBC-48186,3.0,,10.0,,43.0,,112.0,,0.0,,0.0,,0.0,,5.0,,0.0,,170.0,,170.0,112.0,43.0,0.0,5.0,0.0,0.0,10.0,0.0
sudan,OPG092,EBC-48201,,17.0,,0.0,,0.0,,0.0,,0.0,,0.0,,0.0,,0.0,,0.0,,0.0,0.0,0.0,0.0,0.0,0.0,0.0,0.0,0.0,0.0
sudan,OPG092,EBC-53021,29.0,,2.0,,53.0,,122.0,,0.0,,3.0,,0.0,,16.0,,0.0,,196.0,,196.0,122.0,53.0,0.0,16.0,0.0,3.0,2.0,0.0
sudan,OPG092,EBC-54090,,61.0,,0.0,,2.0,,11.0,,0.0,,0.0,,0.0,,0.0,,0.0,,13.0,-13.0,-11.0,-2.0,0.0,0.0,0.0,0.0,0.0,0.0
sudan,OPG092,EBC-63030,59.0,,0.0,,16.0,,181.0,,0.0,,3.0,,1.0,,7.0,,0.0,,208.0,,208.0,181.0,16.0,0.0,7.0,1.0,3.0,0.0,0.0
sudan,OPG092,EBC-63089,5.0,,2.0,,91.0,,174.0,,0.0,,1.0,,0.0,,9.0,,0.0,,277.0,,277.0,174.0,91.0,0.0,9.0,0.0,1.0,2.0,0.0
sudan,OPG092,EBC-75135,,93.0,,0.0,,2.0,,0.0,,0.0,,0.0,,0.0,,0.0,,0.0,,2.0,-2.0,0.0,-2.0,0.0,0.0,0.0,0.0,0.0,0.0
sudan,OPG092,EBC-84050,88.0,,5.0,,80.0,,144.0,,0.0,,3.0,,2.0,,21.0,,0.0,,255.0,,255.0,144.0,80.0,0.0,21.0,2.0,3.0,5.0,0.0
sudan,OPG092,EBC-99051,81.0,,5.0,,35.0,,126.0,,0.0,,4.0,,2.0,,5.0,,0.0,,177.0,,177.0,126.0,35.0,0.0,5.0,2.0,4.0,5.0,0.0
sudan,OPG092,EBC-99057,,8.0,,0.0,,1.0,,3.0,,0.0,,0.0,,0.0,,0.0,,0.0,,4.0,-4.0,-3.0,-1.0,0.0,0.0,0.0,0.0,0.0,0.0
sudan,OPG112,EBC-00537,,4.0,,0.0,,0.0,,1.0,,0.0,,0.0,,0.0,,1.0,,0.0,,2.0,-2.0,-1.0,0.0,0.0,-1.0,0.0,0.0,0.0,0.0
sudan,OPG112,EBC-00588,,63.0,,0.0,,1.0,,4.0,,0.0,,3.0,,0.0,,0.0,,0.0,,8.0,-8.0,-4.0,-1.0,0.0,0.0,0.0,-3.0,0.0,0.0
sudan,OPG112,EBC-00694,68.0,,5.0,,80.0,,115.0,,0.0,,0.0,,0.0,,7.0,,0.0,,207.0,,207.0,115.0,80.0,0.0,7.0,0.0,0.0,5.0,0.0
sudan,OPG112,EBC-00711,37.0,,0.0,,15.0,,159.0,,0.0,,2.0,,0.0,,9.0,,0.0,,185.0,,185.0,159.0,15.0,0.0,9.0,0.0,2.0,0.0,0.0
sudan,OPG112,EBC-02079,38.0,,0.0,,42.0,,89.0,,0.0,,0.0,,0.0,,15.0,,0.0,,146.0,,146.0,89.0,42.0,0.0,15.0,0.0,0.0,0.0,0.0
sudan,OPG112,EBC-03046,,38.0,,0.0,,1.0,,2.0,,0.0,,0.0,,0.0,,0.0,,0.0,,3.0,-3.0,-2.0,-1.0,0.0,0.0,0.0,0.0,0.0,0.0
sudan,OPG112,EBC-03111,,16.0,,0.0,,0.0,,0.0,,0.0,,0.0,,0.0,,0.0,,0.0,,0.0,0.0,0.0,0.0,0.0,0.0,0.0,0.0,0.0,0.0
sudan,OPG112,EBC-03170,,61.0,,0.0,,0.0,,0.0,,0.0,,0.0,,0.0,,2.0,,0.0,,2.0,-2.0,0.0,0.0,0.0,-2.0,0.0,0.0,0.0,0.0
sudan,OPG112,EBC-03196,,40.0,,0.0,,0.0,,0.0,,0.0,,0.0,,0.0,,0.0,,0.0,,0.0,0.0,0.0,0.0,0.0,0.0,0.0,0.0,0.0,0.0
sudan,OPG112,EBC-03237,,46.0,,0.0,,0.0,,0.0,,0.0,,0.0,,0.0,,1.0,,0.0,,1.0,-1.0,0.0,0.0,0.0,-1.0,0.0,0.0,0.0,0.0
sudan,OPG112,EBC-03250,,49.0,,0.0,,1.0,,4.0,,0.0,,1.0,,0.0,,0.0,,0.0,,6.0,-6.0,-4.0,-1.0,0.0,0.0,0.0,-1.0,0.0,0.0
sudan,OPG112,EBC-03337,,8.0,,0.0,,1.0,,0.0,,0.0,,0.0,,1.0,,0.0,,0.0,,2.0,-2.0,0.0,-1.0,0.0,0.0,-1.0,0.0,0.0,0.0
sudan,OPG112,EBC-03346,,37.0,,0.0,,2.0,,2.0,,0.0,,0.0,,1.0,,0.0,,0.0,,5.0,-5.0,-2.0,-2.0,0.0,0.0,-1.0,0.0,0.0,0.0
sudan,OPG112,EBC-03357,,2.0,,0.0,,0.0,,4.0,,0.0,,1.0,,0.0,,0.0,,0.0,,5.0,-5.0,-4.0,0.0,0.0,0.0,0.0,-1.0,0.0,0.0
sudan,OPG112,EBC-03450,,39.0,,0.0,,2.0,,2.0,,0.0,,0.0,,1.0,,0.0,,0.0,,5.0,-5.0,-2.0,-2.0,0.0,0.0,-1.0,0.0,0.0,0.0
sudan,OPG112,EBC-03544,,14.0,,0.0,,0.0,,1.0,,0.0,,0.0,,0.0,,0.0,,0.0,,1.0,-1.0,-1.0,0.0,0.0,0.0,0.0,0.0,0.0,0.0
sudan,OPG112,EBC-03601,,18.0,,0.0,,0.0,,2.0,,0.0,,0.0,,0.0,,0.0,,0.0,,2.0,-2.0,-2.0,0.0,0.0,0.0,0.0,0.0,0.0,0.0
sudan,OPG112,EBC-03728,,22.0,,0.0,,1.0,,2.0,,0.0,,0.0,,1.0,,0.0,,0.0,,4.0,-4.0,-2.0,-1.0,0.0,0.0,-1.0,0.0,0.0,0.0
sudan,OPG112,EBC-03775,,80.0,,0.0,,0.0,,5.0,,0.0,,2.0,,0.0,,1.0,,0.0,,8.0,-8.0,-5.0,0.0,0.0,-1.0,0.0,-2.0,0.0,0.0
sudan,OPG112,EBC-03798,,100.0,,0.0,,0.0,,1.0,,0.0,,0.0,,0.0,,0.0,,0.0,,1.0,-1.0,-1.0,0.0,0.0,0.0,0.0,0.0,0.0,0.0
sudan,OPG112,EBC-03821,,77.0,,0.0,,1.0,,4.0,,0.0,,1.0,,0.0,,2.0,,0.0,,8.0,-8.0,-4.0,-1.0,0.0,-2.0,0.0,-1.0,0.0,0.0
sudan,OPG112,EBC-03883,,26.0,,0.0,,3.0,,3.0,,0.0,,0.0,,1.0,,0.0,,0.0,,7.0,-7.0,-3.0,-3.0,0.0,0.0,-1.0,0.0,0.0,0.0
sudan,OPG112,EBC-03959,,28.0,,0.0,,0.0,,1.0,,0.0,,0.0,,0.0,,0.0,,0.0,,1.0,-1.0,-1.0,0.0,0.0,0.0,0.0,0.0,0.0,0.0
sudan,OPG112,EBC-04028,,42.0,,0.0,,0.0,,0.0,,0.0,,0.0,,0.0,,0.0,,0.0,,0.0,0.0,0.0,0.0,0.0,0.0,0.0,0.0,0.0,0.0
sudan,OPG112,EBC-04074,,86.0,,0.0,,0.0,,0.0,,0.0,,0.0,,0.0,,0.0,,0.0,,0.0,0.0,0.0,0.0,0.0,0.0,0.0,0.0,0.0,0.0
sudan,OPG112,EBC-04092,,81.0,,0.0,,0.0,,4.0,,0.0,,1.0,,0.0,,1.0,,0.0,,6.0,-6.0,-4.0,0.0,0.0,-1.0,0.0,-1.0,0.0,0.0
sudan,OPG112,EBC-04125,,65.0,,0.0,,1.0,,5.0,,0.0,,1.0,,0.0,,0.0,,0.0,,7.0,-7.0,-5.0,-1.0,0.0,0.0,0.0,-1.0,0.0,0.0
sudan,OPG112,EBC-04147,,76.0,,0.0,,0.0,,4.0,,0.0,,1.0,,0.0,,0.0,,0.0,,5.0,-5.0,-4.0,0.0,0.0,0.0,0.0,-1.0,0.0,0.0
sudan,OPG112,EBC-04270,,21.0,,0.0,,1.0,,0.0,,0.0,,0.0,,0.0,,0.0,,0.0,,1.0,-1.0,0.0,-1.0,0.0,0.0,0.0,0.0,0.0,0.0
sudan,OPG112,EBC-04271,,19.0,,0.0,,1.0,,0.0,,0.0,,0.0,,0.0,,0.0,,0.0,,1.0,-1.0,0.0,-1.0,0.0,0.0,0.0,0.0,0.0,0.0
sudan,OPG112,EBC-04298,,41.0,,0.0,,0.0,,0.0,,0.0,,0.0,,0.0,,0.0,,0.0,,0.0,0.0,0.0,0.0,0.0,0.0,0.0,0.0,0.0,0.0
sudan,OPG112,EBC-04431,,93.0,,0.0,,0.0,,2.0,,0.0,,0.0,,0.0,,0.0,,0.0,,2.0,-2.0,-2.0,0.0,0.0,0.0,0.0,0.0,0.0,0.0
sudan,OPG112,EBC-06036,,89.0,,0.0,,0.0,,1.0,,0.0,,0.0,,0.0,,0.0,,0.0,,1.0,-1.0,-1.0,0.0,0.0,0.0,0.0,0.0,0.0,0.0
sudan,OPG112,EBC-06047,,94.0,,0.0,,1.0,,0.0,,0.0,,0.0,,0.0,,0.0,,0.0,,1.0,-1.0,0.0,-1.0,0.0,0.0,0.0,0.0,0.0,0.0
sudan,OPG112,EBC-06054,,91.0,,0.0,,0.0,,2.0,,0.0,,0.0,,0.0,,0.0,,0.0,,2.0,-2.0,-2.0,0.0,0.0,0.0,0.0,0.0,0.0,0.0
sudan,OPG112,EBC-06061,82.0,,0.0,,64.0,,91.0,,0.0,,1.0,,0.0,,10.0,,0.0,,166.0,,166.0,91.0,64.0,0.0,10.0,0.0,1.0,0.0,0.0
sudan,OPG112,EBC-06062,57.0,,0.0,,59.0,,143.0,,0.0,,0.0,,0.0,,8.0,,0.0,,210.0,,210.0,143.0,59.0,0.0,8.0,0.0,0.0,0.0,0.0
sudan,OPG112,EBC-06215,,96.0,,0.0,,2.0,,1.0,,0.0,,0.0,,0.0,,0.0,,0.0,,3.0,-3.0,-1.0,-2.0,0.0,0.0,0.0,0.0,0.0,0.0
sudan,OPG112,EBC-06218,,67.0,,0.0,,2.0,,3.0,,0.0,,0.0,,0.0,,0.0,,0.0,,5.0,-5.0,-3.0,-2.0,0.0,0.0,0.0,0.0,0.0,0.0
sudan,OPG112,EBC-06222,,56.0,,0.0,,1.0,,5.0,,0.0,,1.0,,0.0,,0.0,,0.0,,7.0,-7.0,-5.0,-1.0,0.0,0.0,0.0,-1.0,0.0,0.0
sudan,OPG112,EBC-06239,,27.0,,0.0,,1.0,,6.0,,0.0,,0.0,,0.0,,0.0,,0.0,,7.0,-7.0,-6.0,-1.0,0.0,0.0,0.0,0.0,0.0,0.0
sudan,OPG112,EBC-06304,,58.0,,0.0,,0.0,,1.0,,0.0,,0.0,,0.0,,1.0,,0.0,,2.0,-2.0,-1.0,0.0,0.0,-1.0,0.0,0.0,0.0,0.0
sudan,OPG112,EBC-06307,,47.0,,0.0,,0.0,,1.0,,0.0,,0.0,,0.0,,0.0,,0.0,,1.0,-1.0,-1.0,0.0,0.0,0.0,0.0,0.0,0.0,0.0
sudan,OPG112,EBC-06383,,32.0,,0.0,,4.0,,4.0,,0.0,,0.0,,1.0,,0.0,,0.0,,9.0,-9.0,-4.0,-4.0,0.0,0.0,-1.0,0.0,0.0,0.0
sudan,OPG112,EBC-06389,,87.0,,0.0,,1.0,,6.0,,0.0,,0.0,,0.0,,0.0,,0.0,,7.0,-7.0,-6.0,-1.0,0.0,0.0,0.0,0.0,0.0,0.0
sudan,OPG112,EBC-06620,,60.0,,0.0,,0.0,,5.0,,0.0,,2.0,,0.0,,1.0,,0.0,,8.0,-8.0,-5.0,0.0,0.0,-1.0,0.0,-2.0,0.0,0.0
sudan,OPG112,EBC-06798,,74.0,,0.0,,1.0,,4.0,,0.0,,2.0,,0.0,,2.0,,0.0,,9.0,-9.0,-4.0,-1.0,0.0,-2.0,0.0,-2.0,0.0,0.0
sudan,OPG112,EBC-06841,,45.0,,0.0,,1.0,,3.0,,0.0,,1.0,,0.0,,0.0,,0.0,,5.0,-5.0,-3.0,-1.0,0.0,0.0,0.0,-1.0,0.0,0.0
sudan,OPG112,EBC-06859,,99.0,,0.0,,0.0,,2.0,,0.0,,0.0,,0.0,,0.0,,0.0,,2.0,-2.0,-2.0,0.0,0.0,0.0,0.0,0.0,0.0,0.0
sudan,OPG112,EBC-06975,,12.0,,0.0,,1.0,,0.0,,0.0,,0.0,,0.0,,0.0,,0.0,,1.0,-1.0,0.0,-1.0,0.0,0.0,0.0,0.0,0.0,0.0
sudan,OPG112,EBC-07057,,78.0,,0.0,,2.0,,4.0,,0.0,,1.0,,0.0,,0.0,,0.0,,7.0,-7.0,-4.0,-2.0,0.0,0.0,0.0,-1.0,0.0,0.0
sudan,OPG112,EBC-07157,72.0,,0.0,,60.0,,71.0,,0.0,,2.0,,0.0,,21.0,,0.0,,154.0,,154.0,71.0,60.0,0.0,21.0,0.0,2.0,0.0,0.0
sudan,OPG112,EBC-07357,,85.0,,0.0,,0.0,,5.0,,0.0,,1.0,,0.0,,0.0,,0.0,,6.0,-6.0,-5.0,0.0,0.0,0.0,0.0,-1.0,0.0,0.0
sudan,OPG112,EBC-07367,84.0,,0.0,,66.0,,128.0,,0.0,,0.0,,1.0,,5.0,,0.0,,200.0,,200.0,128.0,66.0,0.0,5.0,1.0,0.0,0.0,0.0
sudan,OPG112,EBC-07462,23.0,,0.0,,58.0,,97.0,,0.0,,2.0,,0.0,,8.0,,0.0,,165.0,,165.0,97.0,58.0,0.0,8.0,0.0,2.0,0.0,0.0
sudan,OPG112,EBC-07498,,71.0,,1.0,,1.0,,3.0,,0.0,,2.0,,1.0,,0.0,,0.0,,8.0,-8.0,-3.0,-1.0,0.0,0.0,-1.0,-2.0,-1.0,0.0
sudan,OPG112,EBC-07557,50.0,,0.0,,65.0,,110.0,,0.0,,3.0,,2.0,,5.0,,0.0,,185.0,,185.0,110.0,65.0,0.0,5.0,2.0,3.0,0.0,0.0
sudan,OPG112,EBC-07586,,3.0,,0.0,,0.0,,4.0,,0.0,,2.0,,0.0,,0.0,,0.0,,6.0,-6.0,-4.0,0.0,0.0,0.0,0.0,-2.0,0.0,0.0
sudan,OPG112,EBC-07628,,95.0,,0.0,,1.0,,1.0,,0.0,,0.0,,0.0,,0.0,,0.0,,2.0,-2.0,-1.0,-1.0,0.0,0.0,0.0,0.0,0.0,0.0
sudan,OPG112,EBC-07725,,70.0,,0.0,,2.0,,4.0,,0.0,,0.0,,0.0,,0.0,,0.0,,6.0,-6.0,-4.0,-2.0,0.0,0.0,0.0,0.0,0.0,0.0
sudan,OPG112,EBC-07872,65.0,,0.0,,66.0,,133.0,,0.0,,1.0,,1.0,,10.0,,0.0,,211.0,,211.0,133.0,66.0,0.0,10.0,1.0,1.0,0.0,0.0
sudan,OPG112,EBC-07988,13.0,,0.0,,107.0,,133.0,,0.0,,1.0,,1.0,,29.0,,0.0,,271.0,,271.0,133.0,107.0,0.0,29.0,1.0,1.0,0.0,0.0
sudan,OPG112,EBC-08103,,62.0,,1.0,,0.0,,1.0,,0.0,,1.0,,0.0,,0.0,,0.0,,3.0,-3.0,-1.0,0.0,0.0,0.0,0.0,-1.0,-1.0,0.0
sudan,OPG112,EBC-08123,,13.0,,0.0,,1.0,,5.0,,0.0,,0.0,,0.0,,0.0,,0.0,,6.0,-6.0,-5.0,-1.0,0.0,0.0,0.0,0.0,0.0,0.0
sudan,OPG112,EBC-08204,,33.0,,0.0,,1.0,,3.0,,0.0,,1.0,,0.0,,0.0,,0.0,,5.0,-5.0,-3.0,-1.0,0.0,0.0,0.0,-1.0,0.0,0.0
sudan,OPG112,EBC-08307,,68.0,,0.0,,1.0,,6.0,,0.0,,1.0,,0.0,,0.0,,0.0,,8.0,-8.0,-6.0,-1.0,0.0,0.0,0.0,-1.0,0.0,0.0
sudan,OPG112,EBC-08600,,92.0,,0.0,,0.0,,1.0,,0.0,,0.0,,0.0,,0.0,,0.0,,1.0,-1.0,-1.0,0.0,0.0,0.0,0.0,0.0,0.0,0.0
sudan,OPG112,EBC-08615,4.0,,0.0,,110.0,,96.0,,0.0,,0.0,,0.0,,16.0,,0.0,,222.0,,222.0,96.0,110.0,0.0,16.0,0.0,0.0,0.0,0.0
sudan,OPG112,EBC-08645,,75.0,,0.0,,0.0,,2.0,,0.0,,1.0,,0.0,,0.0,,0.0,,3.0,-3.0,-2.0,0.0,0.0,0.0,0.0,-1.0,0.0,0.0
sudan,OPG112,EBC-08788,28.0,,0.0,,49.0,,124.0,,0.0,,2.0,,1.0,,11.0,,0.0,,187.0,,187.0,124.0,49.0,0.0,11.0,1.0,2.0,0.0,0.0
sudan,OPG112,EBC-08829,,84.0,,0.0,,1.0,,3.0,,0.0,,0.0,,0.0,,0.0,,0.0,,4.0,-4.0,-3.0,-1.0,0.0,0.0,0.0,0.0,0.0,0.0
sudan,OPG112,EBC-08908,36.0,,2.0,,106.0,,119.0,,0.0,,1.0,,1.0,,7.0,,0.0,,236.0,,236.0,119.0,106.0,0.0,7.0,1.0,1.0,2.0,0.0
sudan,OPG112,EBC-08915,53.0,,0.0,,43.0,,148.0,,0.0,,0.0,,0.0,,3.0,,0.0,,194.0,,194.0,148.0,43.0,0.0,3.0,0.0,0.0,0.0,0.0
sudan,OPG112,EBC-09105,,36.0,,0.0,,1.0,,2.0,,0.0,,0.0,,1.0,,0.0,,0.0,,4.0,-4.0,-2.0,-1.0,0.0,0.0,-1.0,0.0,0.0,0.0
sudan,OPG112,EBC-09174,,64.0,,0.0,,0.0,,4.0,,0.0,,3.0,,0.0,,0.0,,0.0,,7.0,-7.0,-4.0,0.0,0.0,0.0,0.0,-3.0,0.0,0.0
sudan,OPG112,EBC-09202,21.0,,0.0,,85.0,,117.0,,0.0,,0.0,,1.0,,11.0,,0.0,,214.0,,214.0,117.0,85.0,0.0,11.0,1.0,0.0,0.0,0.0
sudan,OPG112,EBC-102119,47.0,,0.0,,135.0,,81.0,,0.0,,0.0,,0.0,,11.0,,0.0,,227.0,,227.0,81.0,135.0,0.0,11.0,0.0,0.0,0.0,0.0
sudan,OPG112,EBC-11029,74.0,,0.0,,109.0,,124.0,,0.0,,1.0,,0.0,,26.0,,0.0,,260.0,,260.0,124.0,109.0,0.0,26.0,0.0,1.0,0.0,0.0
sudan,OPG112,EBC-11033,,50.0,,0.0,,4.0,,0.0,,0.0,,0.0,,0.0,,0.0,,0.0,,4.0,-4.0,0.0,-4.0,0.0,0.0,0.0,0.0,0.0,0.0
sudan,OPG112,EBC-11230,89.0,,0.0,,90.0,,102.0,,0.0,,2.0,,0.0,,14.0,,0.0,,208.0,,208.0,102.0,90.0,0.0,14.0,0.0,2.0,0.0,0.0
sudan,OPG112,EBC-11281,19.0,,20.0,,51.0,,97.0,,0.0,,0.0,,0.0,,4.0,,0.0,,172.0,,172.0,97.0,51.0,0.0,4.0,0.0,0.0,20.0,0.0
sudan,OPG112,EBC-11364,75.0,,15.0,,74.0,,76.0,,0.0,,2.0,,0.0,,9.0,,0.0,,176.0,,176.0,76.0,74.0,0.0,9.0,0.0,2.0,15.0,0.0
sudan,OPG112,EBC-11367,87.0,,0.0,,73.0,,96.0,,0.0,,0.0,,2.0,,13.0,,0.0,,184.0,,184.0,96.0,73.0,0.0,13.0,2.0,0.0,0.0,0.0
sudan,OPG112,EBC-11433,29.0,,10.0,,85.0,,103.0,,0.0,,2.0,,2.0,,14.0,,0.0,,216.0,,216.0,103.0,85.0,0.0,14.0,2.0,2.0,10.0,0.0
sudan,OPG112,EBC-11436,77.0,,12.0,,75.0,,104.0,,0.0,,1.0,,0.0,,15.0,,0.0,,207.0,,207.0,104.0,75.0,0.0,15.0,0.0,1.0,12.0,0.0
sudan,OPG112,EBC-118033,41.0,,1.0,,80.0,,83.0,,0.0,,1.0,,0.0,,14.0,,0.0,,179.0,,179.0,83.0,80.0,0.0,14.0,0.0,1.0,1.0,0.0
sudan,OPG112,EBC-12035,15.0,,0.0,,92.0,,65.0,,0.0,,0.0,,0.0,,0.0,,0.0,,157.0,,157.0,65.0,92.0,0.0,0.0,0.0,0.0,0.0,0.0
sudan,OPG112,EBC-12037,70.0,,0.0,,42.0,,152.0,,0.0,,3.0,,0.0,,11.0,,0.0,,208.0,,208.0,152.0,42.0,0.0,11.0,0.0,3.0,0.0,0.0
sudan,OPG112,EBC-12197,,31.0,,0.0,,0.0,,0.0,,0.0,,0.0,,0.0,,0.0,,0.0,,0.0,0.0,0.0,0.0,0.0,0.0,0.0,0.0,0.0,0.0
sudan,OPG112,EBC-12442,43.0,,6.0,,92.0,,95.0,,0.0,,3.0,,2.0,,26.0,,0.0,,224.0,,224.0,95.0,92.0,0.0,26.0,2.0,3.0,6.0,0.0
sudan,OPG112,EBC-12742,,25.0,,0.0,,1.0,,2.0,,0.0,,0.0,,0.0,,0.0,,0.0,,3.0,-3.0,-2.0,-1.0,0.0,0.0,0.0,0.0,0.0,0.0
sudan,OPG112,EBC-12878,78.0,,0.0,,125.0,,110.0,,0.0,,2.0,,1.0,,13.0,,0.0,,251.0,,251.0,110.0,125.0,0.0,13.0,1.0,2.0,0.0,0.0
sudan,OPG112,EBC-13025,100.0,,0.0,,59.0,,97.0,,0.0,,0.0,,1.0,,7.0,,0.0,,164.0,,164.0,97.0,59.0,0.0,7.0,1.0,0.0,0.0,0.0
sudan,OPG112,EBC-13064,79.0,,8.0,,86.0,,99.0,,0.0,,1.0,,0.0,,7.0,,0.0,,201.0,,201.0,99.0,86.0,0.0,7.0,0.0,1.0,8.0,0.0
sudan,OPG112,EBC-13120,60.0,,0.0,,88.0,,88.0,,0.0,,1.0,,0.0,,23.0,,0.0,,200.0,,200.0,88.0,88.0,0.0,23.0,0.0,1.0,0.0,0.0
sudan,OPG112,EBC-13127,80.0,,0.0,,90.0,,135.0,,0.0,,0.0,,1.0,,13.0,,0.0,,239.0,,239.0,135.0,90.0,0.0,13.0,1.0,0.0,0.0,0.0
sudan,OPG112,EBC-13472,45.0,,11.0,,101.0,,86.0,,0.0,,1.0,,0.0,,9.0,,0.0,,208.0,,208.0,86.0,101.0,0.0,9.0,0.0,1.0,11.0,0.0
sudan,OPG112,EBC-13585,63.0,,0.0,,49.0,,135.0,,0.0,,1.0,,0.0,,16.0,,0.0,,201.0,,201.0,135.0,49.0,0.0,16.0,0.0,1.0,0.0,0.0
sudan,OPG112,EBC-13607,1.0,,0.0,,79.0,,136.0,,0.0,,0.0,,0.0,,16.0,,0.0,,231.0,,231.0,136.0,79.0,0.0,16.0,0.0,0.0,0.0,0.0
sudan,OPG112,EBC-14147,95.0,,0.0,,76.0,,77.0,,0.0,,0.0,,0.0,,12.0,,0.0,,165.0,,165.0,77.0,76.0,0.0,12.0,0.0,0.0,0.0,0.0
sudan,OPG112,EBC-14214,27.0,,5.0,,48.0,,146.0,,0.0,,2.0,,1.0,,9.0,,0.0,,211.0,,211.0,146.0,48.0,0.0,9.0,1.0,2.0,5.0,0.0
sudan,OPG112,EBC-144099,62.0,,6.0,,93.0,,93.0,,0.0,,2.0,,0.0,,12.0,,0.0,,206.0,,206.0,93.0,93.0,0.0,12.0,0.0,2.0,6.0,0.0
sudan,OPG112,EBC-145085,96.0,,3.0,,86.0,,103.0,,0.0,,1.0,,0.0,,15.0,,0.0,,208.0,,208.0,103.0,86.0,0.0,15.0,0.0,1.0,3.0,0.0
sudan,OPG112,EBC-145131,81.0,,0.0,,59.0,,89.0,,0.0,,0.0,,0.0,,12.0,,0.0,,160.0,,160.0,89.0,59.0,0.0,12.0,0.0,0.0,0.0,0.0
sudan,OPG112,EBC-145226,12.0,,0.0,,93.0,,90.0,,0.0,,1.0,,1.0,,23.0,,0.0,,208.0,,208.0,90.0,93.0,0.0,23.0,1.0,1.0,0.0,0.0
sudan,OPG112,EBC-14784,,66.0,,0.0,,0.0,,2.0,,0.0,,1.0,,0.0,,1.0,,0.0,,4.0,-4.0,-2.0,0.0,0.0,-1.0,0.0,-1.0,0.0,0.0
sudan,OPG112,EBC-148031,31.0,,0.0,,92.0,,117.0,,0.0,,1.0,,1.0,,12.0,,0.0,,223.0,,223.0,117.0,92.0,0.0,12.0,1.0,1.0,0.0,0.0
sudan,OPG112,EBC-148148,26.0,,0.0,,36.0,,126.0,,0.0,,1.0,,4.0,,13.0,,0.0,,180.0,,180.0,126.0,36.0,0.0,13.0,4.0,1.0,0.0,0.0
sudan,OPG112,EBC-149094,32.0,,0.0,,45.0,,101.0,,0.0,,1.0,,0.0,,20.0,,0.0,,167.0,,167.0,101.0,45.0,0.0,20.0,0.0,1.0,0.0,0.0
sudan,OPG112,EBC-149104,,15.0,,0.0,,0.0,,2.0,,0.0,,0.0,,0.0,,0.0,,0.0,,2.0,-2.0,-2.0,0.0,0.0,0.0,0.0,0.0,0.0,0.0
sudan,OPG112,EBC-149124,,55.0,,0.0,,1.0,,3.0,,0.0,,2.0,,0.0,,0.0,,0.0,,6.0,-6.0,-3.0,-1.0,0.0,0.0,0.0,-2.0,0.0,0.0
sudan,OPG112,EBC-150066,66.0,,0.0,,58.0,,139.0,,0.0,,2.0,,0.0,,7.0,,0.0,,206.0,,206.0,139.0,58.0,0.0,7.0,0.0,2.0,0.0,0.0
sudan,OPG112,EBC-151027,,73.0,,0.0,,0.0,,2.0,,0.0,,1.0,,0.0,,1.0,,0.0,,4.0,-4.0,-2.0,0.0,0.0,-1.0,0.0,-1.0,0.0,0.0
sudan,OPG112,EBC-151028,,9.0,,0.0,,2.0,,2.0,,0.0,,0.0,,0.0,,0.0,,0.0,,4.0,-4.0,-2.0,-2.0,0.0,0.0,0.0,0.0,0.0,0.0
sudan,OPG112,EBC-151029,,24.0,,0.0,,2.0,,2.0,,0.0,,0.0,,0.0,,0.0,,0.0,,4.0,-4.0,-2.0,-2.0,0.0,0.0,0.0,0.0,0.0,0.0
sudan,OPG112,EBC-153023,,20.0,,0.0,,3.0,,4.0,,0.0,,0.0,,0.0,,0.0,,0.0,,7.0,-7.0,-4.0,-3.0,0.0,0.0,0.0,0.0,0.0,0.0
sudan,OPG112,EBC-153025,,23.0,,0.0,,2.0,,1.0,,0.0,,0.0,,0.0,,0.0,,0.0,,3.0,-3.0,-1.0,-2.0,0.0,0.0,0.0,0.0,0.0,0.0
sudan,OPG112,EBC-153063,,69.0,,0.0,,0.0,,3.0,,0.0,,1.0,,0.0,,1.0,,0.0,,5.0,-5.0,-3.0,0.0,0.0,-1.0,0.0,-1.0,0.0,0.0
sudan,OPG112,EBC-153169,,35.0,,0.0,,0.0,,0.0,,0.0,,0.0,,0.0,,0.0,,0.0,,0.0,0.0,0.0,0.0,0.0,0.0,0.0,0.0,0.0,0.0
sudan,OPG112,EBC-155082,20.0,,0.0,,55.0,,115.0,,0.0,,0.0,,2.0,,13.0,,0.0,,185.0,,185.0,115.0,55.0,0.0,13.0,2.0,0.0,0.0,0.0
sudan,OPG112,EBC-157073,59.0,,0.0,,34.0,,142.0,,0.0,,2.0,,3.0,,8.0,,0.0,,189.0,,189.0,142.0,34.0,0.0,8.0,3.0,2.0,0.0,0.0
sudan,OPG112,EBC-157197,83.0,,0.0,,73.0,,91.0,,0.0,,2.0,,0.0,,10.0,,0.0,,176.0,,176.0,91.0,73.0,0.0,10.0,0.0,2.0,0.0,0.0
sudan,OPG112,EBC-157209,10.0,,0.0,,60.0,,141.0,,0.0,,3.0,,4.0,,16.0,,0.0,,224.0,,224.0,141.0,60.0,0.0,16.0,4.0,3.0,0.0,0.0
sudan,OPG112,EBC-157213,48.0,,8.0,,76.0,,101.0,,0.0,,2.0,,0.0,,14.0,,0.0,,201.0,,201.0,101.0,76.0,0.0,14.0,0.0,2.0,8.0,0.0
sudan,OPG112,EBC-157224,88.0,,0.0,,82.0,,110.0,,0.0,,0.0,,2.0,,14.0,,0.0,,208.0,,208.0,110.0,82.0,0.0,14.0,2.0,0.0,0.0,0.0
sudan,OPG112,EBC-157241,94.0,,6.0,,76.0,,108.0,,0.0,,1.0,,1.0,,17.0,,0.0,,209.0,,209.0,108.0,76.0,0.0,17.0,1.0,1.0,6.0,0.0
sudan,OPG112,EBC-157248,97.0,,0.0,,89.0,,104.0,,0.0,,1.0,,2.0,,6.0,,0.0,,202.0,,202.0,104.0,89.0,0.0,6.0,2.0,1.0,0.0,0.0
sudan,OPG112,EBC-157249,61.0,,0.0,,80.0,,91.0,,0.0,,2.0,,1.0,,30.0,,0.0,,204.0,,204.0,91.0,80.0,0.0,30.0,1.0,2.0,0.0,0.0
sudan,OPG112,EBC-160036,22.0,,3.0,,43.0,,102.0,,0.0,,0.0,,1.0,,7.0,,0.0,,156.0,,156.0,102.0,43.0,0.0,7.0,1.0,0.0,3.0,0.0
sudan,OPG112,EBC-167026,,34.0,,0.0,,0.0,,1.0,,0.0,,0.0,,0.0,,0.0,,0.0,,1.0,-1.0,-1.0,0.0,0.0,0.0,0.0,0.0,0.0,0.0
sudan,OPG112,EBC-170057,,72.0,,0.0,,0.0,,2.0,,0.0,,0.0,,0.0,,1.0,,0.0,,3.0,-3.0,-2.0,0.0,0.0,-1.0,0.0,0.0,0.0,0.0
sudan,OPG112,EBC-17121,69.0,,0.0,,87.0,,96.0,,0.0,,0.0,,0.0,,26.0,,0.0,,209.0,,209.0,96.0,87.0,0.0,26.0,0.0,0.0,0.0,0.0
sudan,OPG112,EBC-17140,11.0,,0.0,,99.0,,101.0,,0.0,,1.0,,2.0,,13.0,,0.0,,216.0,,216.0,101.0,99.0,0.0,13.0,2.0,1.0,0.0,0.0
sudan,OPG112,EBC-198034,,82.0,,0.0,,1.0,,4.0,,0.0,,0.0,,1.0,,0.0,,0.0,,6.0,-6.0,-4.0,-1.0,0.0,0.0,-1.0,0.0,0.0,0.0
sudan,OPG112,EBC-216028,91.0,,0.0,,51.0,,130.0,,0.0,,0.0,,1.0,,9.0,,0.0,,191.0,,191.0,130.0,51.0,0.0,9.0,1.0,0.0,0.0,0.0
sudan,OPG112,EBC-217022,99.0,,6.0,,74.0,,86.0,,0.0,,0.0,,0.0,,17.0,,0.0,,183.0,,183.0,86.0,74.0,0.0,17.0,0.0,0.0,6.0,0.0
sudan,OPG112,EBC-218043,5.0,,0.0,,91.0,,109.0,,0.0,,2.0,,0.0,,21.0,,0.0,,223.0,,223.0,109.0,91.0,0.0,21.0,0.0,2.0,0.0,0.0
sudan,OPG112,EBC-221084,7.0,,0.0,,83.0,,78.0,,0.0,,0.0,,0.0,,31.0,,0.0,,192.0,,192.0,78.0,83.0,0.0,31.0,0.0,0.0,0.0,0.0
sudan,OPG112,EBC-23629,73.0,,0.0,,49.0,,123.0,,0.0,,1.0,,0.0,,4.0,,0.0,,177.0,,177.0,123.0,49.0,0.0,4.0,0.0,1.0,0.0,0.0
sudan,OPG112,EBC-248072,,1.0,,0.0,,1.0,,0.0,,0.0,,0.0,,0.0,,1.0,,0.0,,2.0,-2.0,0.0,-1.0,0.0,-1.0,0.0,0.0,0.0,0.0
sudan,OPG112,EBC-251173,67.0,,0.0,,102.0,,130.0,,0.0,,2.0,,1.0,,15.0,,0.0,,250.0,,250.0,130.0,102.0,0.0,15.0,1.0,2.0,0.0,0.0
sudan,OPG112,EBC-252074,,53.0,,0.0,,0.0,,1.0,,0.0,,0.0,,0.0,,2.0,,0.0,,3.0,-3.0,-1.0,0.0,0.0,-2.0,0.0,0.0,0.0,0.0
sudan,OPG112,EBC-252090,,88.0,,1.0,,1.0,,5.0,,0.0,,0.0,,3.0,,0.0,,0.0,,10.0,-10.0,-5.0,-1.0,0.0,0.0,-3.0,0.0,-1.0,0.0
sudan,OPG112,EBC-252122,34.0,,12.0,,45.0,,100.0,,0.0,,1.0,,0.0,,13.0,,0.0,,171.0,,171.0,100.0,45.0,0.0,13.0,0.0,1.0,12.0,0.0
sudan,OPG112,EBC-253321,,30.0,,0.0,,1.0,,3.0,,0.0,,0.0,,0.0,,0.0,,0.0,,4.0,-4.0,-3.0,-1.0,0.0,0.0,0.0,0.0,0.0,0.0
sudan,OPG112,EBC-26078,,51.0,,0.0,,0.0,,1.0,,0.0,,0.0,,0.0,,1.0,,0.0,,2.0,-2.0,-1.0,0.0,0.0,-1.0,0.0,0.0,0.0,0.0
sudan,OPG112,EBC-26121,,44.0,,0.0,,1.0,,0.0,,0.0,,0.0,,0.0,,0.0,,0.0,,1.0,-1.0,0.0,-1.0,0.0,0.0,0.0,0.0,0.0,0.0
sudan,OPG112,EBC-26614,,83.0,,0.0,,1.0,,4.0,,0.0,,1.0,,0.0,,0.0,,0.0,,6.0,-6.0,-4.0,-1.0,0.0,0.0,0.0,-1.0,0.0,0.0
sudan,OPG112,EBC-26955,40.0,,0.0,,63.0,,111.0,,0.0,,2.0,,1.0,,11.0,,0.0,,188.0,,188.0,111.0,63.0,0.0,11.0,1.0,2.0,0.0,0.0
sudan,OPG112,EBC-27226,8.0,,3.0,,81.0,,134.0,,0.0,,1.0,,0.0,,5.0,,0.0,,224.0,,224.0,134.0,81.0,0.0,5.0,0.0,1.0,3.0,0.0
sudan,OPG112,EBC-27265,9.0,,6.0,,28.0,,118.0,,0.0,,3.0,,0.0,,3.0,,0.0,,158.0,,158.0,118.0,28.0,0.0,3.0,0.0,3.0,6.0,0.0
sudan,OPG112,EBC-287064,90.0,,0.0,,35.0,,140.0,,0.0,,1.0,,0.0,,8.0,,0.0,,184.0,,184.0,140.0,35.0,0.0,8.0,0.0,1.0,0.0,0.0
sudan,OPG112,EBC-287070,33.0,,0.0,,47.0,,154.0,,0.0,,2.0,,3.0,,6.0,,0.0,,212.0,,212.0,154.0,47.0,0.0,6.0,3.0,2.0,0.0,0.0
sudan,OPG112,EBC-287104,86.0,,0.0,,47.0,,120.0,,0.0,,1.0,,0.0,,14.0,,0.0,,182.0,,182.0,120.0,47.0,0.0,14.0,0.0,1.0,0.0,0.0
sudan,OPG112,EBC-288044,92.0,,0.0,,46.0,,150.0,,0.0,,1.0,,0.0,,8.0,,0.0,,205.0,,205.0,150.0,46.0,0.0,8.0,0.0,1.0,0.0,0.0
sudan,OPG112,EBC-289057,51.0,,0.0,,58.0,,127.0,,0.0,,0.0,,0.0,,12.0,,0.0,,197.0,,197.0,127.0,58.0,0.0,12.0,0.0,0.0,0.0,0.0
sudan,OPG112,EBC-290041,2.0,,8.0,,147.0,,116.0,,0.0,,5.0,,0.0,,26.0,,0.0,,302.0,,302.0,116.0,147.0,0.0,26.0,0.0,5.0,8.0,0.0
sudan,OPG112,EBC-291056,85.0,,0.0,,52.0,,141.0,,0.0,,1.0,,0.0,,7.0,,0.0,,201.0,,201.0,141.0,52.0,0.0,7.0,0.0,1.0,0.0,0.0
sudan,OPG112,EBC-291167,18.0,,9.0,,81.0,,69.0,,0.0,,0.0,,0.0,,22.0,,0.0,,181.0,,181.0,69.0,81.0,0.0,22.0,0.0,0.0,9.0,0.0
sudan,OPG112,EBC-303070,76.0,,0.0,,33.0,,112.0,,0.0,,3.0,,0.0,,11.0,,0.0,,159.0,,159.0,112.0,33.0,0.0,11.0,0.0,3.0,0.0,0.0
sudan,OPG112,EBC-303150,98.0,,0.0,,57.0,,124.0,,0.0,,3.0,,1.0,,8.0,,0.0,,193.0,,193.0,124.0,57.0,0.0,8.0,1.0,3.0,0.0,0.0
sudan,OPG112,EBC-303272,16.0,,0.0,,53.0,,123.0,,0.0,,1.0,,2.0,,14.0,,0.0,,193.0,,193.0,123.0,53.0,0.0,14.0,2.0,1.0,0.0,0.0
sudan,OPG112,EBC-306048,17.0,,14.0,,89.0,,53.0,,0.0,,0.0,,0.0,,16.0,,0.0,,172.0,,172.0,53.0,89.0,0.0,16.0,0.0,0.0,14.0,0.0
sudan,OPG112,EBC-312044,54.0,,9.0,,71.0,,81.0,,0.0,,0.0,,0.0,,14.0,,0.0,,175.0,,175.0,81.0,71.0,0.0,14.0,0.0,0.0,9.0,0.0
sudan,OPG112,EBC-346043,,79.0,,0.0,,1.0,,5.0,,0.0,,0.0,,0.0,,0.0,,0.0,,6.0,-6.0,-5.0,-1.0,0.0,0.0,0.0,0.0,0.0,0.0
sudan,OPG112,EBC-348051,25.0,,0.0,,69.0,,115.0,,0.0,,1.0,,1.0,,24.0,,0.0,,210.0,,210.0,115.0,69.0,0.0,24.0,1.0,1.0,0.0,0.0
sudan,OPG112,EBC-381059,,59.0,,0.0,,2.0,,3.0,,0.0,,0.0,,0.0,,0.0,,0.0,,5.0,-5.0,-3.0,-2.0,0.0,0.0,0.0,0.0,0.0,0.0
sudan,OPG112,EBC-44106,,54.0,,0.0,,7.0,,1.0,,0.0,,0.0,,0.0,,1.0,,0.0,,9.0,-9.0,-1.0,-7.0,0.0,-1.0,0.0,0.0,0.0,0.0
sudan,OPG112,EBC-44125,,90.0,,0.0,,1.0,,3.0,,0.0,,0.0,,0.0,,0.0,,0.0,,4.0,-4.0,-3.0,-1.0,0.0,0.0,0.0,0.0,0.0,0.0
sudan,OPG112,EBC-44165,56.0,,0.0,,80.0,,69.0,,0.0,,3.0,,0.0,,9.0,,0.0,,161.0,,161.0,69.0,80.0,0.0,9.0,0.0,3.0,0.0,0.0
sudan,OPG112,EBC-44358,55.0,,9.0,,94.0,,70.0,,0.0,,0.0,,0.0,,10.0,,0.0,,183.0,,183.0,70.0,94.0,0.0,10.0,0.0,0.0,9.0,0.0
sudan,OPG112,EBC-44365,64.0,,9.0,,79.0,,97.0,,0.0,,2.0,,2.0,,17.0,,0.0,,206.0,,206.0,97.0,79.0,0.0,17.0,2.0,2.0,9.0,0.0
sudan,OPG112,EBC-44370,52.0,,7.0,,83.0,,106.0,,0.0,,1.0,,0.0,,8.0,,0.0,,205.0,,205.0,106.0,83.0,0.0,8.0,0.0,1.0,7.0,0.0
sudan,OPG112,EBC-44401,46.0,,7.0,,89.0,,118.0,,0.0,,0.0,,0.0,,19.0,,0.0,,233.0,,233.0,118.0,89.0,0.0,19.0,0.0,0.0,7.0,0.0
sudan,OPG112,EBC-46024,35.0,,8.0,,91.0,,94.0,,0.0,,1.0,,2.0,,16.0,,0.0,,212.0,,212.0,94.0,91.0,0.0,16.0,2.0,1.0,8.0,0.0
sudan,OPG112,EBC-46057,6.0,,0.0,,72.0,,150.0,,0.0,,0.0,,1.0,,8.0,,0.0,,231.0,,231.0,150.0,72.0,0.0,8.0,1.0,0.0,0.0,0.0
sudan,OPG112,EBC-46114,,29.0,,0.0,,0.0,,3.0,,0.0,,0.0,,0.0,,0.0,,0.0,,3.0,-3.0,-3.0,0.0,0.0,0.0,0.0,0.0,0.0,0.0
sudan,OPG112,EBC-46137,,98.0,,0.0,,1.0,,4.0,,0.0,,0.0,,1.0,,0.0,,0.0,,6.0,-6.0,-4.0,-1.0,0.0,0.0,-1.0,0.0,0.0,0.0
sudan,OPG112,EBC-46294,58.0,,4.0,,142.0,,83.0,,0.0,,2.0,,1.0,,23.0,,0.0,,255.0,,255.0,83.0,142.0,0.0,23.0,1.0,2.0,4.0,0.0
sudan,OPG112,EBC-47073,24.0,,9.0,,111.0,,84.0,,0.0,,2.0,,0.0,,23.0,,0.0,,229.0,,229.0,84.0,111.0,0.0,23.0,0.0,2.0,9.0,0.0
sudan,OPG112,EBC-47119,30.0,,0.0,,145.0,,75.0,,0.0,,3.0,,2.0,,25.0,,0.0,,250.0,,250.0,75.0,145.0,0.0,25.0,2.0,3.0,0.0,0.0
sudan,OPG112,EBC-47426,,57.0,,0.0,,7.0,,2.0,,0.0,,0.0,,0.0,,1.0,,0.0,,10.0,-10.0,-2.0,-7.0,0.0,-1.0,0.0,0.0,0.0,0.0
sudan,OPG112,EBC-47428,,52.0,,0.0,,7.0,,1.0,,0.0,,0.0,,0.0,,1.0,,0.0,,9.0,-9.0,-1.0,-7.0,0.0,-1.0,0.0,0.0,0.0,0.0
sudan,OPG112,EBC-48142,,48.0,,0.0,,0.0,,0.0,,0.0,,0.0,,0.0,,1.0,,0.0,,1.0,-1.0,0.0,0.0,0.0,-1.0,0.0,0.0,0.0,0.0
sudan,OPG112,EBC-48170,,17.0,,0.0,,1.0,,5.0,,0.0,,0.0,,0.0,,0.0,,0.0,,6.0,-6.0,-5.0,-1.0,0.0,0.0,0.0,0.0,0.0,0.0
sudan,OPG112,EBC-48186,14.0,,13.0,,48.0,,74.0,,0.0,,1.0,,0.0,,9.0,,0.0,,145.0,,145.0,74.0,48.0,0.0,9.0,0.0,1.0,13.0,0.0
sudan,OPG112,EBC-50072,,43.0,,0.0,,0.0,,1.0,,0.0,,0.0,,0.0,,0.0,,0.0,,1.0,-1.0,-1.0,0.0,0.0,0.0,0.0,0.0,0.0,0.0
sudan,OPG112,EBC-50088,49.0,,0.0,,51.0,,95.0,,0.0,,0.0,,0.0,,9.0,,0.0,,155.0,,155.0,95.0,51.0,0.0,9.0,0.0,0.0,0.0,0.0
sudan,OPG112,EBC-54045,71.0,,2.0,,85.0,,74.0,,0.0,,0.0,,0.0,,12.0,,0.0,,173.0,,173.0,74.0,85.0,0.0,12.0,0.0,0.0,2.0,0.0
sudan,OPG112,EBC-54213,42.0,,0.0,,122.0,,78.0,,0.0,,0.0,,2.0,,14.0,,0.0,,216.0,,216.0,78.0,122.0,0.0,14.0,2.0,0.0,0.0,0.0
sudan,OPG112,EBC-54254,,97.0,,0.0,,1.0,,4.0,,0.0,,1.0,,4.0,,0.0,,0.0,,10.0,-10.0,-4.0,-1.0,0.0,0.0,-4.0,-1.0,0.0,0.0
sudan,OPG112,EBC-61029,93.0,,6.0,,78.0,,117.0,,0.0,,3.0,,1.0,,17.0,,0.0,,222.0,,222.0,117.0,78.0,0.0,17.0,1.0,3.0,6.0,0.0
sudan,OPG112,EBC-62046,,5.0,,0.0,,1.0,,1.0,,0.0,,0.0,,0.0,,0.0,,0.0,,2.0,-2.0,-1.0,-1.0,0.0,0.0,0.0,0.0,0.0,0.0
sudan,OPG112,EBC-63089,3.0,,3.0,,148.0,,76.0,,0.0,,1.0,,0.0,,27.0,,0.0,,255.0,,255.0,76.0,148.0,0.0,27.0,0.0,1.0,3.0,0.0
sudan,OPG112,EBC-71073,39.0,,0.0,,98.0,,103.0,,0.0,,1.0,,1.0,,28.0,,0.0,,231.0,,231.0,103.0,98.0,0.0,28.0,1.0,1.0,0.0,0.0
sudan,OPG112,EBC-75132,,11.0,,1.0,,1.0,,4.0,,0.0,,1.0,,3.0,,0.0,,0.0,,10.0,-10.0,-4.0,-1.0,0.0,0.0,-3.0,-1.0,-1.0,0.0
sudan,OPG112,EBC-80139,,7.0,,0.0,,1.0,,3.0,,0.0,,1.0,,2.0,,0.0,,0.0,,7.0,-7.0,-3.0,-1.0,0.0,0.0,-2.0,-1.0,0.0,0.0
sudan,OPG112,EBC-80148,,10.0,,0.0,,5.0,,3.0,,0.0,,0.0,,0.0,,0.0,,0.0,,8.0,-8.0,-3.0,-5.0,0.0,0.0,0.0,0.0,0.0,0.0
sudan,OPG112,EBC-82041,,6.0,,0.0,,1.0,,3.0,,0.0,,1.0,,4.0,,0.0,,0.0,,9.0,-9.0,-3.0,-1.0,0.0,0.0,-4.0,-1.0,0.0,0.0
sudan,OPG112,EBC-84050,44.0,,5.0,,109.0,,97.0,,0.0,,3.0,,0.0,,15.0,,0.0,,229.0,,229.0,97.0,109.0,0.0,15.0,0.0,3.0,5.0,0.0
sudan,OPG120,EBC-00010,,32.0,,0.0,,6.0,,4.0,,0.0,,0.0,,1.0,,1.0,,0.0,,12.0,-12.0,-4.0,-6.0,0.0,-1.0,-1.0,0.0,0.0,0.0
sudan,OPG120,EBC-00522,,38.0,,0.0,,3.0,,0.0,,0.0,,0.0,,0.0,,1.0,,0.0,,4.0,-4.0,0.0,-3.0,0.0,-1.0,0.0,0.0,0.0,0.0
sudan,OPG120,EBC-00606,,47.0,,0.0,,0.0,,4.0,,0.0,,0.0,,1.0,,0.0,,0.0,,5.0,-5.0,-4.0,0.0,0.0,0.0,-1.0,0.0,0.0,0.0
sudan,OPG120,EBC-00696,16.0,,6.0,,36.0,,186.0,,0.0,,1.0,,0.0,,1.0,,0.0,,230.0,,230.0,186.0,36.0,0.0,1.0,0.0,1.0,6.0,0.0
sudan,OPG120,EBC-00711,21.0,,0.0,,20.0,,166.0,,0.0,,1.0,,0.0,,5.0,,0.0,,192.0,,192.0,166.0,20.0,0.0,5.0,0.0,1.0,0.0,0.0
sudan,OPG120,EBC-02079,41.0,,0.0,,38.0,,134.0,,0.0,,3.0,,0.0,,3.0,,0.0,,178.0,,178.0,134.0,38.0,0.0,3.0,0.0,3.0,0.0,0.0
sudan,OPG120,EBC-03104,,29.0,,0.0,,3.0,,2.0,,0.0,,0.0,,1.0,,0.0,,0.0,,6.0,-6.0,-2.0,-3.0,0.0,0.0,-1.0,0.0,0.0,0.0
sudan,OPG120,EBC-03153,,64.0,,0.0,,2.0,,1.0,,0.0,,0.0,,1.0,,0.0,,0.0,,4.0,-4.0,-1.0,-2.0,0.0,0.0,-1.0,0.0,0.0,0.0
sudan,OPG120,EBC-03211,,3.0,,0.0,,2.0,,2.0,,0.0,,0.0,,1.0,,0.0,,0.0,,5.0,-5.0,-2.0,-2.0,0.0,0.0,-1.0,0.0,0.0,0.0
sudan,OPG120,EBC-03218,,24.0,,0.0,,2.0,,2.0,,0.0,,0.0,,1.0,,0.0,,0.0,,5.0,-5.0,-2.0,-2.0,0.0,0.0,-1.0,0.0,0.0,0.0
sudan,OPG120,EBC-03227,,12.0,,0.0,,3.0,,2.0,,0.0,,0.0,,1.0,,0.0,,0.0,,6.0,-6.0,-2.0,-3.0,0.0,0.0,-1.0,0.0,0.0,0.0
sudan,OPG120,EBC-03228,,7.0,,0.0,,2.0,,2.0,,0.0,,0.0,,1.0,,0.0,,0.0,,5.0,-5.0,-2.0,-2.0,0.0,0.0,-1.0,0.0,0.0,0.0
sudan,OPG120,EBC-03229,,92.0,,0.0,,2.0,,1.0,,0.0,,0.0,,1.0,,0.0,,0.0,,4.0,-4.0,-1.0,-2.0,0.0,0.0,-1.0,0.0,0.0,0.0
sudan,OPG120,EBC-03259,,33.0,,0.0,,3.0,,2.0,,0.0,,0.0,,1.0,,0.0,,0.0,,6.0,-6.0,-2.0,-3.0,0.0,0.0,-1.0,0.0,0.0,0.0
sudan,OPG120,EBC-03280,,91.0,,0.0,,6.0,,3.0,,0.0,,0.0,,1.0,,1.0,,0.0,,11.0,-11.0,-3.0,-6.0,0.0,-1.0,-1.0,0.0,0.0,0.0
sudan,OPG120,EBC-03320,,18.0,,0.0,,3.0,,2.0,,0.0,,0.0,,1.0,,0.0,,0.0,,6.0,-6.0,-2.0,-3.0,0.0,0.0,-1.0,0.0,0.0,0.0
sudan,OPG120,EBC-03332,,27.0,,0.0,,2.0,,2.0,,0.0,,0.0,,1.0,,0.0,,0.0,,5.0,-5.0,-2.0,-2.0,0.0,0.0,-1.0,0.0,0.0,0.0
sudan,OPG120,EBC-03334,,22.0,,0.0,,6.0,,3.0,,0.0,,0.0,,1.0,,1.0,,0.0,,11.0,-11.0,-3.0,-6.0,0.0,-1.0,-1.0,0.0,0.0,0.0
sudan,OPG120,EBC-03366,,2.0,,0.0,,4.0,,1.0,,0.0,,1.0,,0.0,,0.0,,0.0,,6.0,-6.0,-1.0,-4.0,0.0,0.0,0.0,-1.0,0.0,0.0
sudan,OPG120,EBC-03368,,82.0,,0.0,,2.0,,2.0,,0.0,,0.0,,1.0,,0.0,,0.0,,5.0,-5.0,-2.0,-2.0,0.0,0.0,-1.0,0.0,0.0,0.0
sudan,OPG120,EBC-03380,,13.0,,0.0,,5.0,,2.0,,0.0,,0.0,,1.0,,0.0,,0.0,,8.0,-8.0,-2.0,-5.0,0.0,0.0,-1.0,0.0,0.0,0.0
sudan,OPG120,EBC-03383,,89.0,,0.0,,3.0,,1.0,,0.0,,0.0,,1.0,,0.0,,0.0,,5.0,-5.0,-1.0,-3.0,0.0,0.0,-1.0,0.0,0.0,0.0
sudan,OPG120,EBC-03472,,96.0,,0.0,,4.0,,2.0,,0.0,,0.0,,1.0,,0.0,,0.0,,7.0,-7.0,-2.0,-4.0,0.0,0.0,-1.0,0.0,0.0,0.0
sudan,OPG120,EBC-03478,,79.0,,0.0,,5.0,,3.0,,0.0,,0.0,,2.0,,0.0,,0.0,,10.0,-10.0,-3.0,-5.0,0.0,0.0,-2.0,0.0,0.0,0.0
sudan,OPG120,EBC-03521,,95.0,,0.0,,3.0,,2.0,,0.0,,0.0,,1.0,,0.0,,0.0,,6.0,-6.0,-2.0,-3.0,0.0,0.0,-1.0,0.0,0.0,0.0
sudan,OPG120,EBC-03524,,4.0,,0.0,,6.0,,2.0,,0.0,,0.0,,1.0,,1.0,,0.0,,10.0,-10.0,-2.0,-6.0,0.0,-1.0,-1.0,0.0,0.0,0.0
sudan,OPG120,EBC-03533,,1.0,,0.0,,3.0,,2.0,,0.0,,0.0,,1.0,,0.0,,0.0,,6.0,-6.0,-2.0,-3.0,0.0,0.0,-1.0,0.0,0.0,0.0
sudan,OPG120,EBC-03546,,77.0,,0.0,,5.0,,2.0,,0.0,,0.0,,1.0,,0.0,,0.0,,8.0,-8.0,-2.0,-5.0,0.0,0.0,-1.0,0.0,0.0,0.0
sudan,OPG120,EBC-03552,,59.0,,0.0,,3.0,,2.0,,0.0,,0.0,,1.0,,0.0,,0.0,,6.0,-6.0,-2.0,-3.0,0.0,0.0,-1.0,0.0,0.0,0.0
sudan,OPG120,EBC-03561,,75.0,,0.0,,4.0,,2.0,,0.0,,0.0,,1.0,,0.0,,0.0,,7.0,-7.0,-2.0,-4.0,0.0,0.0,-1.0,0.0,0.0,0.0
sudan,OPG120,EBC-03656,,34.0,,0.0,,4.0,,0.0,,0.0,,0.0,,1.0,,1.0,,0.0,,6.0,-6.0,0.0,-4.0,0.0,-1.0,-1.0,0.0,0.0,0.0
sudan,OPG120,EBC-03673,,74.0,,0.0,,3.0,,2.0,,0.0,,0.0,,1.0,,1.0,,0.0,,7.0,-7.0,-2.0,-3.0,0.0,-1.0,-1.0,0.0,0.0,0.0
sudan,OPG120,EBC-03694,,56.0,,0.0,,2.0,,3.0,,0.0,,0.0,,1.0,,0.0,,0.0,,6.0,-6.0,-3.0,-2.0,0.0,0.0,-1.0,0.0,0.0,0.0
sudan,OPG120,EBC-03865,46.0,,0.0,,10.0,,205.0,,0.0,,0.0,,4.0,,0.0,,0.0,,219.0,,219.0,205.0,10.0,0.0,0.0,4.0,0.0,0.0,0.0
sudan,OPG120,EBC-03980,,23.0,,0.0,,3.0,,2.0,,0.0,,0.0,,1.0,,0.0,,0.0,,6.0,-6.0,-2.0,-3.0,0.0,0.0,-1.0,0.0,0.0,0.0
sudan,OPG120,EBC-04007,,5.0,,0.0,,4.0,,2.0,,0.0,,0.0,,1.0,,1.0,,0.0,,8.0,-8.0,-2.0,-4.0,0.0,-1.0,-1.0,0.0,0.0,0.0
sudan,OPG120,EBC-04039,,31.0,,0.0,,2.0,,2.0,,0.0,,0.0,,1.0,,0.0,,0.0,,5.0,-5.0,-2.0,-2.0,0.0,0.0,-1.0,0.0,0.0,0.0
sudan,OPG120,EBC-04045,,36.0,,0.0,,2.0,,2.0,,0.0,,1.0,,0.0,,0.0,,0.0,,5.0,-5.0,-2.0,-2.0,0.0,0.0,0.0,-1.0,0.0,0.0
sudan,OPG120,EBC-04048,,88.0,,0.0,,2.0,,2.0,,0.0,,0.0,,1.0,,0.0,,0.0,,5.0,-5.0,-2.0,-2.0,0.0,0.0,-1.0,0.0,0.0,0.0
sudan,OPG120,EBC-04049,,19.0,,0.0,,2.0,,2.0,,0.0,,0.0,,1.0,,0.0,,0.0,,5.0,-5.0,-2.0,-2.0,0.0,0.0,-1.0,0.0,0.0,0.0
sudan,OPG120,EBC-04050,,17.0,,0.0,,3.0,,2.0,,0.0,,0.0,,1.0,,0.0,,0.0,,6.0,-6.0,-2.0,-3.0,0.0,0.0,-1.0,0.0,0.0,0.0
sudan,OPG120,EBC-04065,,80.0,,0.0,,8.0,,1.0,,0.0,,0.0,,0.0,,1.0,,0.0,,10.0,-10.0,-1.0,-8.0,0.0,-1.0,0.0,0.0,0.0,0.0
sudan,OPG120,EBC-04076,,68.0,,0.0,,4.0,,3.0,,0.0,,0.0,,1.0,,0.0,,0.0,,8.0,-8.0,-3.0,-4.0,0.0,0.0,-1.0,0.0,0.0,0.0
sudan,OPG120,EBC-04099,,81.0,,0.0,,3.0,,3.0,,0.0,,0.0,,1.0,,0.0,,0.0,,7.0,-7.0,-3.0,-3.0,0.0,0.0,-1.0,0.0,0.0,0.0
sudan,OPG120,EBC-04152,,94.0,,0.0,,2.0,,2.0,,0.0,,0.0,,1.0,,0.0,,0.0,,5.0,-5.0,-2.0,-2.0,0.0,0.0,-1.0,0.0,0.0,0.0
sudan,OPG120,EBC-04245,,43.0,,0.0,,3.0,,0.0,,0.0,,1.0,,0.0,,0.0,,0.0,,4.0,-4.0,0.0,-3.0,0.0,0.0,0.0,-1.0,0.0,0.0
sudan,OPG120,EBC-06061,52.0,,0.0,,44.0,,122.0,,0.0,,2.0,,1.0,,12.0,,0.0,,181.0,,181.0,122.0,44.0,0.0,12.0,1.0,2.0,0.0,0.0
sudan,OPG120,EBC-06062,99.0,,0.0,,59.0,,193.0,,0.0,,2.0,,1.0,,7.0,,0.0,,262.0,,262.0,193.0,59.0,0.0,7.0,1.0,2.0,0.0,0.0
sudan,OPG120,EBC-06214,,85.0,,0.0,,2.0,,2.0,,0.0,,0.0,,1.0,,0.0,,0.0,,5.0,-5.0,-2.0,-2.0,0.0,0.0,-1.0,0.0,0.0,0.0
sudan,OPG120,EBC-06215,,60.0,,0.0,,2.0,,2.0,,0.0,,0.0,,1.0,,0.0,,0.0,,5.0,-5.0,-2.0,-2.0,0.0,0.0,-1.0,0.0,0.0,0.0
sudan,OPG120,EBC-06250,,25.0,,0.0,,2.0,,0.0,,0.0,,0.0,,0.0,,0.0,,0.0,,2.0,-2.0,0.0,-2.0,0.0,0.0,0.0,0.0,0.0,0.0
sudan,OPG120,EBC-06256,,100.0,,0.0,,3.0,,0.0,,0.0,,0.0,,1.0,,0.0,,0.0,,4.0,-4.0,0.0,-3.0,0.0,0.0,-1.0,0.0,0.0,0.0
sudan,OPG120,EBC-06301,,86.0,,0.0,,3.0,,1.0,,0.0,,0.0,,1.0,,0.0,,0.0,,5.0,-5.0,-1.0,-3.0,0.0,0.0,-1.0,0.0,0.0,0.0
sudan,OPG120,EBC-06306,,37.0,,0.0,,3.0,,0.0,,0.0,,0.0,,0.0,,0.0,,0.0,,3.0,-3.0,0.0,-3.0,0.0,0.0,0.0,0.0,0.0,0.0
sudan,OPG120,EBC-06327,,69.0,,0.0,,2.0,,0.0,,0.0,,0.0,,1.0,,0.0,,0.0,,3.0,-3.0,0.0,-2.0,0.0,0.0,-1.0,0.0,0.0,0.0
sudan,OPG120,EBC-06337,,26.0,,0.0,,5.0,,2.0,,0.0,,0.0,,1.0,,0.0,,0.0,,8.0,-8.0,-2.0,-5.0,0.0,0.0,-1.0,0.0,0.0,0.0
sudan,OPG120,EBC-06341,,20.0,,0.0,,2.0,,2.0,,0.0,,0.0,,1.0,,0.0,,0.0,,5.0,-5.0,-2.0,-2.0,0.0,0.0,-1.0,0.0,0.0,0.0
sudan,OPG120,EBC-06350,,73.0,,0.0,,3.0,,2.0,,0.0,,0.0,,1.0,,0.0,,0.0,,6.0,-6.0,-2.0,-3.0,0.0,0.0,-1.0,0.0,0.0,0.0
sudan,OPG120,EBC-06351,,28.0,,0.0,,2.0,,3.0,,0.0,,0.0,,2.0,,0.0,,0.0,,7.0,-7.0,-3.0,-2.0,0.0,0.0,-2.0,0.0,0.0,0.0
sudan,OPG120,EBC-06377,,78.0,,0.0,,6.0,,2.0,,0.0,,0.0,,1.0,,0.0,,0.0,,9.0,-9.0,-2.0,-6.0,0.0,0.0,-1.0,0.0,0.0,0.0
sudan,OPG120,EBC-06388,,76.0,,0.0,,3.0,,3.0,,0.0,,0.0,,1.0,,0.0,,0.0,,7.0,-7.0,-3.0,-3.0,0.0,0.0,-1.0,0.0,0.0,0.0
sudan,OPG120,EBC-06390,,70.0,,0.0,,4.0,,2.0,,0.0,,0.0,,1.0,,0.0,,0.0,,7.0,-7.0,-2.0,-4.0,0.0,0.0,-1.0,0.0,0.0,0.0
sudan,OPG120,EBC-06394,,84.0,,0.0,,4.0,,2.0,,0.0,,0.0,,1.0,,0.0,,0.0,,7.0,-7.0,-2.0,-4.0,0.0,0.0,-1.0,0.0,0.0,0.0
sudan,OPG120,EBC-06446,,72.0,,0.0,,8.0,,2.0,,0.0,,0.0,,2.0,,0.0,,0.0,,12.0,-12.0,-2.0,-8.0,0.0,0.0,-2.0,0.0,0.0,0.0
sudan,OPG120,EBC-06531,,50.0,,0.0,,2.0,,2.0,,0.0,,0.0,,1.0,,0.0,,0.0,,5.0,-5.0,-2.0,-2.0,0.0,0.0,-1.0,0.0,0.0,0.0
sudan,OPG120,EBC-06633,,71.0,,0.0,,5.0,,2.0,,0.0,,0.0,,1.0,,1.0,,0.0,,9.0,-9.0,-2.0,-5.0,0.0,-1.0,-1.0,0.0,0.0,0.0
sudan,OPG120,EBC-06772,,48.0,,0.0,,5.0,,0.0,,0.0,,1.0,,0.0,,1.0,,0.0,,7.0,-7.0,0.0,-5.0,0.0,-1.0,0.0,-1.0,0.0,0.0
sudan,OPG120,EBC-06775,,97.0,,0.0,,1.0,,4.0,,0.0,,0.0,,1.0,,0.0,,0.0,,6.0,-6.0,-4.0,-1.0,0.0,0.0,-1.0,0.0,0.0,0.0
sudan,OPG120,EBC-06995,,8.0,,0.0,,0.0,,3.0,,0.0,,0.0,,1.0,,0.0,,0.0,,4.0,-4.0,-3.0,0.0,0.0,0.0,-1.0,0.0,0.0,0.0
sudan,OPG120,EBC-07037,31.0,,0.0,,10.0,,213.0,,0.0,,0.0,,0.0,,0.0,,0.0,,223.0,,223.0,213.0,10.0,0.0,0.0,0.0,0.0,0.0,0.0
sudan,OPG120,EBC-07080,94.0,,0.0,,65.0,,106.0,,0.0,,1.0,,2.0,,8.0,,0.0,,182.0,,182.0,106.0,65.0,0.0,8.0,2.0,1.0,0.0,0.0
sudan,OPG120,EBC-07110,,61.0,,0.0,,1.0,,13.0,,0.0,,0.0,,1.0,,0.0,,0.0,,15.0,-15.0,-13.0,-1.0,0.0,0.0,-1.0,0.0,0.0,0.0
sudan,OPG120,EBC-07264,,63.0,,0.0,,1.0,,2.0,,0.0,,0.0,,0.0,,0.0,,0.0,,3.0,-3.0,-2.0,-1.0,0.0,0.0,0.0,0.0,0.0,0.0
sudan,OPG120,EBC-07281,,15.0,,0.0,,4.0,,3.0,,0.0,,1.0,,0.0,,0.0,,0.0,,8.0,-8.0,-3.0,-4.0,0.0,0.0,0.0,-1.0,0.0,0.0
sudan,OPG120,EBC-07301,40.0,,0.0,,16.0,,179.0,,0.0,,2.0,,3.0,,1.0,,0.0,,201.0,,201.0,179.0,16.0,0.0,1.0,3.0,2.0,0.0,0.0
sudan,OPG120,EBC-07367,75.0,,0.0,,50.0,,150.0,,0.0,,0.0,,1.0,,4.0,,0.0,,205.0,,205.0,150.0,50.0,0.0,4.0,1.0,0.0,0.0,0.0
sudan,OPG120,EBC-07391,64.0,,0.0,,24.0,,150.0,,0.0,,0.0,,2.0,,0.0,,0.0,,176.0,,176.0,150.0,24.0,0.0,0.0,2.0,0.0,0.0,0.0
sudan,OPG120,EBC-07557,62.0,,0.0,,52.0,,143.0,,0.0,,2.0,,1.0,,6.0,,0.0,,204.0,,204.0,143.0,52.0,0.0,6.0,1.0,2.0,0.0,0.0
sudan,OPG120,EBC-07628,,30.0,,0.0,,2.0,,4.0,,0.0,,0.0,,1.0,,0.0,,0.0,,7.0,-7.0,-4.0,-2.0,0.0,0.0,-1.0,0.0,0.0,0.0
sudan,OPG120,EBC-07988,12.0,,4.0,,76.0,,185.0,,0.0,,2.0,,1.0,,8.0,,0.0,,276.0,,276.0,185.0,76.0,0.0,8.0,1.0,2.0,4.0,0.0
sudan,OPG120,EBC-08077,,16.0,,0.0,,3.0,,3.0,,0.0,,1.0,,1.0,,0.0,,0.0,,8.0,-8.0,-3.0,-3.0,0.0,0.0,-1.0,-1.0,0.0,0.0
sudan,OPG120,EBC-08111,,21.0,,0.0,,5.0,,2.0,,0.0,,0.0,,1.0,,0.0,,0.0,,8.0,-8.0,-2.0,-5.0,0.0,0.0,-1.0,0.0,0.0,0.0
sudan,OPG120,EBC-08122,,11.0,,0.0,,3.0,,0.0,,0.0,,1.0,,0.0,,0.0,,0.0,,4.0,-4.0,0.0,-3.0,0.0,0.0,0.0,-1.0,0.0,0.0
sudan,OPG120,EBC-08536,,46.0,,0.0,,8.0,,6.0,,0.0,,0.0,,0.0,,1.0,,0.0,,15.0,-15.0,-6.0,-8.0,0.0,-1.0,0.0,0.0,0.0,0.0
sudan,OPG120,EBC-08587,72.0,,0.0,,25.0,,112.0,,0.0,,0.0,,0.0,,0.0,,0.0,,137.0,,137.0,112.0,25.0,0.0,0.0,0.0,0.0,0.0,0.0
sudan,OPG120,EBC-08615,57.0,,0.0,,99.0,,124.0,,0.0,,0.0,,0.0,,5.0,,0.0,,228.0,,228.0,124.0,99.0,0.0,5.0,0.0,0.0,0.0,0.0
sudan,OPG120,EBC-08706,,57.0,,0.0,,5.0,,1.0,,0.0,,2.0,,0.0,,0.0,,0.0,,8.0,-8.0,-1.0,-5.0,0.0,0.0,0.0,-2.0,0.0,0.0
sudan,OPG120,EBC-08713,90.0,,0.0,,51.0,,145.0,,0.0,,2.0,,1.0,,8.0,,0.0,,207.0,,207.0,145.0,51.0,0.0,8.0,1.0,2.0,0.0,0.0
sudan,OPG120,EBC-08735,,53.0,,0.0,,2.0,,9.0,,0.0,,0.0,,1.0,,0.0,,0.0,,12.0,-12.0,-9.0,-2.0,0.0,0.0,-1.0,0.0,0.0,0.0
sudan,OPG120,EBC-08787,45.0,,0.0,,29.0,,171.0,,0.0,,2.0,,2.0,,0.0,,0.0,,204.0,,204.0,171.0,29.0,0.0,0.0,2.0,2.0,0.0,0.0
sudan,OPG120,EBC-08788,30.0,,0.0,,48.0,,155.0,,0.0,,1.0,,3.0,,4.0,,0.0,,211.0,,211.0,155.0,48.0,0.0,4.0,3.0,1.0,0.0,0.0
sudan,OPG120,EBC-08828,93.0,,0.0,,60.0,,117.0,,0.0,,3.0,,1.0,,5.0,,0.0,,186.0,,186.0,117.0,60.0,0.0,5.0,1.0,3.0,0.0,0.0
sudan,OPG120,EBC-08915,8.0,,0.0,,26.0,,194.0,,0.0,,2.0,,0.0,,1.0,,0.0,,223.0,,223.0,194.0,26.0,0.0,1.0,0.0,2.0,0.0,0.0
sudan,OPG120,EBC-08943,,65.0,,0.0,,1.0,,11.0,,0.0,,0.0,,2.0,,0.0,,0.0,,14.0,-14.0,-11.0,-1.0,0.0,0.0,-2.0,0.0,0.0,0.0
sudan,OPG120,EBC-08947,,58.0,,0.0,,1.0,,15.0,,0.0,,0.0,,1.0,,0.0,,0.0,,17.0,-17.0,-15.0,-1.0,0.0,0.0,-1.0,0.0,0.0,0.0
sudan,OPG120,EBC-08976,,39.0,,0.0,,2.0,,8.0,,0.0,,0.0,,0.0,,0.0,,0.0,,10.0,-10.0,-8.0,-2.0,0.0,0.0,0.0,0.0,0.0,0.0
sudan,OPG120,EBC-09011,,67.0,,0.0,,4.0,,4.0,,0.0,,2.0,,0.0,,0.0,,0.0,,10.0,-10.0,-4.0,-4.0,0.0,0.0,0.0,-2.0,0.0,0.0
sudan,OPG120,EBC-09029,83.0,,10.0,,38.0,,125.0,,0.0,,1.0,,6.0,,6.0,,0.0,,186.0,,186.0,125.0,38.0,0.0,6.0,6.0,1.0,10.0,0.0
sudan,OPG120,EBC-09032,60.0,,8.0,,49.0,,95.0,,0.0,,1.0,,0.0,,7.0,,0.0,,160.0,,160.0,95.0,49.0,0.0,7.0,0.0,1.0,8.0,0.0
sudan,OPG120,EBC-09076,,40.0,,0.0,,2.0,,8.0,,0.0,,0.0,,1.0,,0.0,,0.0,,11.0,-11.0,-8.0,-2.0,0.0,0.0,-1.0,0.0,0.0,0.0
sudan,OPG120,EBC-09207,,14.0,,0.0,,1.0,,2.0,,0.0,,1.0,,1.0,,0.0,,0.0,,5.0,-5.0,-2.0,-1.0,0.0,0.0,-1.0,-1.0,0.0,0.0
sudan,OPG120,EBC-108081,100.0,,1.0,,104.0,,112.0,,0.0,,2.0,,1.0,,17.0,,0.0,,237.0,,237.0,112.0,104.0,0.0,17.0,1.0,2.0,1.0,0.0
sudan,OPG120,EBC-11029,55.0,,0.0,,70.0,,149.0,,0.0,,1.0,,0.0,,10.0,,0.0,,230.0,,230.0,149.0,70.0,0.0,10.0,0.0,1.0,0.0,0.0
sudan,OPG120,EBC-11035,,41.0,,0.0,,3.0,,6.0,,0.0,,1.0,,0.0,,0.0,,0.0,,10.0,-10.0,-6.0,-3.0,0.0,0.0,0.0,-1.0,0.0,0.0
sudan,OPG120,EBC-11230,26.0,,0.0,,69.0,,174.0,,0.0,,0.0,,6.0,,5.0,,0.0,,254.0,,254.0,174.0,69.0,0.0,5.0,6.0,0.0,0.0,0.0
sudan,OPG120,EBC-11281,11.0,,25.0,,27.0,,133.0,,0.0,,2.0,,0.0,,2.0,,0.0,,189.0,,189.0,133.0,27.0,0.0,2.0,0.0,2.0,25.0,0.0
sudan,OPG120,EBC-11364,17.0,,12.0,,59.0,,108.0,,0.0,,4.0,,1.0,,14.0,,0.0,,198.0,,198.0,108.0,59.0,0.0,14.0,1.0,4.0,12.0,0.0
sudan,OPG120,EBC-11384,39.0,,1.0,,62.0,,141.0,,0.0,,0.0,,1.0,,6.0,,0.0,,211.0,,211.0,141.0,62.0,0.0,6.0,1.0,0.0,1.0,0.0
sudan,OPG120,EBC-11433,36.0,,6.0,,77.0,,124.0,,0.0,,1.0,,1.0,,11.0,,0.0,,220.0,,220.0,124.0,77.0,0.0,11.0,1.0,1.0,6.0,0.0
sudan,OPG120,EBC-118033,91.0,,2.0,,43.0,,88.0,,0.0,,1.0,,3.0,,6.0,,0.0,,143.0,,143.0,88.0,43.0,0.0,6.0,3.0,1.0,2.0,0.0
sudan,OPG120,EBC-12035,86.0,,0.0,,86.0,,87.0,,0.0,,0.0,,0.0,,0.0,,0.0,,173.0,,173.0,87.0,86.0,0.0,0.0,0.0,0.0,0.0,0.0
sudan,OPG120,EBC-12412,47.0,,0.0,,83.0,,159.0,,0.0,,0.0,,2.0,,6.0,,0.0,,250.0,,250.0,159.0,83.0,0.0,6.0,2.0,0.0,0.0,0.0
sudan,OPG120,EBC-12508,81.0,,0.0,,45.0,,183.0,,0.0,,1.0,,0.0,,7.0,,0.0,,236.0,,236.0,183.0,45.0,0.0,7.0,0.0,1.0,0.0,0.0
sudan,OPG120,EBC-12565,,99.0,,0.0,,7.0,,3.0,,0.0,,0.0,,1.0,,1.0,,0.0,,12.0,-12.0,-3.0,-7.0,0.0,-1.0,-1.0,0.0,0.0,0.0
sudan,OPG120,EBC-12821,29.0,,0.0,,81.0,,84.0,,0.0,,3.0,,7.0,,10.0,,0.0,,185.0,,185.0,84.0,81.0,0.0,10.0,7.0,3.0,0.0,0.0
sudan,OPG120,EBC-13002,24.0,,11.0,,62.0,,142.0,,0.0,,4.0,,4.0,,11.0,,0.0,,234.0,,234.0,142.0,62.0,0.0,11.0,4.0,4.0,11.0,0.0
sudan,OPG120,EBC-13071,58.0,,0.0,,41.0,,164.0,,0.0,,0.0,,2.0,,0.0,,0.0,,207.0,,207.0,164.0,41.0,0.0,0.0,2.0,0.0,0.0,0.0
sudan,OPG120,EBC-13120,89.0,,0.0,,56.0,,156.0,,0.0,,0.0,,0.0,,19.0,,0.0,,231.0,,231.0,156.0,56.0,0.0,19.0,0.0,0.0,0.0,0.0
sudan,OPG120,EBC-13127,18.0,,0.0,,63.0,,205.0,,0.0,,0.0,,0.0,,5.0,,0.0,,273.0,,273.0,205.0,63.0,0.0,5.0,0.0,0.0,0.0,0.0
sudan,OPG120,EBC-13326,,98.0,,0.0,,7.0,,3.0,,0.0,,0.0,,1.0,,1.0,,0.0,,12.0,-12.0,-3.0,-7.0,0.0,-1.0,-1.0,0.0,0.0,0.0
sudan,OPG120,EBC-13345,,51.0,,0.0,,1.0,,12.0,,0.0,,0.0,,2.0,,0.0,,0.0,,15.0,-15.0,-12.0,-1.0,0.0,0.0,-2.0,0.0,0.0,0.0
sudan,OPG120,EBC-13379,87.0,,0.0,,73.0,,141.0,,0.0,,4.0,,0.0,,14.0,,0.0,,232.0,,232.0,141.0,73.0,0.0,14.0,0.0,4.0,0.0,0.0
sudan,OPG120,EBC-13571,68.0,,12.0,,31.0,,146.0,,0.0,,2.0,,0.0,,9.0,,0.0,,200.0,,200.0,146.0,31.0,0.0,9.0,0.0,2.0,12.0,0.0
sudan,OPG120,EBC-13579,63.0,,0.0,,109.0,,116.0,,0.0,,0.0,,0.0,,5.0,,0.0,,230.0,,230.0,116.0,109.0,0.0,5.0,0.0,0.0,0.0,0.0
sudan,OPG120,EBC-13585,85.0,,1.0,,27.0,,156.0,,0.0,,0.0,,0.0,,1.0,,0.0,,185.0,,185.0,156.0,27.0,0.0,1.0,0.0,0.0,1.0,0.0
sudan,OPG120,EBC-13607,7.0,,0.0,,76.0,,166.0,,0.0,,3.0,,4.0,,1.0,,0.0,,250.0,,250.0,166.0,76.0,0.0,1.0,4.0,3.0,0.0,0.0
sudan,OPG120,EBC-13716,88.0,,0.0,,23.0,,124.0,,0.0,,0.0,,0.0,,0.0,,0.0,,147.0,,147.0,124.0,23.0,0.0,0.0,0.0,0.0,0.0,0.0
sudan,OPG120,EBC-13865,,90.0,,0.0,,4.0,,0.0,,0.0,,0.0,,1.0,,0.0,,0.0,,5.0,-5.0,0.0,-4.0,0.0,0.0,-1.0,0.0,0.0,0.0
sudan,OPG120,EBC-14020,84.0,,5.0,,45.0,,162.0,,0.0,,2.0,,1.0,,6.0,,0.0,,221.0,,221.0,162.0,45.0,0.0,6.0,1.0,2.0,5.0,0.0
sudan,OPG120,EBC-14057,,44.0,,0.0,,4.0,,4.0,,0.0,,1.0,,2.0,,0.0,,0.0,,11.0,-11.0,-4.0,-4.0,0.0,0.0,-2.0,-1.0,0.0,0.0
sudan,OPG120,EBC-14214,37.0,,5.0,,40.0,,199.0,,0.0,,0.0,,0.0,,9.0,,0.0,,253.0,,253.0,199.0,40.0,0.0,9.0,0.0,0.0,5.0,0.0
sudan,OPG120,EBC-144043,,6.0,,0.0,,6.0,,0.0,,0.0,,0.0,,1.0,,1.0,,0.0,,8.0,-8.0,0.0,-6.0,0.0,-1.0,-1.0,0.0,0.0,0.0
sudan,OPG120,EBC-145156,,62.0,,0.0,,1.0,,3.0,,0.0,,0.0,,1.0,,0.0,,0.0,,5.0,-5.0,-3.0,-1.0,0.0,0.0,-1.0,0.0,0.0,0.0
sudan,OPG120,EBC-145171,,42.0,,0.0,,1.0,,3.0,,0.0,,0.0,,1.0,,0.0,,0.0,,5.0,-5.0,-3.0,-1.0,0.0,0.0,-1.0,0.0,0.0,0.0
sudan,OPG120,EBC-145175,,55.0,,0.0,,4.0,,0.0,,0.0,,0.0,,1.0,,0.0,,0.0,,5.0,-5.0,0.0,-4.0,0.0,0.0,-1.0,0.0,0.0,0.0
sudan,OPG120,EBC-145226,20.0,,0.0,,77.0,,122.0,,0.0,,2.0,,2.0,,4.0,,0.0,,207.0,,207.0,122.0,77.0,0.0,4.0,2.0,2.0,0.0,0.0
sudan,OPG120,EBC-148031,65.0,,0.0,,64.0,,179.0,,0.0,,1.0,,3.0,,8.0,,0.0,,255.0,,255.0,179.0,64.0,0.0,8.0,3.0,1.0,0.0,0.0
sudan,OPG120,EBC-149094,10.0,,0.0,,58.0,,144.0,,0.0,,1.0,,0.0,,4.0,,0.0,,207.0,,207.0,144.0,58.0,0.0,4.0,0.0,1.0,0.0,0.0
sudan,OPG120,EBC-150066,51.0,,0.0,,48.0,,174.0,,0.0,,1.0,,0.0,,8.0,,0.0,,231.0,,231.0,174.0,48.0,0.0,8.0,0.0,1.0,0.0,0.0
sudan,OPG120,EBC-157073,19.0,,0.0,,31.0,,188.0,,0.0,,3.0,,3.0,,4.0,,0.0,,229.0,,229.0,188.0,31.0,0.0,4.0,3.0,3.0,0.0,0.0
sudan,OPG120,EBC-157206,,10.0,,0.0,,6.0,,3.0,,0.0,,1.0,,1.0,,0.0,,0.0,,11.0,-11.0,-3.0,-6.0,0.0,0.0,-1.0,-1.0,0.0,0.0
sudan,OPG120,EBC-157212,38.0,,0.0,,66.0,,162.0,,0.0,,0.0,,1.0,,4.0,,0.0,,233.0,,233.0,162.0,66.0,0.0,4.0,1.0,0.0,0.0,0.0
sudan,OPG120,EBC-157213,96.0,,6.0,,53.0,,112.0,,0.0,,1.0,,2.0,,9.0,,0.0,,183.0,,183.0,112.0,53.0,0.0,9.0,2.0,1.0,6.0,0.0
sudan,OPG120,EBC-158036,,45.0,,0.0,,3.0,,2.0,,0.0,,1.0,,1.0,,0.0,,0.0,,7.0,-7.0,-2.0,-3.0,0.0,0.0,-1.0,-1.0,0.0,0.0
sudan,OPG120,EBC-159021,,9.0,,0.0,,0.0,,5.0,,0.0,,0.0,,1.0,,0.0,,0.0,,6.0,-6.0,-5.0,0.0,0.0,0.0,-1.0,0.0,0.0,0.0
sudan,OPG120,EBC-160036,25.0,,2.0,,34.0,,140.0,,0.0,,3.0,,2.0,,4.0,,0.0,,185.0,,185.0,140.0,34.0,0.0,4.0,2.0,3.0,2.0,0.0
sudan,OPG120,EBC-191032,42.0,,10.0,,57.0,,132.0,,0.0,,0.0,,0.0,,8.0,,0.0,,207.0,,207.0,132.0,57.0,0.0,8.0,0.0,0.0,10.0,0.0
sudan,OPG120,EBC-200021,,52.0,,0.0,,2.0,,1.0,,0.0,,1.0,,0.0,,0.0,,0.0,,4.0,-4.0,-1.0,-2.0,0.0,0.0,0.0,-1.0,0.0,0.0
sudan,OPG120,EBC-216028,61.0,,0.0,,57.0,,177.0,,0.0,,1.0,,5.0,,5.0,,0.0,,245.0,,245.0,177.0,57.0,0.0,5.0,5.0,1.0,0.0,0.0
sudan,OPG120,EBC-217022,54.0,,10.0,,41.0,,115.0,,0.0,,2.0,,1.0,,13.0,,0.0,,182.0,,182.0,115.0,41.0,0.0,13.0,1.0,2.0,10.0,0.0
sudan,OPG120,EBC-218043,1.0,,0.0,,33.0,,80.0,,0.0,,4.0,,2.0,,5.0,,0.0,,124.0,,124.0,80.0,33.0,0.0,5.0,2.0,4.0,0.0,0.0
sudan,OPG120,EBC-221084,73.0,,0.0,,66.0,,114.0,,0.0,,3.0,,0.0,,12.0,,0.0,,195.0,,195.0,114.0,66.0,0.0,12.0,0.0,3.0,0.0,0.0
sudan,OPG120,EBC-23629,50.0,,0.0,,42.0,,155.0,,0.0,,0.0,,2.0,,4.0,,0.0,,203.0,,203.0,155.0,42.0,0.0,4.0,2.0,0.0,0.0,0.0
sudan,OPG120,EBC-24031,59.0,,3.0,,72.0,,109.0,,0.0,,1.0,,0.0,,13.0,,0.0,,198.0,,198.0,109.0,72.0,0.0,13.0,0.0,1.0,3.0,0.0
sudan,OPG120,EBC-24042,22.0,,0.0,,0.0,,310.0,,0.0,,0.0,,0.0,,0.0,,0.0,,310.0,,310.0,310.0,0.0,0.0,0.0,0.0,0.0,0.0,0.0
sudan,OPG120,EBC-24059,,66.0,,0.0,,5.0,,3.0,,0.0,,0.0,,1.0,,1.0,,0.0,,10.0,-10.0,-3.0,-5.0,0.0,-1.0,-1.0,0.0,0.0,0.0
sudan,OPG120,EBC-249047,92.0,,2.0,,91.0,,156.0,,0.0,,0.0,,0.0,,4.0,,0.0,,253.0,,253.0,156.0,91.0,0.0,4.0,0.0,0.0,2.0,0.0
sudan,OPG120,EBC-251173,28.0,,0.0,,80.0,,177.0,,0.0,,1.0,,0.0,,6.0,,0.0,,264.0,,264.0,177.0,80.0,0.0,6.0,0.0,1.0,0.0,0.0
sudan,OPG120,EBC-252093,67.0,,0.0,,57.0,,136.0,,0.0,,1.0,,1.0,,9.0,,0.0,,204.0,,204.0,136.0,57.0,0.0,9.0,1.0,1.0,0.0,0.0
sudan,OPG120,EBC-252122,34.0,,10.0,,40.0,,114.0,,0.0,,5.0,,2.0,,3.0,,0.0,,174.0,,174.0,114.0,40.0,0.0,3.0,2.0,5.0,10.0,0.0
sudan,OPG120,EBC-26505,,83.0,,0.0,,5.0,,0.0,,0.0,,0.0,,1.0,,0.0,,0.0,,6.0,-6.0,0.0,-5.0,0.0,0.0,-1.0,0.0,0.0,0.0
sudan,OPG120,EBC-27083,35.0,,1.0,,10.0,,225.0,,0.0,,0.0,,2.0,,2.0,,0.0,,240.0,,240.0,225.0,10.0,0.0,2.0,2.0,0.0,1.0,0.0
sudan,OPG120,EBC-27265,32.0,,3.0,,22.0,,119.0,,0.0,,0.0,,5.0,,1.0,,0.0,,150.0,,150.0,119.0,22.0,0.0,1.0,5.0,0.0,3.0,0.0
sudan,OPG120,EBC-27284,53.0,,0.0,,41.0,,215.0,,0.0,,0.0,,0.0,,2.0,,0.0,,258.0,,258.0,215.0,41.0,0.0,2.0,0.0,0.0,0.0,0.0
sudan,OPG120,EBC-27345,15.0,,9.0,,38.0,,100.0,,0.0,,3.0,,0.0,,1.0,,0.0,,151.0,,151.0,100.0,38.0,0.0,1.0,0.0,3.0,9.0,0.0
sudan,OPG120,EBC-27428,2.0,,0.0,,95.0,,123.0,,0.0,,0.0,,0.0,,8.0,,0.0,,226.0,,226.0,123.0,95.0,0.0,8.0,0.0,0.0,0.0,0.0
sudan,OPG120,EBC-286055,23.0,,0.0,,63.0,,147.0,,0.0,,3.0,,0.0,,8.0,,0.0,,221.0,,221.0,147.0,63.0,0.0,8.0,0.0,3.0,0.0,0.0
sudan,OPG120,EBC-287064,82.0,,0.0,,37.0,,156.0,,0.0,,2.0,,0.0,,4.0,,0.0,,199.0,,199.0,156.0,37.0,0.0,4.0,0.0,2.0,0.0,0.0
sudan,OPG120,EBC-287070,33.0,,0.0,,36.0,,194.0,,0.0,,0.0,,0.0,,3.0,,0.0,,233.0,,233.0,194.0,36.0,0.0,3.0,0.0,0.0,0.0,0.0
sudan,OPG120,EBC-287092,77.0,,0.0,,69.0,,136.0,,0.0,,0.0,,0.0,,4.0,,0.0,,209.0,,209.0,136.0,69.0,0.0,4.0,0.0,0.0,0.0,0.0
sudan,OPG120,EBC-287104,80.0,,0.0,,39.0,,168.0,,0.0,,2.0,,2.0,,4.0,,0.0,,215.0,,215.0,168.0,39.0,0.0,4.0,2.0,2.0,0.0,0.0
sudan,OPG120,EBC-288044,79.0,,0.0,,39.0,,155.0,,0.0,,0.0,,2.0,,6.0,,0.0,,202.0,,202.0,155.0,39.0,0.0,6.0,2.0,0.0,0.0,0.0
sudan,OPG120,EBC-288045,97.0,,2.0,,41.0,,175.0,,0.0,,1.0,,1.0,,3.0,,0.0,,223.0,,223.0,175.0,41.0,0.0,3.0,1.0,1.0,2.0,0.0
sudan,OPG120,EBC-289056,,54.0,,0.0,,5.0,,4.0,,0.0,,0.0,,2.0,,1.0,,0.0,,12.0,-12.0,-4.0,-5.0,0.0,-1.0,-2.0,0.0,0.0,0.0
sudan,OPG120,EBC-289057,78.0,,0.0,,40.0,,153.0,,0.0,,2.0,,3.0,,2.0,,0.0,,200.0,,200.0,153.0,40.0,0.0,2.0,3.0,2.0,0.0,0.0
sudan,OPG120,EBC-289112,48.0,,0.0,,36.0,,167.0,,0.0,,4.0,,4.0,,5.0,,0.0,,216.0,,216.0,167.0,36.0,0.0,5.0,4.0,4.0,0.0,0.0
sudan,OPG120,EBC-290041,9.0,,3.0,,144.0,,146.0,,0.0,,4.0,,3.0,,14.0,,0.0,,314.0,,314.0,146.0,144.0,0.0,14.0,3.0,4.0,3.0,0.0
sudan,OPG120,EBC-291056,74.0,,0.0,,39.0,,156.0,,0.0,,3.0,,0.0,,7.0,,0.0,,205.0,,205.0,156.0,39.0,0.0,7.0,0.0,3.0,0.0,0.0
sudan,OPG120,EBC-291131,,35.0,,0.0,,2.0,,0.0,,0.0,,1.0,,0.0,,0.0,,0.0,,3.0,-3.0,0.0,-2.0,0.0,0.0,0.0,-1.0,0.0,0.0
sudan,OPG120,EBC-291159,13.0,,0.0,,48.0,,178.0,,0.0,,0.0,,1.0,,8.0,,0.0,,235.0,,235.0,178.0,48.0,0.0,8.0,1.0,0.0,0.0,0.0
sudan,OPG120,EBC-291167,66.0,,8.0,,75.0,,118.0,,0.0,,0.0,,1.0,,12.0,,0.0,,214.0,,214.0,118.0,75.0,0.0,12.0,1.0,0.0,8.0,0.0
sudan,OPG120,EBC-292060,70.0,,3.0,,36.0,,122.0,,0.0,,6.0,,1.0,,12.0,,0.0,,180.0,,180.0,122.0,36.0,0.0,12.0,1.0,6.0,3.0,0.0
sudan,OPG120,EBC-303070,98.0,,0.0,,30.0,,163.0,,0.0,,3.0,,2.0,,7.0,,0.0,,205.0,,205.0,163.0,30.0,0.0,7.0,2.0,3.0,0.0,0.0
sudan,OPG120,EBC-306048,43.0,,9.0,,87.0,,80.0,,0.0,,0.0,,0.0,,11.0,,0.0,,187.0,,187.0,80.0,87.0,0.0,11.0,0.0,0.0,9.0,0.0
sudan,OPG120,EBC-309072,27.0,,1.0,,85.0,,134.0,,0.0,,7.0,,2.0,,8.0,,0.0,,237.0,,237.0,134.0,85.0,0.0,8.0,2.0,7.0,1.0,0.0
sudan,OPG120,EBC-44189,,49.0,,0.0,,6.0,,3.0,,0.0,,0.0,,1.0,,1.0,,0.0,,11.0,-11.0,-3.0,-6.0,0.0,-1.0,-1.0,0.0,0.0,0.0
sudan,OPG120,EBC-44365,95.0,,6.0,,52.0,,124.0,,0.0,,1.0,,1.0,,17.0,,0.0,,201.0,,201.0,124.0,52.0,0.0,17.0,1.0,1.0,6.0,0.0
sudan,OPG120,EBC-44401,44.0,,5.0,,52.0,,152.0,,0.0,,0.0,,1.0,,7.0,,0.0,,217.0,,217.0,152.0,52.0,0.0,7.0,1.0,0.0,5.0,0.0
sudan,OPG120,EBC-44402,49.0,,7.0,,78.0,,153.0,,0.0,,2.0,,4.0,,9.0,,0.0,,253.0,,253.0,153.0,78.0,0.0,9.0,4.0,2.0,7.0,0.0
sudan,OPG120,EBC-46024,69.0,,0.0,,84.0,,119.0,,0.0,,3.0,,1.0,,6.0,,0.0,,213.0,,213.0,119.0,84.0,0.0,6.0,1.0,3.0,0.0,0.0
sudan,OPG120,EBC-46057,3.0,,0.0,,47.0,,198.0,,0.0,,1.0,,1.0,,7.0,,0.0,,254.0,,254.0,198.0,47.0,0.0,7.0,1.0,1.0,0.0,0.0
sudan,OPG120,EBC-46294,6.0,,1.0,,129.0,,133.0,,0.0,,4.0,,0.0,,12.0,,0.0,,279.0,,279.0,133.0,129.0,0.0,12.0,0.0,4.0,1.0,0.0
sudan,OPG120,EBC-47073,71.0,,8.0,,91.0,,119.0,,0.0,,3.0,,0.0,,22.0,,0.0,,243.0,,243.0,119.0,91.0,0.0,22.0,0.0,3.0,8.0,0.0
sudan,OPG120,EBC-47119,76.0,,0.0,,116.0,,133.0,,0.0,,0.0,,1.0,,15.0,,0.0,,265.0,,265.0,133.0,116.0,0.0,15.0,1.0,0.0,0.0,0.0
sudan,OPG120,EBC-47188,,87.0,,0.0,,5.0,,3.0,,0.0,,0.0,,1.0,,1.0,,0.0,,10.0,-10.0,-3.0,-5.0,0.0,-1.0,-1.0,0.0,0.0,0.0
sudan,OPG120,EBC-47288,,93.0,,0.0,,5.0,,2.0,,0.0,,1.0,,0.0,,0.0,,0.0,,8.0,-8.0,-2.0,-5.0,0.0,0.0,0.0,-1.0,0.0,0.0
sudan,OPG120,EBC-48186,5.0,,19.0,,28.0,,98.0,,0.0,,0.0,,1.0,,5.0,,0.0,,151.0,,151.0,98.0,28.0,0.0,5.0,1.0,0.0,19.0,0.0
sudan,OPG120,EBC-48188,56.0,,0.0,,77.0,,166.0,,0.0,,4.0,,2.0,,5.0,,0.0,,254.0,,254.0,166.0,77.0,0.0,5.0,2.0,4.0,0.0,0.0
sudan,OPG120,EBC-63089,4.0,,6.0,,119.0,,116.0,,0.0,,2.0,,2.0,,15.0,,0.0,,260.0,,260.0,116.0,119.0,0.0,15.0,2.0,2.0,6.0,0.0
sudan,OPG120,EBC-84050,14.0,,4.0,,52.0,,153.0,,0.0,,6.0,,3.0,,6.0,,0.0,,224.0,,224.0,153.0,52.0,0.0,6.0,3.0,6.0,4.0,0.0
sudan,OPG154,EBC-00627,,49.0,,0.0,,0.0,,3.0,,0.0,,0.0,,0.0,,0.0,,0.0,,3.0,-3.0,-3.0,0.0,0.0,0.0,0.0,0.0,0.0,0.0
sudan,OPG154,EBC-00636,95.0,,0.0,,19.0,,125.0,,0.0,,0.0,,0.0,,11.0,,0.0,,155.0,,155.0,125.0,19.0,0.0,11.0,0.0,0.0,0.0,0.0
sudan,OPG154,EBC-00670,,74.0,,0.0,,0.0,,5.0,,0.0,,0.0,,0.0,,0.0,,0.0,,5.0,-5.0,-5.0,0.0,0.0,0.0,0.0,0.0,0.0,0.0
sudan,OPG154,EBC-00676,,42.0,,1.0,,2.0,,2.0,,0.0,,0.0,,0.0,,0.0,,0.0,,5.0,-5.0,-2.0,-2.0,0.0,0.0,0.0,0.0,-1.0,0.0
sudan,OPG154,EBC-00711,12.0,,0.0,,12.0,,164.0,,0.0,,0.0,,0.0,,7.0,,0.0,,183.0,,183.0,164.0,12.0,0.0,7.0,0.0,0.0,0.0,0.0
sudan,OPG154,EBC-02025,,3.0,,0.0,,1.0,,2.0,,0.0,,0.0,,0.0,,0.0,,0.0,,3.0,-3.0,-2.0,-1.0,0.0,0.0,0.0,0.0,0.0,0.0
sudan,OPG154,EBC-02060,,64.0,,0.0,,1.0,,3.0,,0.0,,0.0,,0.0,,0.0,,0.0,,4.0,-4.0,-3.0,-1.0,0.0,0.0,0.0,0.0,0.0,0.0
sudan,OPG154,EBC-02079,4.0,,0.0,,28.0,,142.0,,0.0,,0.0,,1.0,,4.0,,0.0,,175.0,,175.0,142.0,28.0,0.0,4.0,1.0,0.0,0.0,0.0
sudan,OPG154,EBC-02080,61.0,,0.0,,29.0,,132.0,,0.0,,0.0,,3.0,,1.0,,0.0,,165.0,,165.0,132.0,29.0,0.0,1.0,3.0,0.0,0.0,0.0
sudan,OPG154,EBC-03100,,4.0,,0.0,,1.0,,0.0,,0.0,,0.0,,0.0,,0.0,,0.0,,1.0,-1.0,0.0,-1.0,0.0,0.0,0.0,0.0,0.0,0.0
sudan,OPG154,EBC-03114,,65.0,,0.0,,0.0,,1.0,,0.0,,0.0,,0.0,,0.0,,0.0,,1.0,-1.0,-1.0,0.0,0.0,0.0,0.0,0.0,0.0,0.0
sudan,OPG154,EBC-03159,,71.0,,0.0,,0.0,,1.0,,0.0,,0.0,,0.0,,2.0,,0.0,,3.0,-3.0,-1.0,0.0,0.0,-2.0,0.0,0.0,0.0,0.0
sudan,OPG154,EBC-03567,,59.0,,0.0,,0.0,,1.0,,0.0,,0.0,,0.0,,0.0,,0.0,,1.0,-1.0,-1.0,0.0,0.0,0.0,0.0,0.0,0.0,0.0
sudan,OPG154,EBC-03694,,48.0,,0.0,,0.0,,4.0,,0.0,,0.0,,0.0,,0.0,,0.0,,4.0,-4.0,-4.0,0.0,0.0,0.0,0.0,0.0,0.0,0.0
sudan,OPG154,EBC-03727,,98.0,,0.0,,0.0,,1.0,,0.0,,0.0,,0.0,,1.0,,0.0,,2.0,-2.0,-1.0,0.0,0.0,-1.0,0.0,0.0,0.0,0.0
sudan,OPG154,EBC-03738,,30.0,,0.0,,0.0,,0.0,,0.0,,0.0,,0.0,,1.0,,0.0,,1.0,-1.0,0.0,0.0,0.0,-1.0,0.0,0.0,0.0,0.0
sudan,OPG154,EBC-03743,,51.0,,0.0,,1.0,,3.0,,0.0,,0.0,,0.0,,0.0,,0.0,,4.0,-4.0,-3.0,-1.0,0.0,0.0,0.0,0.0,0.0,0.0
sudan,OPG154,EBC-03754,,91.0,,0.0,,0.0,,5.0,,0.0,,0.0,,1.0,,0.0,,0.0,,6.0,-6.0,-5.0,0.0,0.0,0.0,-1.0,0.0,0.0,0.0
sudan,OPG154,EBC-03801,,82.0,,0.0,,0.0,,4.0,,0.0,,0.0,,0.0,,0.0,,0.0,,4.0,-4.0,-4.0,0.0,0.0,0.0,0.0,0.0,0.0,0.0
sudan,OPG154,EBC-03838,82.0,,0.0,,14.0,,153.0,,0.0,,0.0,,0.0,,2.0,,0.0,,169.0,,169.0,153.0,14.0,0.0,2.0,0.0,0.0,0.0,0.0
sudan,OPG154,EBC-03852,38.0,,0.0,,13.0,,146.0,,0.0,,0.0,,0.0,,0.0,,0.0,,159.0,,159.0,146.0,13.0,0.0,0.0,0.0,0.0,0.0,0.0
sudan,OPG154,EBC-03865,7.0,,0.0,,9.0,,189.0,,0.0,,0.0,,0.0,,0.0,,0.0,,198.0,,198.0,189.0,9.0,0.0,0.0,0.0,0.0,0.0,0.0
sudan,OPG154,EBC-03874,,16.0,,0.0,,0.0,,2.0,,0.0,,0.0,,0.0,,0.0,,0.0,,2.0,-2.0,-2.0,0.0,0.0,0.0,0.0,0.0,0.0,0.0
sudan,OPG154,EBC-03960,,70.0,,0.0,,0.0,,1.0,,0.0,,0.0,,0.0,,2.0,,0.0,,3.0,-3.0,-1.0,0.0,0.0,-2.0,0.0,0.0,0.0,0.0
sudan,OPG154,EBC-04013,,69.0,,0.0,,0.0,,1.0,,0.0,,0.0,,0.0,,2.0,,0.0,,3.0,-3.0,-1.0,0.0,0.0,-2.0,0.0,0.0,0.0,0.0
sudan,OPG154,EBC-04018,,12.0,,0.0,,1.0,,1.0,,0.0,,0.0,,0.0,,0.0,,0.0,,2.0,-2.0,-1.0,-1.0,0.0,0.0,0.0,0.0,0.0,0.0
sudan,OPG154,EBC-04173,,37.0,,0.0,,1.0,,1.0,,0.0,,0.0,,0.0,,0.0,,0.0,,2.0,-2.0,-1.0,-1.0,0.0,0.0,0.0,0.0,0.0,0.0
sudan,OPG154,EBC-04381,,68.0,,0.0,,0.0,,3.0,,0.0,,0.0,,0.0,,0.0,,0.0,,3.0,-3.0,-3.0,0.0,0.0,0.0,0.0,0.0,0.0,0.0
sudan,OPG154,EBC-04407,,22.0,,0.0,,0.0,,2.0,,0.0,,0.0,,0.0,,0.0,,0.0,,2.0,-2.0,-2.0,0.0,0.0,0.0,0.0,0.0,0.0,0.0
sudan,OPG154,EBC-06061,53.0,,0.0,,33.0,,99.0,,0.0,,4.0,,2.0,,15.0,,0.0,,153.0,,153.0,99.0,33.0,0.0,15.0,2.0,4.0,0.0,0.0
sudan,OPG154,EBC-06062,91.0,,0.0,,41.0,,187.0,,0.0,,1.0,,1.0,,8.0,,0.0,,238.0,,238.0,187.0,41.0,0.0,8.0,1.0,1.0,0.0,0.0
sudan,OPG154,EBC-06111,19.0,,0.0,,20.0,,152.0,,0.0,,0.0,,0.0,,0.0,,0.0,,172.0,,172.0,152.0,20.0,0.0,0.0,0.0,0.0,0.0,0.0
sudan,OPG154,EBC-06211,,34.0,,0.0,,0.0,,1.0,,0.0,,0.0,,0.0,,1.0,,0.0,,2.0,-2.0,-1.0,0.0,0.0,-1.0,0.0,0.0,0.0,0.0
sudan,OPG154,EBC-06569,,1.0,,0.0,,1.0,,1.0,,0.0,,0.0,,0.0,,0.0,,0.0,,2.0,-2.0,-1.0,-1.0,0.0,0.0,0.0,0.0,0.0,0.0
sudan,OPG154,EBC-06581,,99.0,,0.0,,1.0,,3.0,,0.0,,0.0,,0.0,,0.0,,0.0,,4.0,-4.0,-3.0,-1.0,0.0,0.0,0.0,0.0,0.0,0.0
sudan,OPG154,EBC-06702,,94.0,,0.0,,1.0,,1.0,,0.0,,0.0,,0.0,,0.0,,0.0,,2.0,-2.0,-1.0,-1.0,0.0,0.0,0.0,0.0,0.0,0.0
sudan,OPG154,EBC-06754,,53.0,,0.0,,1.0,,3.0,,0.0,,0.0,,0.0,,0.0,,0.0,,4.0,-4.0,-3.0,-1.0,0.0,0.0,0.0,0.0,0.0,0.0
sudan,OPG154,EBC-06968,,46.0,,0.0,,0.0,,2.0,,0.0,,0.0,,0.0,,2.0,,0.0,,4.0,-4.0,-2.0,0.0,0.0,-2.0,0.0,0.0,0.0,0.0
sudan,OPG154,EBC-07030,,93.0,,0.0,,0.0,,4.0,,0.0,,0.0,,0.0,,0.0,,0.0,,4.0,-4.0,-4.0,0.0,0.0,0.0,0.0,0.0,0.0,0.0
sudan,OPG154,EBC-07067,,44.0,,0.0,,1.0,,2.0,,0.0,,0.0,,0.0,,0.0,,0.0,,3.0,-3.0,-2.0,-1.0,0.0,0.0,0.0,0.0,0.0,0.0
sudan,OPG154,EBC-07074,,90.0,,0.0,,1.0,,2.0,,0.0,,0.0,,0.0,,1.0,,0.0,,4.0,-4.0,-2.0,-1.0,0.0,-1.0,0.0,0.0,0.0,0.0
sudan,OPG154,EBC-07205,,96.0,,0.0,,0.0,,1.0,,0.0,,0.0,,0.0,,0.0,,0.0,,1.0,-1.0,-1.0,0.0,0.0,0.0,0.0,0.0,0.0,0.0
sudan,OPG154,EBC-07235,,83.0,,0.0,,0.0,,2.0,,0.0,,0.0,,0.0,,0.0,,0.0,,2.0,-2.0,-2.0,0.0,0.0,0.0,0.0,0.0,0.0,0.0
sudan,OPG154,EBC-07236,84.0,,0.0,,8.0,,170.0,,0.0,,0.0,,1.0,,3.0,,0.0,,182.0,,182.0,170.0,8.0,0.0,3.0,1.0,0.0,0.0,0.0
sudan,OPG154,EBC-07249,26.0,,0.0,,19.0,,138.0,,0.0,,2.0,,0.0,,0.0,,0.0,,159.0,,159.0,138.0,19.0,0.0,0.0,0.0,2.0,0.0,0.0
sudan,OPG154,EBC-07250,80.0,,0.0,,12.0,,166.0,,0.0,,0.0,,1.0,,0.0,,0.0,,179.0,,179.0,166.0,12.0,0.0,0.0,1.0,0.0,0.0,0.0
sudan,OPG154,EBC-07301,24.0,,0.0,,9.0,,155.0,,0.0,,1.0,,0.0,,2.0,,0.0,,167.0,,167.0,155.0,9.0,0.0,2.0,0.0,1.0,0.0,0.0
sudan,OPG154,EBC-07355,,8.0,,0.0,,0.0,,5.0,,0.0,,0.0,,0.0,,0.0,,0.0,,5.0,-5.0,-5.0,0.0,0.0,0.0,0.0,0.0,0.0,0.0
sudan,OPG154,EBC-07421,42.0,,0.0,,18.0,,124.0,,0.0,,1.0,,0.0,,6.0,,0.0,,149.0,,149.0,124.0,18.0,0.0,6.0,0.0,1.0,0.0,0.0
sudan,OPG154,EBC-07488,,75.0,,0.0,,0.0,,3.0,,0.0,,0.0,,0.0,,1.0,,0.0,,4.0,-4.0,-3.0,0.0,0.0,-1.0,0.0,0.0,0.0,0.0
sudan,OPG154,EBC-07528,83.0,,0.0,,5.0,,183.0,,0.0,,0.0,,1.0,,2.0,,0.0,,191.0,,191.0,183.0,5.0,0.0,2.0,1.0,0.0,0.0,0.0
sudan,OPG154,EBC-07670,31.0,,0.0,,34.0,,168.0,,0.0,,0.0,,0.0,,3.0,,0.0,,205.0,,205.0,168.0,34.0,0.0,3.0,0.0,0.0,0.0,0.0
sudan,OPG154,EBC-07742,,21.0,,0.0,,1.0,,5.0,,0.0,,0.0,,0.0,,0.0,,0.0,,6.0,-6.0,-5.0,-1.0,0.0,0.0,0.0,0.0,0.0,0.0
sudan,OPG154,EBC-07744,100.0,,0.0,,24.0,,169.0,,0.0,,2.0,,2.0,,10.0,,0.0,,207.0,,207.0,169.0,24.0,0.0,10.0,2.0,2.0,0.0,0.0
sudan,OPG154,EBC-07863,,28.0,,0.0,,0.0,,0.0,,0.0,,0.0,,0.0,,0.0,,0.0,,0.0,0.0,0.0,0.0,0.0,0.0,0.0,0.0,0.0,0.0
sudan,OPG154,EBC-07967,,40.0,,0.0,,0.0,,3.0,,0.0,,0.0,,0.0,,0.0,,0.0,,3.0,-3.0,-3.0,0.0,0.0,0.0,0.0,0.0,0.0,0.0
sudan,OPG154,EBC-08258,,76.0,,0.0,,0.0,,5.0,,0.0,,0.0,,0.0,,1.0,,0.0,,6.0,-6.0,-5.0,0.0,0.0,-1.0,0.0,0.0,0.0,0.0
sudan,OPG154,EBC-08587,30.0,,0.0,,14.0,,117.0,,0.0,,0.0,,0.0,,0.0,,0.0,,131.0,,131.0,117.0,14.0,0.0,0.0,0.0,0.0,0.0,0.0
sudan,OPG154,EBC-08615,27.0,,0.0,,70.0,,133.0,,0.0,,0.0,,0.0,,13.0,,0.0,,216.0,,216.0,133.0,70.0,0.0,13.0,0.0,0.0,0.0,0.0
sudan,OPG154,EBC-08641,,7.0,,0.0,,1.0,,4.0,,0.0,,0.0,,0.0,,2.0,,0.0,,7.0,-7.0,-4.0,-1.0,0.0,-2.0,0.0,0.0,0.0,0.0
sudan,OPG154,EBC-08704,,95.0,,1.0,,1.0,,3.0,,0.0,,0.0,,0.0,,1.0,,0.0,,6.0,-6.0,-3.0,-1.0,0.0,-1.0,0.0,0.0,-1.0,0.0
sudan,OPG154,EBC-08705,,43.0,,0.0,,1.0,,2.0,,0.0,,0.0,,0.0,,1.0,,0.0,,4.0,-4.0,-2.0,-1.0,0.0,-1.0,0.0,0.0,0.0,0.0
sudan,OPG154,EBC-08722,,54.0,,0.0,,1.0,,4.0,,0.0,,0.0,,0.0,,1.0,,0.0,,6.0,-6.0,-4.0,-1.0,0.0,-1.0,0.0,0.0,0.0,0.0
sudan,OPG154,EBC-08780,,100.0,,0.0,,1.0,,1.0,,0.0,,0.0,,0.0,,0.0,,0.0,,2.0,-2.0,-1.0,-1.0,0.0,0.0,0.0,0.0,0.0,0.0
sudan,OPG154,EBC-08785,,77.0,,0.0,,1.0,,2.0,,0.0,,0.0,,1.0,,0.0,,0.0,,4.0,-4.0,-2.0,-1.0,0.0,0.0,-1.0,0.0,0.0,0.0
sudan,OPG154,EBC-08788,37.0,,0.0,,30.0,,151.0,,0.0,,3.0,,1.0,,5.0,,0.0,,190.0,,190.0,151.0,30.0,0.0,5.0,1.0,3.0,0.0,0.0
sudan,OPG154,EBC-08807,,73.0,,0.0,,0.0,,3.0,,0.0,,0.0,,0.0,,1.0,,0.0,,4.0,-4.0,-3.0,0.0,0.0,-1.0,0.0,0.0,0.0,0.0
sudan,OPG154,EBC-08822,90.0,,0.0,,44.0,,129.0,,0.0,,0.0,,2.0,,3.0,,0.0,,178.0,,178.0,129.0,44.0,0.0,3.0,2.0,0.0,0.0,0.0
sudan,OPG154,EBC-08915,17.0,,0.0,,17.0,,182.0,,0.0,,0.0,,0.0,,7.0,,0.0,,206.0,,206.0,182.0,17.0,0.0,7.0,0.0,0.0,0.0,0.0
sudan,OPG154,EBC-09015,,97.0,,0.0,,0.0,,1.0,,0.0,,0.0,,0.0,,0.0,,0.0,,1.0,-1.0,-1.0,0.0,0.0,0.0,0.0,0.0,0.0,0.0
sudan,OPG154,EBC-09050,,78.0,,0.0,,0.0,,5.0,,0.0,,0.0,,0.0,,0.0,,0.0,,5.0,-5.0,-5.0,0.0,0.0,0.0,0.0,0.0,0.0,0.0
sudan,OPG154,EBC-09098,65.0,,0.0,,33.0,,168.0,,0.0,,2.0,,1.0,,3.0,,0.0,,207.0,,207.0,168.0,33.0,0.0,3.0,1.0,2.0,0.0,0.0
sudan,OPG154,EBC-09148,,45.0,,1.0,,0.0,,1.0,,0.0,,0.0,,0.0,,0.0,,0.0,,2.0,-2.0,-1.0,0.0,0.0,0.0,0.0,0.0,-1.0,0.0
sudan,OPG154,EBC-09204,,23.0,,0.0,,0.0,,1.0,,0.0,,0.0,,0.0,,0.0,,0.0,,1.0,-1.0,-1.0,0.0,0.0,0.0,0.0,0.0,0.0,0.0
sudan,OPG154,EBC-09224,,15.0,,0.0,,0.0,,1.0,,0.0,,0.0,,1.0,,0.0,,0.0,,2.0,-2.0,-1.0,0.0,0.0,0.0,-1.0,0.0,0.0,0.0
sudan,OPG154,EBC-09225,,9.0,,0.0,,0.0,,2.0,,0.0,,0.0,,0.0,,2.0,,0.0,,4.0,-4.0,-2.0,0.0,0.0,-2.0,0.0,0.0,0.0,0.0
sudan,OPG154,EBC-101110,,20.0,,0.0,,2.0,,2.0,,0.0,,0.0,,0.0,,1.0,,0.0,,5.0,-5.0,-2.0,-2.0,0.0,-1.0,0.0,0.0,0.0,0.0
sudan,OPG154,EBC-11034,,56.0,,0.0,,0.0,,2.0,,0.0,,0.0,,0.0,,1.0,,0.0,,3.0,-3.0,-2.0,0.0,0.0,-1.0,0.0,0.0,0.0,0.0
sudan,OPG154,EBC-11041,57.0,,0.0,,32.0,,120.0,,0.0,,0.0,,0.0,,0.0,,0.0,,152.0,,152.0,120.0,32.0,0.0,0.0,0.0,0.0,0.0,0.0
sudan,OPG154,EBC-11069,45.0,,0.0,,34.0,,161.0,,0.0,,0.0,,0.0,,1.0,,0.0,,196.0,,196.0,161.0,34.0,0.0,1.0,0.0,0.0,0.0,0.0
sudan,OPG154,EBC-11281,20.0,,15.0,,14.0,,127.0,,0.0,,1.0,,1.0,,5.0,,0.0,,163.0,,163.0,127.0,14.0,0.0,5.0,1.0,1.0,15.0,0.0
sudan,OPG154,EBC-11294,,80.0,,0.0,,1.0,,2.0,,0.0,,0.0,,0.0,,0.0,,0.0,,3.0,-3.0,-2.0,-1.0,0.0,0.0,0.0,0.0,0.0,0.0
sudan,OPG154,EBC-11342,,86.0,,0.0,,0.0,,3.0,,0.0,,0.0,,1.0,,0.0,,0.0,,4.0,-4.0,-3.0,0.0,0.0,0.0,-1.0,0.0,0.0,0.0
sudan,OPG154,EBC-11364,16.0,,7.0,,40.0,,82.0,,0.0,,8.0,,1.0,,12.0,,0.0,,150.0,,150.0,82.0,40.0,0.0,12.0,1.0,8.0,7.0,0.0
sudan,OPG154,EBC-11367,85.0,,0.0,,54.0,,144.0,,0.0,,2.0,,5.0,,12.0,,0.0,,217.0,,217.0,144.0,54.0,0.0,12.0,5.0,2.0,0.0,0.0
sudan,OPG154,EBC-11433,98.0,,0.0,,62.0,,134.0,,0.0,,1.0,,0.0,,10.0,,0.0,,207.0,,207.0,134.0,62.0,0.0,10.0,0.0,1.0,0.0,0.0
sudan,OPG154,EBC-118037,49.0,,0.0,,37.0,,110.0,,0.0,,0.0,,1.0,,9.0,,0.0,,157.0,,157.0,110.0,37.0,0.0,9.0,1.0,0.0,0.0,0.0
sudan,OPG154,EBC-12063,52.0,,0.0,,60.0,,80.0,,0.0,,2.0,,2.0,,14.0,,0.0,,158.0,,158.0,80.0,60.0,0.0,14.0,2.0,2.0,0.0,0.0
sudan,OPG154,EBC-12273,22.0,,0.0,,31.0,,140.0,,0.0,,0.0,,3.0,,3.0,,0.0,,177.0,,177.0,140.0,31.0,0.0,3.0,3.0,0.0,0.0,0.0
sudan,OPG154,EBC-12341,,84.0,,0.0,,0.0,,2.0,,0.0,,0.0,,0.0,,0.0,,0.0,,2.0,-2.0,-2.0,0.0,0.0,0.0,0.0,0.0,0.0,0.0
sudan,OPG154,EBC-12412,58.0,,0.0,,47.0,,168.0,,0.0,,0.0,,1.0,,6.0,,0.0,,222.0,,222.0,168.0,47.0,0.0,6.0,1.0,0.0,0.0,0.0
sudan,OPG154,EBC-12537,,63.0,,0.0,,0.0,,2.0,,0.0,,0.0,,0.0,,3.0,,0.0,,5.0,-5.0,-2.0,0.0,0.0,-3.0,0.0,0.0,0.0,0.0
sudan,OPG154,EBC-12821,15.0,,0.0,,65.0,,120.0,,0.0,,1.0,,2.0,,7.0,,0.0,,195.0,,195.0,120.0,65.0,0.0,7.0,2.0,1.0,0.0,0.0
sudan,OPG154,EBC-12825,97.0,,7.0,,30.0,,169.0,,0.0,,3.0,,0.0,,5.0,,0.0,,214.0,,214.0,169.0,30.0,0.0,5.0,0.0,3.0,7.0,0.0
sudan,OPG154,EBC-12884,66.0,,7.0,,28.0,,86.0,,0.0,,2.0,,1.0,,22.0,,0.0,,146.0,,146.0,86.0,28.0,0.0,22.0,1.0,2.0,7.0,0.0
sudan,OPG154,EBC-12986,,79.0,,0.0,,0.0,,5.0,,0.0,,0.0,,0.0,,0.0,,0.0,,5.0,-5.0,-5.0,0.0,0.0,0.0,0.0,0.0,0.0,0.0
sudan,OPG154,EBC-13061,79.0,,0.0,,53.0,,95.0,,0.0,,3.0,,2.0,,11.0,,0.0,,164.0,,164.0,95.0,53.0,0.0,11.0,2.0,3.0,0.0,0.0
sudan,OPG154,EBC-13071,92.0,,0.0,,22.0,,176.0,,0.0,,0.0,,1.0,,1.0,,0.0,,200.0,,200.0,176.0,22.0,0.0,1.0,1.0,0.0,0.0,0.0
sudan,OPG154,EBC-13120,54.0,,0.0,,43.0,,142.0,,0.0,,0.0,,0.0,,18.0,,0.0,,203.0,,203.0,142.0,43.0,0.0,18.0,0.0,0.0,0.0,0.0
sudan,OPG154,EBC-13127,59.0,,0.0,,35.0,,193.0,,0.0,,1.0,,0.0,,23.0,,0.0,,252.0,,252.0,193.0,35.0,0.0,23.0,0.0,1.0,0.0,0.0
sudan,OPG154,EBC-13184,76.0,,4.0,,62.0,,147.0,,0.0,,3.0,,0.0,,32.0,,0.0,,248.0,,248.0,147.0,62.0,0.0,32.0,0.0,3.0,4.0,0.0
sudan,OPG154,EBC-13436,,67.0,,0.0,,3.0,,0.0,,0.0,,0.0,,0.0,,0.0,,0.0,,3.0,-3.0,0.0,-3.0,0.0,0.0,0.0,0.0,0.0,0.0
sudan,OPG154,EBC-13579,35.0,,0.0,,76.0,,127.0,,0.0,,0.0,,0.0,,8.0,,0.0,,211.0,,211.0,127.0,76.0,0.0,8.0,0.0,0.0,0.0,0.0
sudan,OPG154,EBC-13607,3.0,,0.0,,65.0,,192.0,,0.0,,1.0,,2.0,,9.0,,0.0,,269.0,,269.0,192.0,65.0,0.0,9.0,2.0,1.0,0.0,0.0
sudan,OPG154,EBC-13814,89.0,,0.0,,18.0,,148.0,,0.0,,2.0,,1.0,,1.0,,0.0,,170.0,,170.0,148.0,18.0,0.0,1.0,1.0,2.0,0.0,0.0
sudan,OPG154,EBC-13822,,39.0,,0.0,,0.0,,4.0,,0.0,,0.0,,0.0,,1.0,,0.0,,5.0,-5.0,-4.0,0.0,0.0,-1.0,0.0,0.0,0.0,0.0
sudan,OPG154,EBC-13851,63.0,,0.0,,43.0,,144.0,,0.0,,0.0,,2.0,,2.0,,0.0,,191.0,,191.0,144.0,43.0,0.0,2.0,2.0,0.0,0.0,0.0
sudan,OPG154,EBC-13974,,26.0,,0.0,,1.0,,1.0,,1.0,,0.0,,0.0,,0.0,,0.0,,3.0,-3.0,-1.0,-1.0,0.0,0.0,0.0,0.0,0.0,-1.0
sudan,OPG154,EBC-14147,28.0,,0.0,,47.0,,105.0,,0.0,,0.0,,2.0,,7.0,,0.0,,161.0,,161.0,105.0,47.0,0.0,7.0,2.0,0.0,0.0,0.0
sudan,OPG154,EBC-14210,69.0,,0.0,,18.0,,158.0,,0.0,,0.0,,0.0,,7.0,,0.0,,183.0,,183.0,158.0,18.0,0.0,7.0,0.0,0.0,0.0,0.0
sudan,OPG154,EBC-14214,48.0,,0.0,,28.0,,176.0,,0.0,,2.0,,3.0,,13.0,,0.0,,222.0,,222.0,176.0,28.0,0.0,13.0,3.0,2.0,0.0,0.0
sudan,OPG154,EBC-144070,,92.0,,0.0,,0.0,,3.0,,0.0,,0.0,,0.0,,0.0,,0.0,,3.0,-3.0,-3.0,0.0,0.0,0.0,0.0,0.0,0.0,0.0
sudan,OPG154,EBC-14434,,58.0,,0.0,,0.0,,0.0,,0.0,,0.0,,0.0,,0.0,,0.0,,0.0,0.0,0.0,0.0,0.0,0.0,0.0,0.0,0.0,0.0
sudan,OPG154,EBC-145189,,55.0,,0.0,,0.0,,3.0,,0.0,,0.0,,0.0,,1.0,,0.0,,4.0,-4.0,-3.0,0.0,0.0,-1.0,0.0,0.0,0.0,0.0
sudan,OPG154,EBC-145226,25.0,,0.0,,56.0,,144.0,,0.0,,1.0,,1.0,,5.0,,0.0,,207.0,,207.0,144.0,56.0,0.0,5.0,1.0,1.0,0.0,0.0
sudan,OPG154,EBC-14819,,85.0,,0.0,,0.0,,3.0,,0.0,,0.0,,0.0,,0.0,,0.0,,3.0,-3.0,-3.0,0.0,0.0,0.0,0.0,0.0,0.0,0.0
sudan,OPG154,EBC-14842,,29.0,,0.0,,1.0,,0.0,,0.0,,0.0,,0.0,,0.0,,0.0,,1.0,-1.0,0.0,-1.0,0.0,0.0,0.0,0.0,0.0,0.0
sudan,OPG154,EBC-149094,6.0,,0.0,,30.0,,153.0,,0.0,,0.0,,1.0,,12.0,,0.0,,196.0,,196.0,153.0,30.0,0.0,12.0,1.0,0.0,0.0,0.0
sudan,OPG154,EBC-151087,,36.0,,0.0,,0.0,,2.0,,0.0,,0.0,,0.0,,1.0,,0.0,,3.0,-3.0,-2.0,0.0,0.0,-1.0,0.0,0.0,0.0,0.0
sudan,OPG154,EBC-157188,,18.0,,0.0,,0.0,,4.0,,0.0,,0.0,,0.0,,0.0,,0.0,,4.0,-4.0,-4.0,0.0,0.0,0.0,0.0,0.0,0.0,0.0
sudan,OPG154,EBC-157213,93.0,,8.0,,48.0,,118.0,,0.0,,2.0,,0.0,,13.0,,0.0,,189.0,,189.0,118.0,48.0,0.0,13.0,0.0,2.0,8.0,0.0
sudan,OPG154,EBC-157222,47.0,,0.0,,24.0,,104.0,,0.0,,0.0,,0.0,,1.0,,0.0,,129.0,,129.0,104.0,24.0,0.0,1.0,0.0,0.0,0.0,0.0
sudan,OPG154,EBC-157241,40.0,,3.0,,60.0,,131.0,,0.0,,1.0,,6.0,,15.0,,0.0,,216.0,,216.0,131.0,60.0,0.0,15.0,6.0,1.0,3.0,0.0
sudan,OPG154,EBC-157248,99.0,,0.0,,49.0,,125.0,,0.0,,2.0,,4.0,,11.0,,0.0,,191.0,,191.0,125.0,49.0,0.0,11.0,4.0,2.0,0.0,0.0
sudan,OPG154,EBC-160036,2.0,,1.0,,24.0,,163.0,,0.0,,0.0,,1.0,,3.0,,0.0,,192.0,,192.0,163.0,24.0,0.0,3.0,1.0,0.0,1.0,0.0
sudan,OPG154,EBC-17121,50.0,,0.0,,52.0,,96.0,,0.0,,2.0,,2.0,,15.0,,0.0,,167.0,,167.0,96.0,52.0,0.0,15.0,2.0,2.0,0.0,0.0
sudan,OPG154,EBC-180260,70.0,,0.0,,17.0,,142.0,,0.0,,3.0,,4.0,,1.0,,0.0,,167.0,,167.0,142.0,17.0,0.0,1.0,4.0,3.0,0.0,0.0
sudan,OPG154,EBC-216028,44.0,,0.0,,24.0,,154.0,,0.0,,1.0,,0.0,,8.0,,0.0,,187.0,,187.0,154.0,24.0,0.0,8.0,0.0,1.0,0.0,0.0
sudan,OPG154,EBC-217022,51.0,,5.0,,33.0,,103.0,,0.0,,2.0,,0.0,,16.0,,0.0,,159.0,,159.0,103.0,33.0,0.0,16.0,0.0,2.0,5.0,0.0
sudan,OPG154,EBC-218037,34.0,,0.0,,29.0,,126.0,,0.0,,2.0,,3.0,,6.0,,0.0,,166.0,,166.0,126.0,29.0,0.0,6.0,3.0,2.0,0.0,0.0
sudan,OPG154,EBC-218043,1.0,,0.0,,42.0,,136.0,,0.0,,5.0,,2.0,,17.0,,0.0,,202.0,,202.0,136.0,42.0,0.0,17.0,2.0,5.0,0.0,0.0
sudan,OPG154,EBC-221084,41.0,,0.0,,45.0,,118.0,,0.0,,6.0,,2.0,,17.0,,0.0,,188.0,,188.0,118.0,45.0,0.0,17.0,2.0,6.0,0.0,0.0
sudan,OPG154,EBC-23629,14.0,,0.0,,23.0,,174.0,,0.0,,0.0,,1.0,,2.0,,0.0,,200.0,,200.0,174.0,23.0,0.0,2.0,1.0,0.0,0.0,0.0
sudan,OPG154,EBC-24042,29.0,,0.0,,0.0,,285.0,,0.0,,0.0,,0.0,,0.0,,0.0,,285.0,,285.0,285.0,0.0,0.0,0.0,0.0,0.0,0.0,0.0
sudan,OPG154,EBC-244029,33.0,,0.0,,35.0,,153.0,,0.0,,0.0,,1.0,,2.0,,0.0,,191.0,,191.0,153.0,35.0,0.0,2.0,1.0,0.0,0.0,0.0
sudan,OPG154,EBC-249057,78.0,,0.0,,24.0,,169.0,,0.0,,1.0,,1.0,,6.0,,0.0,,201.0,,201.0,169.0,24.0,0.0,6.0,1.0,1.0,0.0,0.0
sudan,OPG154,EBC-252093,21.0,,0.0,,48.0,,119.0,,0.0,,1.0,,0.0,,9.0,,0.0,,177.0,,177.0,119.0,48.0,0.0,9.0,0.0,1.0,0.0,0.0
sudan,OPG154,EBC-252122,86.0,,6.0,,54.0,,114.0,,0.0,,0.0,,1.0,,17.0,,0.0,,192.0,,192.0,114.0,54.0,0.0,17.0,1.0,0.0,6.0,0.0
sudan,OPG154,EBC-253180,96.0,,2.0,,64.0,,124.0,,0.0,,0.0,,0.0,,9.0,,0.0,,199.0,,199.0,124.0,64.0,0.0,9.0,0.0,0.0,2.0,0.0
sudan,OPG154,EBC-255053,71.0,,0.0,,28.0,,171.0,,0.0,,1.0,,0.0,,4.0,,0.0,,204.0,,204.0,171.0,28.0,0.0,4.0,0.0,1.0,0.0,0.0
sudan,OPG154,EBC-255056,77.0,,0.0,,24.0,,159.0,,0.0,,1.0,,5.0,,6.0,,0.0,,195.0,,195.0,159.0,24.0,0.0,6.0,5.0,1.0,0.0,0.0
sudan,OPG154,EBC-26060,,62.0,,0.0,,1.0,,0.0,,0.0,,0.0,,0.0,,0.0,,0.0,,1.0,-1.0,0.0,-1.0,0.0,0.0,0.0,0.0,0.0,0.0
sudan,OPG154,EBC-26080,,57.0,,0.0,,1.0,,3.0,,0.0,,0.0,,0.0,,0.0,,0.0,,4.0,-4.0,-3.0,-1.0,0.0,0.0,0.0,0.0,0.0,0.0
sudan,OPG154,EBC-26082,,35.0,,0.0,,0.0,,3.0,,0.0,,0.0,,0.0,,0.0,,0.0,,3.0,-3.0,-3.0,0.0,0.0,0.0,0.0,0.0,0.0,0.0
sudan,OPG154,EBC-26103,,60.0,,0.0,,0.0,,2.0,,0.0,,0.0,,0.0,,0.0,,0.0,,2.0,-2.0,-2.0,0.0,0.0,0.0,0.0,0.0,0.0,0.0
sudan,OPG154,EBC-26139,,33.0,,0.0,,0.0,,0.0,,0.0,,0.0,,0.0,,0.0,,0.0,,0.0,0.0,0.0,0.0,0.0,0.0,0.0,0.0,0.0,0.0
sudan,OPG154,EBC-26171,,11.0,,0.0,,0.0,,0.0,,0.0,,0.0,,0.0,,2.0,,0.0,,2.0,-2.0,0.0,0.0,0.0,-2.0,0.0,0.0,0.0,0.0
sudan,OPG154,EBC-26180,,61.0,,0.0,,1.0,,0.0,,1.0,,0.0,,0.0,,0.0,,0.0,,2.0,-2.0,0.0,-1.0,0.0,0.0,0.0,0.0,0.0,-1.0
sudan,OPG154,EBC-265042,72.0,,0.0,,27.0,,156.0,,0.0,,1.0,,2.0,,13.0,,0.0,,199.0,,199.0,156.0,27.0,0.0,13.0,2.0,1.0,0.0,0.0
sudan,OPG154,EBC-26647,,47.0,,0.0,,1.0,,3.0,,0.0,,0.0,,0.0,,0.0,,0.0,,4.0,-4.0,-3.0,-1.0,0.0,0.0,0.0,0.0,0.0,0.0
sudan,OPG154,EBC-26656,,17.0,,0.0,,0.0,,2.0,,0.0,,0.0,,0.0,,0.0,,0.0,,2.0,-2.0,-2.0,0.0,0.0,0.0,0.0,0.0,0.0,0.0
sudan,OPG154,EBC-26770,43.0,,0.0,,18.0,,150.0,,0.0,,0.0,,0.0,,1.0,,0.0,,169.0,,169.0,150.0,18.0,0.0,1.0,0.0,0.0,0.0,0.0
sudan,OPG154,EBC-27035,73.0,,0.0,,35.0,,166.0,,0.0,,2.0,,0.0,,3.0,,0.0,,206.0,,206.0,166.0,35.0,0.0,3.0,0.0,2.0,0.0,0.0
sudan,OPG154,EBC-27125,,72.0,,0.0,,1.0,,3.0,,0.0,,0.0,,0.0,,0.0,,0.0,,4.0,-4.0,-3.0,-1.0,0.0,0.0,0.0,0.0,0.0,0.0
sudan,OPG154,EBC-27184,87.0,,0.0,,6.0,,183.0,,0.0,,0.0,,0.0,,1.0,,0.0,,190.0,,190.0,183.0,6.0,0.0,1.0,0.0,0.0,0.0,0.0
sudan,OPG154,EBC-27265,9.0,,2.0,,4.0,,145.0,,0.0,,0.0,,3.0,,0.0,,0.0,,154.0,,154.0,145.0,4.0,0.0,0.0,3.0,0.0,2.0,0.0
sudan,OPG154,EBC-27345,5.0,,8.0,,21.0,,114.0,,0.0,,0.0,,0.0,,0.0,,0.0,,143.0,,143.0,114.0,21.0,0.0,0.0,0.0,0.0,8.0,0.0
sudan,OPG154,EBC-27367,56.0,,17.0,,58.0,,102.0,,0.0,,0.0,,0.0,,10.0,,0.0,,187.0,,187.0,102.0,58.0,0.0,10.0,0.0,0.0,17.0,0.0
sudan,OPG154,EBC-27428,75.0,,0.0,,53.0,,134.0,,0.0,,2.0,,2.0,,1.0,,0.0,,192.0,,192.0,134.0,53.0,0.0,1.0,2.0,2.0,0.0,0.0
sudan,OPG154,EBC-28042,,24.0,,0.0,,0.0,,1.0,,0.0,,0.0,,0.0,,0.0,,0.0,,1.0,-1.0,-1.0,0.0,0.0,0.0,0.0,0.0,0.0,0.0
sudan,OPG154,EBC-28055,,5.0,,0.0,,1.0,,0.0,,4.0,,0.0,,0.0,,0.0,,0.0,,5.0,-5.0,0.0,-1.0,0.0,0.0,0.0,0.0,0.0,-4.0
sudan,OPG154,EBC-286055,39.0,,0.0,,42.0,,155.0,,0.0,,0.0,,5.0,,14.0,,0.0,,216.0,,216.0,155.0,42.0,0.0,14.0,5.0,0.0,0.0,0.0
sudan,OPG154,EBC-287070,60.0,,0.0,,44.0,,158.0,,0.0,,3.0,,1.0,,4.0,,0.0,,210.0,,210.0,158.0,44.0,0.0,4.0,1.0,3.0,0.0,0.0
sudan,OPG154,EBC-287104,46.0,,0.0,,31.0,,156.0,,0.0,,1.0,,0.0,,6.0,,0.0,,194.0,,194.0,156.0,31.0,0.0,6.0,0.0,1.0,0.0,0.0
sudan,OPG154,EBC-289112,11.0,,0.0,,28.0,,139.0,,0.0,,3.0,,4.0,,10.0,,0.0,,184.0,,184.0,139.0,28.0,0.0,10.0,4.0,3.0,0.0,0.0
sudan,OPG154,EBC-289122,,88.0,,0.0,,0.0,,1.0,,0.0,,0.0,,0.0,,1.0,,0.0,,2.0,-2.0,-1.0,0.0,0.0,-1.0,0.0,0.0,0.0,0.0
sudan,OPG154,EBC-290041,23.0,,2.0,,102.0,,151.0,,0.0,,2.0,,0.0,,25.0,,0.0,,282.0,,282.0,151.0,102.0,0.0,25.0,0.0,2.0,2.0,0.0
sudan,OPG154,EBC-290082,81.0,,0.0,,27.0,,126.0,,0.0,,3.0,,3.0,,4.0,,0.0,,163.0,,163.0,126.0,27.0,0.0,4.0,3.0,3.0,0.0,0.0
sudan,OPG154,EBC-291056,62.0,,0.0,,32.0,,171.0,,0.0,,2.0,,3.0,,11.0,,0.0,,219.0,,219.0,171.0,32.0,0.0,11.0,3.0,2.0,0.0,0.0
sudan,OPG154,EBC-291059,94.0,,0.0,,39.0,,139.0,,0.0,,1.0,,2.0,,7.0,,0.0,,188.0,,188.0,139.0,39.0,0.0,7.0,2.0,1.0,0.0,0.0
sudan,OPG154,EBC-291100,,87.0,,0.0,,1.0,,3.0,,0.0,,0.0,,0.0,,1.0,,0.0,,5.0,-5.0,-3.0,-1.0,0.0,-1.0,0.0,0.0,0.0,0.0
sudan,OPG154,EBC-291159,68.0,,0.0,,28.0,,184.0,,0.0,,1.0,,2.0,,7.0,,0.0,,222.0,,222.0,184.0,28.0,0.0,7.0,2.0,1.0,0.0,0.0
sudan,OPG154,EBC-292061,,81.0,,0.0,,2.0,,2.0,,0.0,,0.0,,0.0,,0.0,,0.0,,4.0,-4.0,-2.0,-2.0,0.0,0.0,0.0,0.0,0.0,0.0
sudan,OPG154,EBC-30021,,2.0,,0.0,,2.0,,1.0,,0.0,,0.0,,0.0,,2.0,,0.0,,5.0,-5.0,-1.0,-2.0,0.0,-2.0,0.0,0.0,0.0,0.0
sudan,OPG154,EBC-303208,,13.0,,0.0,,0.0,,2.0,,0.0,,0.0,,0.0,,1.0,,0.0,,3.0,-3.0,-2.0,0.0,0.0,-1.0,0.0,0.0,0.0,0.0
sudan,OPG154,EBC-303264,,89.0,,0.0,,0.0,,6.0,,0.0,,0.0,,0.0,,0.0,,0.0,,6.0,-6.0,-6.0,0.0,0.0,0.0,0.0,0.0,0.0,0.0
sudan,OPG154,EBC-303277,,14.0,,0.0,,2.0,,1.0,,0.0,,0.0,,0.0,,1.0,,0.0,,4.0,-4.0,-1.0,-2.0,0.0,-1.0,0.0,0.0,0.0,0.0
sudan,OPG154,EBC-303279,,41.0,,0.0,,2.0,,3.0,,0.0,,0.0,,0.0,,0.0,,0.0,,5.0,-5.0,-3.0,-2.0,0.0,0.0,0.0,0.0,0.0,0.0
sudan,OPG154,EBC-306048,67.0,,8.0,,42.0,,94.0,,0.0,,2.0,,2.0,,9.0,,0.0,,157.0,,157.0,94.0,42.0,0.0,9.0,2.0,2.0,8.0,0.0
sudan,OPG154,EBC-309072,18.0,,0.0,,42.0,,123.0,,0.0,,4.0,,5.0,,5.0,,0.0,,179.0,,179.0,123.0,42.0,0.0,5.0,5.0,4.0,0.0,0.0
sudan,OPG154,EBC-312048,,19.0,,0.0,,1.0,,4.0,,0.0,,0.0,,0.0,,0.0,,0.0,,5.0,-5.0,-4.0,-1.0,0.0,0.0,0.0,0.0,0.0,0.0
sudan,OPG154,EBC-312060,,6.0,,0.0,,0.0,,2.0,,0.0,,0.0,,1.0,,0.0,,0.0,,3.0,-3.0,-2.0,0.0,0.0,0.0,-1.0,0.0,0.0,0.0
sudan,OPG154,EBC-313076,55.0,,0.0,,90.0,,122.0,,0.0,,3.0,,0.0,,10.0,,0.0,,225.0,,225.0,122.0,90.0,0.0,10.0,0.0,3.0,0.0,0.0
sudan,OPG154,EBC-352059,,52.0,,0.0,,0.0,,3.0,,0.0,,0.0,,0.0,,0.0,,0.0,,3.0,-3.0,-3.0,0.0,0.0,0.0,0.0,0.0,0.0,0.0
sudan,OPG154,EBC-361045,,25.0,,0.0,,2.0,,0.0,,0.0,,0.0,,0.0,,0.0,,0.0,,2.0,-2.0,0.0,-2.0,0.0,0.0,0.0,0.0,0.0,0.0
sudan,OPG154,EBC-372050,,31.0,,0.0,,0.0,,3.0,,0.0,,0.0,,0.0,,0.0,,0.0,,3.0,-3.0,-3.0,0.0,0.0,0.0,0.0,0.0,0.0,0.0
sudan,OPG154,EBC-46057,10.0,,0.0,,35.0,,181.0,,0.0,,2.0,,0.0,,7.0,,0.0,,225.0,,225.0,181.0,35.0,0.0,7.0,0.0,2.0,0.0,0.0
sudan,OPG154,EBC-46200,64.0,,2.0,,60.0,,156.0,,0.0,,1.0,,0.0,,32.0,,0.0,,251.0,,251.0,156.0,60.0,0.0,32.0,0.0,1.0,2.0,0.0
sudan,OPG154,EBC-46203,,66.0,,0.0,,1.0,,3.0,,0.0,,0.0,,0.0,,0.0,,0.0,,4.0,-4.0,-3.0,-1.0,0.0,0.0,0.0,0.0,0.0,0.0
sudan,OPG154,EBC-46294,36.0,,1.0,,89.0,,141.0,,0.0,,2.0,,2.0,,37.0,,0.0,,272.0,,272.0,141.0,89.0,0.0,37.0,2.0,2.0,1.0,0.0
sudan,OPG154,EBC-47153,,32.0,,0.0,,1.0,,3.0,,0.0,,0.0,,0.0,,0.0,,0.0,,4.0,-4.0,-3.0,-1.0,0.0,0.0,0.0,0.0,0.0,0.0
sudan,OPG154,EBC-47334,,27.0,,0.0,,0.0,,3.0,,0.0,,0.0,,0.0,,0.0,,0.0,,3.0,-3.0,-3.0,0.0,0.0,0.0,0.0,0.0,0.0,0.0
sudan,OPG154,EBC-47336,,10.0,,0.0,,0.0,,1.0,,0.0,,0.0,,0.0,,1.0,,0.0,,2.0,-2.0,-1.0,0.0,0.0,-1.0,0.0,0.0,0.0,0.0
sudan,OPG154,EBC-47582,,38.0,,0.0,,1.0,,0.0,,0.0,,0.0,,0.0,,1.0,,0.0,,2.0,-2.0,0.0,-1.0,0.0,-1.0,0.0,0.0,0.0,0.0
sudan,OPG154,EBC-48186,8.0,,11.0,,23.0,,137.0,,0.0,,2.0,,0.0,,2.0,,0.0,,175.0,,175.0,137.0,23.0,0.0,2.0,0.0,2.0,11.0,0.0
sudan,OPG154,EBC-63089,13.0,,1.0,,75.0,,139.0,,0.0,,1.0,,5.0,,23.0,,0.0,,244.0,,244.0,139.0,75.0,0.0,23.0,5.0,1.0,1.0,0.0
sudan,OPG154,EBC-71073,88.0,,0.0,,74.0,,134.0,,0.0,,2.0,,1.0,,10.0,,0.0,,221.0,,221.0,134.0,74.0,0.0,10.0,1.0,2.0,0.0,0.0
sudan,OPG154,EBC-73021,74.0,,1.0,,29.0,,134.0,,0.0,,0.0,,5.0,,2.0,,0.0,,171.0,,171.0,134.0,29.0,0.0,2.0,5.0,0.0,1.0,0.0
sudan,OPG154,EBC-80148,,50.0,,0.0,,2.0,,3.0,,0.0,,0.0,,1.0,,0.0,,0.0,,6.0,-6.0,-3.0,-2.0,0.0,0.0,-1.0,0.0,0.0,0.0
sudan,OPG154,EBC-84050,32.0,,9.0,,54.0,,128.0,,0.0,,7.0,,2.0,,32.0,,0.0,,232.0,,232.0,128.0,54.0,0.0,32.0,2.0,7.0,9.0,0.0
sudan,OPG174,EBC-00570,,54.0,,0.0,,1.0,,0.0,,0.0,,0.0,,1.0,,0.0,,0.0,,2.0,-2.0,0.0,-1.0,0.0,0.0,-1.0,0.0,0.0,0.0
sudan,OPG174,EBC-00571,,50.0,,0.0,,1.0,,6.0,,0.0,,0.0,,1.0,,0.0,,0.0,,8.0,-8.0,-6.0,-1.0,0.0,0.0,-1.0,0.0,0.0,0.0
sudan,OPG174,EBC-00633,,35.0,,0.0,,5.0,,0.0,,0.0,,0.0,,0.0,,0.0,,0.0,,5.0,-5.0,0.0,-5.0,0.0,0.0,0.0,0.0,0.0,0.0
sudan,OPG174,EBC-00646,,92.0,,0.0,,3.0,,10.0,,0.0,,0.0,,2.0,,0.0,,0.0,,15.0,-15.0,-10.0,-3.0,0.0,0.0,-2.0,0.0,0.0,0.0
sudan,OPG174,EBC-00663,,6.0,,0.0,,1.0,,9.0,,0.0,,0.0,,0.0,,1.0,,0.0,,11.0,-11.0,-9.0,-1.0,0.0,-1.0,0.0,0.0,0.0,0.0
sudan,OPG174,EBC-00694,85.0,,8.0,,84.0,,144.0,,0.0,,0.0,,0.0,,13.0,,0.0,,249.0,,249.0,144.0,84.0,0.0,13.0,0.0,0.0,8.0,0.0
sudan,OPG174,EBC-00704,,46.0,,0.0,,3.0,,5.0,,0.0,,0.0,,1.0,,1.0,,0.0,,10.0,-10.0,-5.0,-3.0,0.0,-1.0,-1.0,0.0,0.0,0.0
sudan,OPG174,EBC-00711,34.0,,0.0,,12.0,,123.0,,0.0,,0.0,,0.0,,3.0,,0.0,,138.0,,138.0,123.0,12.0,0.0,3.0,0.0,0.0,0.0,0.0
sudan,OPG174,EBC-02039,,95.0,,0.0,,1.0,,6.0,,0.0,,0.0,,2.0,,0.0,,0.0,,9.0,-9.0,-6.0,-1.0,0.0,0.0,-2.0,0.0,0.0,0.0
sudan,OPG174,EBC-02079,26.0,,0.0,,23.0,,129.0,,0.0,,0.0,,0.0,,10.0,,0.0,,162.0,,162.0,129.0,23.0,0.0,10.0,0.0,0.0,0.0,0.0
sudan,OPG174,EBC-02080,70.0,,0.0,,32.0,,72.0,,0.0,,0.0,,0.0,,1.0,,0.0,,105.0,,105.0,72.0,32.0,0.0,1.0,0.0,0.0,0.0,0.0
sudan,OPG174,EBC-03170,,63.0,,0.0,,3.0,,0.0,,0.0,,0.0,,0.0,,0.0,,0.0,,3.0,-3.0,0.0,-3.0,0.0,0.0,0.0,0.0,0.0,0.0
sudan,OPG174,EBC-03462,,72.0,,0.0,,3.0,,3.0,,0.0,,0.0,,0.0,,0.0,,0.0,,6.0,-6.0,-3.0,-3.0,0.0,0.0,0.0,0.0,0.0,0.0
sudan,OPG174,EBC-03625,,55.0,,0.0,,1.0,,7.0,,0.0,,0.0,,0.0,,0.0,,0.0,,8.0,-8.0,-7.0,-1.0,0.0,0.0,0.0,0.0,0.0,0.0
sudan,OPG174,EBC-03826,,53.0,,0.0,,2.0,,4.0,,0.0,,0.0,,1.0,,0.0,,0.0,,7.0,-7.0,-4.0,-2.0,0.0,0.0,-1.0,0.0,0.0,0.0
sudan,OPG174,EBC-03893,,67.0,,0.0,,1.0,,6.0,,0.0,,0.0,,0.0,,1.0,,0.0,,8.0,-8.0,-6.0,-1.0,0.0,-1.0,0.0,0.0,0.0,0.0
sudan,OPG174,EBC-03910,,28.0,,0.0,,4.0,,0.0,,0.0,,0.0,,0.0,,0.0,,0.0,,4.0,-4.0,0.0,-4.0,0.0,0.0,0.0,0.0,0.0,0.0
sudan,OPG174,EBC-03919,,45.0,,0.0,,3.0,,5.0,,0.0,,1.0,,0.0,,0.0,,0.0,,9.0,-9.0,-5.0,-3.0,0.0,0.0,0.0,-1.0,0.0,0.0
sudan,OPG174,EBC-04151,,71.0,,0.0,,5.0,,4.0,,0.0,,0.0,,0.0,,0.0,,0.0,,9.0,-9.0,-4.0,-5.0,0.0,0.0,0.0,0.0,0.0,0.0
sudan,OPG174,EBC-04247,,49.0,,0.0,,1.0,,7.0,,0.0,,0.0,,0.0,,1.0,,0.0,,9.0,-9.0,-7.0,-1.0,0.0,-1.0,0.0,0.0,0.0,0.0
sudan,OPG174,EBC-06038,,22.0,,0.0,,2.0,,5.0,,0.0,,0.0,,0.0,,0.0,,0.0,,7.0,-7.0,-5.0,-2.0,0.0,0.0,0.0,0.0,0.0,0.0
sudan,OPG174,EBC-06061,52.0,,0.0,,49.0,,134.0,,0.0,,2.0,,0.0,,14.0,,0.0,,199.0,,199.0,134.0,49.0,0.0,14.0,0.0,2.0,0.0,0.0
sudan,OPG174,EBC-06062,69.0,,0.0,,59.0,,181.0,,0.0,,0.0,,0.0,,6.0,,0.0,,246.0,,246.0,181.0,59.0,0.0,6.0,0.0,0.0,0.0,0.0
sudan,OPG174,EBC-06092,16.0,,0.0,,40.0,,77.0,,0.0,,2.0,,1.0,,4.0,,0.0,,124.0,,124.0,77.0,40.0,0.0,4.0,1.0,2.0,0.0,0.0
sudan,OPG174,EBC-06116,,42.0,,0.0,,2.0,,6.0,,0.0,,0.0,,0.0,,0.0,,0.0,,8.0,-8.0,-6.0,-2.0,0.0,0.0,0.0,0.0,0.0,0.0
sudan,OPG174,EBC-06369,,91.0,,0.0,,0.0,,7.0,,0.0,,0.0,,0.0,,1.0,,0.0,,8.0,-8.0,-7.0,0.0,0.0,-1.0,0.0,0.0,0.0,0.0
sudan,OPG174,EBC-06764,,62.0,,2.0,,2.0,,4.0,,0.0,,0.0,,1.0,,0.0,,0.0,,9.0,-9.0,-4.0,-2.0,0.0,0.0,-1.0,0.0,-2.0,0.0
sudan,OPG174,EBC-06844,,78.0,,0.0,,3.0,,4.0,,0.0,,0.0,,2.0,,0.0,,0.0,,9.0,-9.0,-4.0,-3.0,0.0,0.0,-2.0,0.0,0.0,0.0
sudan,OPG174,EBC-07024,,26.0,,0.0,,1.0,,6.0,,0.0,,0.0,,0.0,,0.0,,0.0,,7.0,-7.0,-6.0,-1.0,0.0,0.0,0.0,0.0,0.0,0.0
sudan,OPG174,EBC-07127,,96.0,,0.0,,1.0,,1.0,,0.0,,0.0,,2.0,,1.0,,0.0,,5.0,-5.0,-1.0,-1.0,0.0,-1.0,-2.0,0.0,0.0,0.0
sudan,OPG174,EBC-07157,22.0,,0.0,,28.0,,47.0,,0.0,,0.0,,0.0,,4.0,,0.0,,79.0,,79.0,47.0,28.0,0.0,4.0,0.0,0.0,0.0,0.0
sudan,OPG174,EBC-07275,,86.0,,0.0,,1.0,,6.0,,0.0,,0.0,,3.0,,0.0,,0.0,,10.0,-10.0,-6.0,-1.0,0.0,0.0,-3.0,0.0,0.0,0.0
sudan,OPG174,EBC-07353,,60.0,,0.0,,0.0,,7.0,,0.0,,0.0,,0.0,,0.0,,0.0,,7.0,-7.0,-7.0,0.0,0.0,0.0,0.0,0.0,0.0,0.0
sudan,OPG174,EBC-07355,,61.0,,0.0,,3.0,,5.0,,0.0,,0.0,,1.0,,0.0,,0.0,,9.0,-9.0,-5.0,-3.0,0.0,0.0,-1.0,0.0,0.0,0.0
sudan,OPG174,EBC-07400,,69.0,,0.0,,1.0,,4.0,,0.0,,0.0,,0.0,,1.0,,0.0,,6.0,-6.0,-4.0,-1.0,0.0,-1.0,0.0,0.0,0.0,0.0
sudan,OPG174,EBC-07480,,59.0,,0.0,,1.0,,9.0,,0.0,,0.0,,0.0,,1.0,,0.0,,11.0,-11.0,-9.0,-1.0,0.0,-1.0,0.0,0.0,0.0,0.0
sudan,OPG174,EBC-07491,,88.0,,0.0,,1.0,,8.0,,0.0,,0.0,,0.0,,1.0,,0.0,,10.0,-10.0,-8.0,-1.0,0.0,-1.0,0.0,0.0,0.0,0.0
sudan,OPG174,EBC-07543,,21.0,,0.0,,2.0,,7.0,,0.0,,0.0,,2.0,,1.0,,0.0,,12.0,-12.0,-7.0,-2.0,0.0,-1.0,-2.0,0.0,0.0,0.0
sudan,OPG174,EBC-07674,,82.0,,0.0,,2.0,,13.0,,0.0,,0.0,,1.0,,0.0,,0.0,,16.0,-16.0,-13.0,-2.0,0.0,0.0,-1.0,0.0,0.0,0.0
sudan,OPG174,EBC-07787,,47.0,,0.0,,0.0,,8.0,,0.0,,0.0,,0.0,,1.0,,0.0,,9.0,-9.0,-8.0,0.0,0.0,-1.0,0.0,0.0,0.0,0.0
sudan,OPG174,EBC-07862,,15.0,,0.0,,8.0,,0.0,,0.0,,0.0,,0.0,,0.0,,0.0,,8.0,-8.0,0.0,-8.0,0.0,0.0,0.0,0.0,0.0,0.0
sudan,OPG174,EBC-07872,99.0,,0.0,,71.0,,172.0,,0.0,,0.0,,0.0,,1.0,,0.0,,244.0,,244.0,172.0,71.0,0.0,1.0,0.0,0.0,0.0,0.0
sudan,OPG174,EBC-07893,,23.0,,0.0,,1.0,,7.0,,0.0,,0.0,,1.0,,0.0,,0.0,,9.0,-9.0,-7.0,-1.0,0.0,0.0,-1.0,0.0,0.0,0.0
sudan,OPG174,EBC-07935,,33.0,,0.0,,3.0,,2.0,,0.0,,0.0,,2.0,,0.0,,0.0,,7.0,-7.0,-2.0,-3.0,0.0,0.0,-2.0,0.0,0.0,0.0
sudan,OPG174,EBC-07936,,11.0,,0.0,,3.0,,4.0,,0.0,,0.0,,2.0,,0.0,,0.0,,9.0,-9.0,-4.0,-3.0,0.0,0.0,-2.0,0.0,0.0,0.0
sudan,OPG174,EBC-07940,64.0,,7.0,,84.0,,109.0,,0.0,,0.0,,0.0,,9.0,,0.0,,209.0,,209.0,109.0,84.0,0.0,9.0,0.0,0.0,7.0,0.0
sudan,OPG174,EBC-07988,27.0,44.0,2.0,0.0,64.0,4.0,201.0,9.0,0.0,0.0,2.0,1.0,1.0,2.0,28.0,0.0,0.0,0.0,298.0,16.0,282.0,192.0,60.0,0.0,28.0,-1.0,1.0,2.0,0.0
sudan,OPG174,EBC-08023,,32.0,,0.0,,4.0,,0.0,,0.0,,0.0,,0.0,,0.0,,0.0,,4.0,-4.0,0.0,-4.0,0.0,0.0,0.0,0.0,0.0,0.0
sudan,OPG174,EBC-08040,,90.0,,0.0,,3.0,,5.0,,0.0,,0.0,,1.0,,0.0,,0.0,,9.0,-9.0,-5.0,-3.0,0.0,0.0,-1.0,0.0,0.0,0.0
sudan,OPG174,EBC-08344,,48.0,,0.0,,1.0,,5.0,,0.0,,0.0,,0.0,,1.0,,0.0,,7.0,-7.0,-5.0,-1.0,0.0,-1.0,0.0,0.0,0.0,0.0
sudan,OPG174,EBC-08358,,87.0,,0.0,,3.0,,4.0,,0.0,,0.0,,1.0,,1.0,,0.0,,9.0,-9.0,-4.0,-3.0,0.0,-1.0,-1.0,0.0,0.0,0.0
sudan,OPG174,EBC-08537,,43.0,,0.0,,3.0,,7.0,,0.0,,1.0,,2.0,,0.0,,0.0,,13.0,-13.0,-7.0,-3.0,0.0,0.0,-2.0,-1.0,0.0,0.0
sudan,OPG174,EBC-08557,,74.0,,0.0,,2.0,,5.0,,0.0,,0.0,,2.0,,1.0,,0.0,,10.0,-10.0,-5.0,-2.0,0.0,-1.0,-2.0,0.0,0.0,0.0
sudan,OPG174,EBC-08615,7.0,,0.0,,67.0,,96.0,,0.0,,0.0,,0.0,,5.0,,0.0,,168.0,,168.0,96.0,67.0,0.0,5.0,0.0,0.0,0.0,0.0
sudan,OPG174,EBC-08636,,79.0,,0.0,,2.0,,9.0,,0.0,,0.0,,1.0,,1.0,,0.0,,13.0,-13.0,-9.0,-2.0,0.0,-1.0,-1.0,0.0,0.0,0.0
sudan,OPG174,EBC-08737,,52.0,,0.0,,2.0,,6.0,,0.0,,0.0,,0.0,,0.0,,0.0,,8.0,-8.0,-6.0,-2.0,0.0,0.0,0.0,0.0,0.0,0.0
sudan,OPG174,EBC-08788,48.0,,0.0,,49.0,,162.0,,0.0,,1.0,,0.0,,8.0,,0.0,,220.0,,220.0,162.0,49.0,0.0,8.0,0.0,1.0,0.0,0.0
sudan,OPG174,EBC-08908,61.0,,4.0,,92.0,,159.0,,0.0,,3.0,,0.0,,8.0,,0.0,,266.0,,266.0,159.0,92.0,0.0,8.0,0.0,3.0,4.0,0.0
sudan,OPG174,EBC-08915,23.0,,0.0,,41.0,,178.0,,0.0,,0.0,,0.0,,1.0,,0.0,,220.0,,220.0,178.0,41.0,0.0,1.0,0.0,0.0,0.0,0.0
sudan,OPG174,EBC-09085,80.0,,0.0,,56.0,,119.0,,0.0,,4.0,,0.0,,6.0,,0.0,,185.0,,185.0,119.0,56.0,0.0,6.0,0.0,4.0,0.0,0.0
sudan,OPG174,EBC-09090,,40.0,,0.0,,2.0,,7.0,,0.0,,1.0,,0.0,,0.0,,0.0,,10.0,-10.0,-7.0,-2.0,0.0,0.0,0.0,-1.0,0.0,0.0
sudan,OPG174,EBC-09098,97.0,31.0,0.0,0.0,47.0,3.0,129.0,8.0,0.0,0.0,1.0,0.0,1.0,0.0,1.0,0.0,0.0,0.0,179.0,11.0,168.0,121.0,44.0,0.0,1.0,1.0,1.0,0.0,0.0
sudan,OPG174,EBC-09132,37.0,,5.0,,33.0,,79.0,,0.0,,0.0,,1.0,,5.0,,0.0,,123.0,,123.0,79.0,33.0,0.0,5.0,1.0,0.0,5.0,0.0
sudan,OPG174,EBC-09156,,16.0,,1.0,,1.0,,6.0,,0.0,,0.0,,1.0,,0.0,,0.0,,9.0,-9.0,-6.0,-1.0,0.0,0.0,-1.0,0.0,-1.0,0.0
sudan,OPG174,EBC-09186,,89.0,,0.0,,2.0,,11.0,,0.0,,0.0,,0.0,,1.0,,0.0,,14.0,-14.0,-11.0,-2.0,0.0,-1.0,0.0,0.0,0.0,0.0
sudan,OPG174,EBC-09202,13.0,,1.0,,45.0,,94.0,,0.0,,0.0,,0.0,,7.0,,0.0,,147.0,,147.0,94.0,45.0,0.0,7.0,0.0,0.0,1.0,0.0
sudan,OPG174,EBC-11026,,29.0,,0.0,,5.0,,0.0,,0.0,,0.0,,0.0,,0.0,,0.0,,5.0,-5.0,0.0,-5.0,0.0,0.0,0.0,0.0,0.0,0.0
sudan,OPG174,EBC-11027,,4.0,,0.0,,5.0,,0.0,,0.0,,0.0,,0.0,,0.0,,0.0,,5.0,-5.0,0.0,-5.0,0.0,0.0,0.0,0.0,0.0,0.0
sudan,OPG174,EBC-11029,25.0,,0.0,,80.0,,164.0,,0.0,,1.0,,0.0,,9.0,,0.0,,254.0,,254.0,164.0,80.0,0.0,9.0,0.0,1.0,0.0,0.0
sudan,OPG174,EBC-11050,,3.0,,0.0,,5.0,,0.0,,0.0,,0.0,,0.0,,0.0,,0.0,,5.0,-5.0,0.0,-5.0,0.0,0.0,0.0,0.0,0.0,0.0
sudan,OPG174,EBC-11061,,39.0,,0.0,,6.0,,7.0,,0.0,,0.0,,0.0,,1.0,,0.0,,14.0,-14.0,-7.0,-6.0,0.0,-1.0,0.0,0.0,0.0,0.0
sudan,OPG174,EBC-11111,,98.0,,0.0,,5.0,,3.0,,0.0,,0.0,,2.0,,0.0,,0.0,,10.0,-10.0,-3.0,-5.0,0.0,0.0,-2.0,0.0,0.0,0.0
sudan,OPG174,EBC-11226,,84.0,,0.0,,2.0,,5.0,,0.0,,0.0,,2.0,,1.0,,0.0,,10.0,-10.0,-5.0,-2.0,0.0,-1.0,-2.0,0.0,0.0,0.0
sudan,OPG174,EBC-11230,84.0,,0.0,,62.0,,167.0,,0.0,,1.0,,0.0,,6.0,,0.0,,236.0,,236.0,167.0,62.0,0.0,6.0,0.0,1.0,0.0,0.0
sudan,OPG174,EBC-11244,,65.0,,0.0,,6.0,,5.0,,0.0,,0.0,,2.0,,0.0,,0.0,,13.0,-13.0,-5.0,-6.0,0.0,0.0,-2.0,0.0,0.0,0.0
sudan,OPG174,EBC-11275,,58.0,,0.0,,2.0,,9.0,,0.0,,0.0,,1.0,,0.0,,0.0,,12.0,-12.0,-9.0,-2.0,0.0,0.0,-1.0,0.0,0.0,0.0
sudan,OPG174,EBC-11281,19.0,,21.0,,44.0,,119.0,,0.0,,1.0,,0.0,,3.0,,0.0,,188.0,,188.0,119.0,44.0,0.0,3.0,0.0,1.0,21.0,0.0
sudan,OPG174,EBC-11320,,24.0,,2.0,,2.0,,2.0,,0.0,,0.0,,1.0,,0.0,,0.0,,7.0,-7.0,-2.0,-2.0,0.0,0.0,-1.0,0.0,-2.0,0.0
sudan,OPG174,EBC-11364,17.0,,4.0,,30.0,,64.0,,0.0,,0.0,,0.0,,6.0,,0.0,,104.0,,104.0,64.0,30.0,0.0,6.0,0.0,0.0,4.0,0.0
sudan,OPG174,EBC-11367,94.0,,0.0,,73.0,,136.0,,0.0,,1.0,,0.0,,14.0,,0.0,,224.0,,224.0,136.0,73.0,0.0,14.0,0.0,1.0,0.0,0.0
sudan,OPG174,EBC-11433,49.0,,8.0,,73.0,,130.0,,0.0,,1.0,,1.0,,6.0,,0.0,,219.0,,219.0,130.0,73.0,0.0,6.0,1.0,1.0,8.0,0.0
sudan,OPG174,EBC-11442,59.0,,0.0,,21.0,,31.0,,0.0,,0.0,,0.0,,4.0,,0.0,,56.0,,56.0,31.0,21.0,0.0,4.0,0.0,0.0,0.0,0.0
sudan,OPG174,EBC-12035,75.0,,0.0,,69.0,,123.0,,0.0,,1.0,,0.0,,2.0,,0.0,,195.0,,195.0,123.0,69.0,0.0,2.0,0.0,1.0,0.0,0.0
sudan,OPG174,EBC-12065,,17.0,,0.0,,1.0,,6.0,,0.0,,0.0,,1.0,,1.0,,0.0,,9.0,-9.0,-6.0,-1.0,0.0,-1.0,-1.0,0.0,0.0,0.0
sudan,OPG174,EBC-12163,,12.0,,0.0,,5.0,,0.0,,0.0,,0.0,,0.0,,0.0,,0.0,,5.0,-5.0,0.0,-5.0,0.0,0.0,0.0,0.0,0.0,0.0
sudan,OPG174,EBC-12288,,100.0,,0.0,,0.0,,6.0,,0.0,,0.0,,1.0,,0.0,,0.0,,7.0,-7.0,-6.0,0.0,0.0,0.0,-1.0,0.0,0.0,0.0
sudan,OPG174,EBC-12394,,36.0,,0.0,,3.0,,6.0,,0.0,,0.0,,2.0,,1.0,,0.0,,12.0,-12.0,-6.0,-3.0,0.0,-1.0,-2.0,0.0,0.0,0.0
sudan,OPG174,EBC-12821,76.0,,0.0,,120.0,,104.0,,0.0,,0.0,,0.0,,2.0,,0.0,,226.0,,226.0,104.0,120.0,0.0,2.0,0.0,0.0,0.0,0.0
sudan,OPG174,EBC-12827,,81.0,,0.0,,6.0,,7.0,,0.0,,0.0,,1.0,,1.0,,0.0,,15.0,-15.0,-7.0,-6.0,0.0,-1.0,-1.0,0.0,0.0,0.0
sudan,OPG174,EBC-13002,58.0,,11.0,,62.0,,123.0,,0.0,,2.0,,1.0,,15.0,,0.0,,214.0,,214.0,123.0,62.0,0.0,15.0,1.0,2.0,11.0,0.0
sudan,OPG174,EBC-131022,68.0,,14.0,,60.0,,123.0,,0.0,,1.0,,0.0,,5.0,,0.0,,203.0,,203.0,123.0,60.0,0.0,5.0,0.0,1.0,14.0,0.0
sudan,OPG174,EBC-13120,40.0,,0.0,,55.0,,135.0,,0.0,,0.0,,2.0,,16.0,,0.0,,208.0,,208.0,135.0,55.0,0.0,16.0,2.0,0.0,0.0,0.0
sudan,OPG174,EBC-13127,38.0,,0.0,,79.0,,183.0,,0.0,,0.0,,0.0,,8.0,,0.0,,270.0,,270.0,183.0,79.0,0.0,8.0,0.0,0.0,0.0,0.0
sudan,OPG174,EBC-13151,,77.0,,0.0,,1.0,,6.0,,0.0,,0.0,,1.0,,0.0,,0.0,,8.0,-8.0,-6.0,-1.0,0.0,0.0,-1.0,0.0,0.0,0.0
sudan,OPG174,EBC-13184,31.0,,5.0,,83.0,,146.0,,0.0,,1.0,,0.0,,5.0,,0.0,,240.0,,240.0,146.0,83.0,0.0,5.0,0.0,1.0,5.0,0.0
sudan,OPG174,EBC-13250,44.0,,10.0,,36.0,,117.0,,0.0,,1.0,,0.0,,9.0,,0.0,,173.0,,173.0,117.0,36.0,0.0,9.0,0.0,1.0,10.0,0.0
sudan,OPG174,EBC-13376,,8.0,,0.0,,4.0,,0.0,,0.0,,0.0,,0.0,,0.0,,0.0,,4.0,-4.0,0.0,-4.0,0.0,0.0,0.0,0.0,0.0,0.0
sudan,OPG174,EBC-13379,77.0,,0.0,,74.0,,134.0,,0.0,,0.0,,0.0,,12.0,,0.0,,220.0,,220.0,134.0,74.0,0.0,12.0,0.0,0.0,0.0,0.0
sudan,OPG174,EBC-13579,8.0,,0.0,,97.0,,157.0,,0.0,,0.0,,0.0,,6.0,,0.0,,260.0,,260.0,157.0,97.0,0.0,6.0,0.0,0.0,0.0,0.0
sudan,OPG174,EBC-13585,82.0,,4.0,,38.0,,158.0,,0.0,,0.0,,0.0,,3.0,,0.0,,203.0,,203.0,158.0,38.0,0.0,3.0,0.0,0.0,4.0,0.0
sudan,OPG174,EBC-13607,14.0,,0.0,,88.0,,159.0,,0.0,,0.0,,0.0,,6.0,,0.0,,253.0,,253.0,159.0,88.0,0.0,6.0,0.0,0.0,0.0,0.0
sudan,OPG174,EBC-13716,79.0,,0.0,,34.0,,99.0,,0.0,,0.0,,0.0,,1.0,,0.0,,134.0,,134.0,99.0,34.0,0.0,1.0,0.0,0.0,0.0,0.0
sudan,OPG174,EBC-13769,,85.0,,0.0,,3.0,,12.0,,0.0,,0.0,,1.0,,0.0,,0.0,,16.0,-16.0,-12.0,-3.0,0.0,0.0,-1.0,0.0,0.0,0.0
sudan,OPG174,EBC-13774,100.0,,5.0,,54.0,,131.0,,0.0,,0.0,,0.0,,8.0,,0.0,,198.0,,198.0,131.0,54.0,0.0,8.0,0.0,0.0,5.0,0.0
sudan,OPG174,EBC-13827,42.0,,14.0,,90.0,,120.0,,0.0,,1.0,,0.0,,3.0,,0.0,,228.0,,228.0,120.0,90.0,0.0,3.0,0.0,1.0,14.0,0.0
sudan,OPG174,EBC-13852,,14.0,,1.0,,4.0,,0.0,,0.0,,0.0,,0.0,,0.0,,0.0,,5.0,-5.0,0.0,-4.0,0.0,0.0,0.0,0.0,-1.0,0.0
sudan,OPG174,EBC-14057,,80.0,,0.0,,2.0,,11.0,,0.0,,0.0,,0.0,,0.0,,0.0,,13.0,-13.0,-11.0,-2.0,0.0,0.0,0.0,0.0,0.0,0.0
sudan,OPG174,EBC-14147,92.0,,2.0,,50.0,,73.0,,0.0,,0.0,,0.0,,14.0,,0.0,,139.0,,139.0,73.0,50.0,0.0,14.0,0.0,0.0,2.0,0.0
sudan,OPG174,EBC-14214,62.0,,1.0,,35.0,,189.0,,0.0,,3.0,,1.0,,7.0,,0.0,,236.0,,236.0,189.0,35.0,0.0,7.0,1.0,3.0,1.0,0.0
sudan,OPG174,EBC-145068,,34.0,,0.0,,5.0,,2.0,,0.0,,0.0,,0.0,,0.0,,0.0,,7.0,-7.0,-2.0,-5.0,0.0,0.0,0.0,0.0,0.0,0.0
sudan,OPG174,EBC-145157,95.0,,3.0,,72.0,,124.0,,0.0,,0.0,,0.0,,8.0,,0.0,,207.0,,207.0,124.0,72.0,0.0,8.0,0.0,0.0,3.0,0.0
sudan,OPG174,EBC-145226,12.0,,0.0,,59.0,,155.0,,0.0,,1.0,,0.0,,12.0,,0.0,,227.0,,227.0,155.0,59.0,0.0,12.0,0.0,1.0,0.0,0.0
sudan,OPG174,EBC-148031,20.0,,0.0,,66.0,,182.0,,0.0,,2.0,,0.0,,11.0,,0.0,,261.0,,261.0,182.0,66.0,0.0,11.0,0.0,2.0,0.0,0.0
sudan,OPG174,EBC-149090,,51.0,,0.0,,4.0,,2.0,,0.0,,0.0,,1.0,,0.0,,0.0,,7.0,-7.0,-2.0,-4.0,0.0,0.0,-1.0,0.0,0.0,0.0
sudan,OPG174,EBC-149094,10.0,,0.0,,36.0,,130.0,,0.0,,2.0,,0.0,,8.0,,0.0,,176.0,,176.0,130.0,36.0,0.0,8.0,0.0,2.0,0.0,0.0
sudan,OPG174,EBC-149105,,68.0,,0.0,,3.0,,3.0,,0.0,,0.0,,2.0,,0.0,,0.0,,8.0,-8.0,-3.0,-3.0,0.0,0.0,-2.0,0.0,0.0,0.0
sudan,OPG174,EBC-150066,57.0,,0.0,,54.0,,186.0,,0.0,,2.0,,0.0,,5.0,,0.0,,247.0,,247.0,186.0,54.0,0.0,5.0,0.0,2.0,0.0,0.0
sudan,OPG174,EBC-152142,,13.0,,0.0,,4.0,,0.0,,0.0,,0.0,,0.0,,0.0,,0.0,,4.0,-4.0,0.0,-4.0,0.0,0.0,0.0,0.0,0.0,0.0
sudan,OPG174,EBC-157073,66.0,,0.0,,27.0,,180.0,,0.0,,1.0,,1.0,,3.0,,0.0,,212.0,,212.0,180.0,27.0,0.0,3.0,1.0,1.0,0.0,0.0
sudan,OPG174,EBC-157199,,64.0,,0.0,,2.0,,5.0,,0.0,,0.0,,2.0,,1.0,,0.0,,10.0,-10.0,-5.0,-2.0,0.0,-1.0,-2.0,0.0,0.0,0.0
sudan,OPG174,EBC-157208,,19.0,,0.0,,1.0,,7.0,,0.0,,0.0,,1.0,,0.0,,0.0,,9.0,-9.0,-7.0,-1.0,0.0,0.0,-1.0,0.0,0.0,0.0
sudan,OPG174,EBC-157213,72.0,,10.0,,71.0,,111.0,,0.0,,0.0,,0.0,,13.0,,0.0,,205.0,,205.0,111.0,71.0,0.0,13.0,0.0,0.0,10.0,0.0
sudan,OPG174,EBC-157219,89.0,,10.0,,69.0,,111.0,,0.0,,1.0,,0.0,,9.0,,0.0,,200.0,,200.0,111.0,69.0,0.0,9.0,0.0,1.0,10.0,0.0
sudan,OPG174,EBC-157222,28.0,,0.0,,19.0,,54.0,,0.0,,0.0,,0.0,,0.0,,0.0,,73.0,,73.0,54.0,19.0,0.0,0.0,0.0,0.0,0.0,0.0
sudan,OPG174,EBC-157249,,20.0,,0.0,,1.0,,3.0,,0.0,,2.0,,0.0,,0.0,,0.0,,6.0,-6.0,-3.0,-1.0,0.0,0.0,0.0,-2.0,0.0,0.0
sudan,OPG174,EBC-160036,1.0,,0.0,,14.0,,59.0,,0.0,,0.0,,0.0,,0.0,,0.0,,73.0,,73.0,59.0,14.0,0.0,0.0,0.0,0.0,0.0,0.0
sudan,OPG174,EBC-17049,,73.0,,0.0,,0.0,,0.0,,0.0,,0.0,,0.0,,0.0,,0.0,,0.0,0.0,0.0,0.0,0.0,0.0,0.0,0.0,0.0,0.0
sudan,OPG174,EBC-17121,65.0,,0.0,,22.0,,46.0,,0.0,,1.0,,1.0,,2.0,,0.0,,72.0,,72.0,46.0,22.0,0.0,2.0,1.0,1.0,0.0,0.0
sudan,OPG174,EBC-17140,,25.0,,0.0,,3.0,,14.0,,0.0,,0.0,,1.0,,1.0,,0.0,,19.0,-19.0,-14.0,-3.0,0.0,-1.0,-1.0,0.0,0.0,0.0
sudan,OPG174,EBC-208024,,76.0,,0.0,,3.0,,3.0,,0.0,,0.0,,3.0,,0.0,,0.0,,9.0,-9.0,-3.0,-3.0,0.0,0.0,-3.0,0.0,0.0,0.0
sudan,OPG174,EBC-217022,18.0,,8.0,,26.0,,83.0,,0.0,,0.0,,0.0,,6.0,,0.0,,123.0,,123.0,83.0,26.0,0.0,6.0,0.0,0.0,8.0,0.0
sudan,OPG174,EBC-218037,51.0,,0.0,,45.0,,111.0,,0.0,,0.0,,0.0,,3.0,,0.0,,159.0,,159.0,111.0,45.0,0.0,3.0,0.0,0.0,0.0,0.0
sudan,OPG174,EBC-218039,,75.0,,0.0,,4.0,,4.0,,0.0,,0.0,,2.0,,0.0,,0.0,,10.0,-10.0,-4.0,-4.0,0.0,0.0,-2.0,0.0,0.0,0.0
sudan,OPG174,EBC-218043,5.0,,0.0,,35.0,,147.0,,0.0,,2.0,,0.0,,10.0,,0.0,,194.0,,194.0,147.0,35.0,0.0,10.0,0.0,2.0,0.0,0.0
sudan,OPG174,EBC-225024,,66.0,,0.0,,6.0,,4.0,,0.0,,0.0,,2.0,,0.0,,0.0,,12.0,-12.0,-4.0,-6.0,0.0,0.0,-2.0,0.0,0.0,0.0
sudan,OPG174,EBC-23629,36.0,,0.0,,39.0,,141.0,,0.0,,0.0,,0.0,,4.0,,0.0,,184.0,,184.0,141.0,39.0,0.0,4.0,0.0,0.0,0.0,0.0
sudan,OPG174,EBC-24042,45.0,,0.0,,0.0,,329.0,,0.0,,0.0,,0.0,,0.0,,0.0,,329.0,,329.0,329.0,0.0,0.0,0.0,0.0,0.0,0.0,0.0
sudan,OPG174,EBC-249047,83.0,,8.0,,81.0,,142.0,,0.0,,2.0,,1.0,,9.0,,0.0,,243.0,,243.0,142.0,81.0,0.0,9.0,1.0,2.0,8.0,0.0
sudan,OPG174,EBC-251099,,37.0,,0.0,,10.0,,0.0,,0.0,,0.0,,0.0,,0.0,,0.0,,10.0,-10.0,0.0,-10.0,0.0,0.0,0.0,0.0,0.0,0.0
sudan,OPG174,EBC-251173,15.0,,0.0,,99.0,,215.0,,0.0,,2.0,,0.0,,7.0,,0.0,,323.0,,323.0,215.0,99.0,0.0,7.0,0.0,2.0,0.0,0.0
sudan,OPG174,EBC-251220,,5.0,,0.0,,5.0,,0.0,,0.0,,0.0,,0.0,,0.0,,0.0,,5.0,-5.0,0.0,-5.0,0.0,0.0,0.0,0.0,0.0,0.0
sudan,OPG174,EBC-252122,47.0,,4.0,,44.0,,121.0,,0.0,,1.0,,0.0,,2.0,,0.0,,172.0,,172.0,121.0,44.0,0.0,2.0,0.0,1.0,4.0,0.0
sudan,OPG174,EBC-253180,73.0,,3.0,,78.0,,122.0,,0.0,,1.0,,0.0,,11.0,,0.0,,215.0,,215.0,122.0,78.0,0.0,11.0,0.0,1.0,3.0,0.0
sudan,OPG174,EBC-253291,93.0,,0.0,,63.0,,144.0,,0.0,,0.0,,1.0,,13.0,,0.0,,221.0,,221.0,144.0,63.0,0.0,13.0,1.0,0.0,0.0,0.0
sudan,OPG174,EBC-26679,,7.0,,0.0,,7.0,,0.0,,0.0,,0.0,,0.0,,0.0,,0.0,,7.0,-7.0,0.0,-7.0,0.0,0.0,0.0,0.0,0.0,0.0
sudan,OPG174,EBC-26773,,30.0,,0.0,,0.0,,9.0,,0.0,,0.0,,0.0,,1.0,,0.0,,10.0,-10.0,-9.0,0.0,0.0,-1.0,0.0,0.0,0.0,0.0
sudan,OPG174,EBC-27122,67.0,,9.0,,70.0,,90.0,,0.0,,2.0,,0.0,,6.0,,0.0,,177.0,,177.0,90.0,70.0,0.0,6.0,0.0,2.0,9.0,0.0
sudan,OPG174,EBC-27265,43.0,,9.0,,28.0,,134.0,,0.0,,0.0,,0.0,,0.0,,0.0,,171.0,,171.0,134.0,28.0,0.0,0.0,0.0,0.0,9.0,0.0
sudan,OPG174,EBC-27288,30.0,,15.0,,100.0,,102.0,,0.0,,0.0,,0.0,,5.0,,0.0,,222.0,,222.0,102.0,100.0,0.0,5.0,0.0,0.0,15.0,0.0
sudan,OPG174,EBC-27345,41.0,,17.0,,44.0,,118.0,,0.0,,0.0,,0.0,,0.0,,0.0,,179.0,,179.0,118.0,44.0,0.0,0.0,0.0,0.0,17.0,0.0
sudan,OPG174,EBC-27347,71.0,,1.0,,138.0,,73.0,,0.0,,0.0,,0.0,,18.0,,0.0,,230.0,,230.0,73.0,138.0,0.0,18.0,0.0,0.0,1.0,0.0
sudan,OPG174,EBC-27428,6.0,,0.0,,69.0,,133.0,,0.0,,0.0,,0.0,,17.0,,0.0,,219.0,,219.0,133.0,69.0,0.0,17.0,0.0,0.0,0.0,0.0
sudan,OPG174,EBC-277093,,9.0,,0.0,,7.0,,0.0,,0.0,,0.0,,0.0,,0.0,,0.0,,7.0,-7.0,0.0,-7.0,0.0,0.0,0.0,0.0,0.0,0.0
sudan,OPG174,EBC-287042,90.0,,0.0,,58.0,,143.0,,0.0,,1.0,,1.0,,8.0,,0.0,,211.0,,211.0,143.0,58.0,0.0,8.0,1.0,1.0,0.0,0.0
sudan,OPG174,EBC-287052,87.0,,0.0,,65.0,,161.0,,0.0,,0.0,,2.0,,4.0,,0.0,,232.0,,232.0,161.0,65.0,0.0,4.0,2.0,0.0,0.0,0.0
sudan,OPG174,EBC-287070,78.0,,0.0,,43.0,,175.0,,0.0,,0.0,,0.0,,2.0,,0.0,,220.0,,220.0,175.0,43.0,0.0,2.0,0.0,0.0,0.0,0.0
sudan,OPG174,EBC-289112,86.0,,0.0,,34.0,,167.0,,0.0,,1.0,,2.0,,5.0,,0.0,,209.0,,209.0,167.0,34.0,0.0,5.0,2.0,1.0,0.0,0.0
sudan,OPG174,EBC-290041,9.0,,3.0,,77.0,,139.0,,0.0,,2.0,,0.0,,7.0,,0.0,,228.0,,228.0,139.0,77.0,0.0,7.0,0.0,2.0,3.0,0.0
sudan,OPG174,EBC-291159,55.0,,0.0,,54.0,,199.0,,0.0,,2.0,,0.0,,7.0,,0.0,,262.0,,262.0,199.0,54.0,0.0,7.0,0.0,2.0,0.0,0.0
sudan,OPG174,EBC-291167,91.0,,12.0,,87.0,,102.0,,0.0,,0.0,,1.0,,16.0,,0.0,,218.0,,218.0,102.0,87.0,0.0,16.0,1.0,0.0,12.0,0.0
sudan,OPG174,EBC-306048,29.0,,8.0,,92.0,,107.0,,0.0,,2.0,,0.0,,6.0,,0.0,,215.0,,215.0,107.0,92.0,0.0,6.0,0.0,2.0,8.0,0.0
sudan,OPG174,EBC-309070,96.0,,18.0,,30.0,,83.0,,0.0,,1.0,,0.0,,4.0,,0.0,,136.0,,136.0,83.0,30.0,0.0,4.0,0.0,1.0,18.0,0.0
sudan,OPG174,EBC-309072,35.0,,2.0,,71.0,,144.0,,0.0,,0.0,,0.0,,23.0,,0.0,,240.0,,240.0,144.0,71.0,0.0,23.0,0.0,0.0,2.0,0.0
sudan,OPG174,EBC-312078,,18.0,,0.0,,1.0,,7.0,,0.0,,0.0,,1.0,,1.0,,0.0,,10.0,-10.0,-7.0,-1.0,0.0,-1.0,-1.0,0.0,0.0,0.0
sudan,OPG174,EBC-331067,39.0,,7.0,,47.0,,86.0,,0.0,,1.0,,2.0,,1.0,,0.0,,144.0,,144.0,86.0,47.0,0.0,1.0,2.0,1.0,7.0,0.0
sudan,OPG174,EBC-346050,,93.0,,0.0,,2.0,,4.0,,0.0,,0.0,,2.0,,1.0,,0.0,,9.0,-9.0,-4.0,-2.0,0.0,-1.0,-2.0,0.0,0.0,0.0
sudan,OPG174,EBC-44097,,97.0,,0.0,,1.0,,3.0,,0.0,,0.0,,2.0,,0.0,,0.0,,6.0,-6.0,-3.0,-1.0,0.0,0.0,-2.0,0.0,0.0,0.0
sudan,OPG174,EBC-44133,,1.0,,0.0,,5.0,,0.0,,0.0,,0.0,,0.0,,0.0,,0.0,,5.0,-5.0,0.0,-5.0,0.0,0.0,0.0,0.0,0.0,0.0
sudan,OPG174,EBC-44134,,2.0,,0.0,,5.0,,0.0,,0.0,,0.0,,0.0,,0.0,,0.0,,5.0,-5.0,0.0,-5.0,0.0,0.0,0.0,0.0,0.0,0.0
sudan,OPG174,EBC-44384,98.0,,8.0,,89.0,,118.0,,0.0,,0.0,,0.0,,16.0,,0.0,,231.0,,231.0,118.0,89.0,0.0,16.0,0.0,0.0,8.0,0.0
sudan,OPG174,EBC-44401,54.0,,13.0,,83.0,,157.0,,0.0,,1.0,,0.0,,12.0,,0.0,,266.0,,266.0,157.0,83.0,0.0,12.0,0.0,1.0,13.0,0.0
sudan,OPG174,EBC-44402,46.0,,3.0,,93.0,,131.0,,0.0,,0.0,,0.0,,19.0,,0.0,,246.0,,246.0,131.0,93.0,0.0,19.0,0.0,0.0,3.0,0.0
sudan,OPG174,EBC-46024,53.0,,3.0,,89.0,,121.0,,0.0,,3.0,,0.0,,11.0,,0.0,,227.0,,227.0,121.0,89.0,0.0,11.0,0.0,3.0,3.0,0.0
sudan,OPG174,EBC-46057,4.0,,0.0,,61.0,,193.0,,0.0,,0.0,,0.0,,8.0,,0.0,,262.0,,262.0,193.0,61.0,0.0,8.0,0.0,0.0,0.0,0.0
sudan,OPG174,EBC-46065,,57.0,,0.0,,8.0,,2.0,,0.0,,0.0,,0.0,,0.0,,0.0,,10.0,-10.0,-2.0,-8.0,0.0,0.0,0.0,0.0,0.0,0.0
sudan,OPG174,EBC-46194,,99.0,,0.0,,3.0,,11.0,,0.0,,0.0,,1.0,,0.0,,0.0,,15.0,-15.0,-11.0,-3.0,0.0,0.0,-1.0,0.0,0.0,0.0
sudan,OPG174,EBC-46200,24.0,,6.0,,98.0,,146.0,,0.0,,0.0,,0.0,,11.0,,0.0,,261.0,,261.0,146.0,98.0,0.0,11.0,0.0,0.0,6.0,0.0
sudan,OPG174,EBC-46286,60.0,27.0,0.0,0.0,101.0,2.0,127.0,8.0,0.0,0.0,2.0,0.0,0.0,2.0,23.0,0.0,0.0,0.0,253.0,12.0,241.0,119.0,99.0,0.0,23.0,-2.0,2.0,0.0,0.0
sudan,OPG174,EBC-46294,3.0,,0.0,,121.0,,136.0,,0.0,,0.0,,0.0,,21.0,,0.0,,278.0,,278.0,136.0,121.0,0.0,21.0,0.0,0.0,0.0,0.0
sudan,OPG174,EBC-47073,21.0,,6.0,,92.0,,116.0,,0.0,,0.0,,1.0,,14.0,,0.0,,229.0,,229.0,116.0,92.0,0.0,14.0,1.0,0.0,6.0,0.0
sudan,OPG174,EBC-47094,88.0,,5.0,,26.0,,90.0,,0.0,,0.0,,0.0,,8.0,,0.0,,129.0,,129.0,90.0,26.0,0.0,8.0,0.0,0.0,5.0,0.0
sudan,OPG174,EBC-47119,63.0,,0.0,,124.0,,126.0,,0.0,,0.0,,0.0,,33.0,,0.0,,283.0,,283.0,126.0,124.0,0.0,33.0,0.0,0.0,0.0,0.0
sudan,OPG174,EBC-48186,33.0,,10.0,,39.0,,108.0,,0.0,,0.0,,0.0,,0.0,,0.0,,157.0,,157.0,108.0,39.0,0.0,0.0,0.0,0.0,10.0,0.0
sudan,OPG174,EBC-48187,,10.0,,0.0,,12.0,,2.0,,0.0,,0.0,,0.0,,0.0,,0.0,,14.0,-14.0,-2.0,-12.0,0.0,0.0,0.0,0.0,0.0,0.0
sudan,OPG174,EBC-48188,11.0,,0.0,,20.0,,45.0,,0.0,,0.0,,0.0,,3.0,,0.0,,68.0,,68.0,45.0,20.0,0.0,3.0,0.0,0.0,0.0,0.0
sudan,OPG174,EBC-50059,,83.0,,0.0,,4.0,,9.0,,0.0,,0.0,,1.0,,0.0,,0.0,,14.0,-14.0,-9.0,-4.0,0.0,0.0,-1.0,0.0,0.0,0.0
sudan,OPG174,EBC-50088,56.0,,0.0,,42.0,,118.0,,0.0,,0.0,,0.0,,2.0,,0.0,,162.0,,162.0,118.0,42.0,0.0,2.0,0.0,0.0,0.0,0.0
sudan,OPG174,EBC-50093,,38.0,,0.0,,5.0,,0.0,,0.0,,0.0,,0.0,,0.0,,0.0,,5.0,-5.0,0.0,-5.0,0.0,0.0,0.0,0.0,0.0,0.0
sudan,OPG174,EBC-54045,50.0,,0.0,,66.0,,107.0,,0.0,,0.0,,0.0,,14.0,,0.0,,187.0,,187.0,107.0,66.0,0.0,14.0,0.0,0.0,0.0,0.0
sudan,OPG174,EBC-62059,,41.0,,0.0,,8.0,,2.0,,0.0,,0.0,,0.0,,0.0,,0.0,,10.0,-10.0,-2.0,-8.0,0.0,0.0,0.0,0.0,0.0,0.0
sudan,OPG174,EBC-63089,2.0,,2.0,,108.0,,137.0,,0.0,,0.0,,0.0,,20.0,,0.0,,267.0,,267.0,137.0,108.0,0.0,20.0,0.0,0.0,2.0,0.0
sudan,OPG174,EBC-71073,74.0,,0.0,,73.0,,116.0,,0.0,,0.0,,0.0,,12.0,,0.0,,201.0,,201.0,116.0,73.0,0.0,12.0,0.0,0.0,0.0,0.0
sudan,OPG174,EBC-82060,81.0,,3.0,,40.0,,119.0,,0.0,,1.0,,0.0,,3.0,,0.0,,166.0,,166.0,119.0,40.0,0.0,3.0,0.0,1.0,3.0,0.0
sudan,OPG174,EBC-84050,32.0,,2.0,,55.0,,91.0,,0.0,,4.0,,1.0,,5.0,,0.0,,158.0,,158.0,91.0,55.0,0.0,5.0,1.0,4.0,2.0,0.0
sudan,OPG174,EBC-97044,,70.0,,0.0,,3.0,,15.0,,0.0,,0.0,,0.0,,1.0,,0.0,,19.0,-19.0,-15.0,-3.0,0.0,-1.0,0.0,0.0,0.0,0.0
sudan,OPG174,EBC-97116,,56.0,,0.0,,4.0,,12.0,,0.0,,0.0,,1.0,,1.0,,0.0,,18.0,-18.0,-12.0,-4.0,0.0,-1.0,-1.0,0.0,0.0,0.0
sudan,OPG174,EBC-99033,,94.0,,0.0,,2.0,,5.0,,0.0,,0.0,,2.0,,1.0,,0.0,,10.0,-10.0,-5.0,-2.0,0.0,-1.0,-2.0,0.0,0.0,0.0
sudan,OPG198,EBC-00538,,73.0,,0.0,,2.0,,2.0,,0.0,,0.0,,0.0,,0.0,,0.0,,4.0,-4.0,-2.0,-2.0,0.0,0.0,0.0,0.0,0.0,0.0
sudan,OPG198,EBC-00541,,81.0,,0.0,,3.0,,4.0,,0.0,,0.0,,0.0,,0.0,,0.0,,7.0,-7.0,-4.0,-3.0,0.0,0.0,0.0,0.0,0.0,0.0
sudan,OPG198,EBC-00570,,94.0,,0.0,,2.0,,0.0,,0.0,,0.0,,0.0,,0.0,,0.0,,2.0,-2.0,0.0,-2.0,0.0,0.0,0.0,0.0,0.0,0.0
sudan,OPG198,EBC-00571,,35.0,,0.0,,2.0,,2.0,,0.0,,0.0,,0.0,,0.0,,0.0,,4.0,-4.0,-2.0,-2.0,0.0,0.0,0.0,0.0,0.0,0.0
sudan,OPG198,EBC-00575,,22.0,,0.0,,2.0,,3.0,,0.0,,0.0,,0.0,,0.0,,0.0,,5.0,-5.0,-3.0,-2.0,0.0,0.0,0.0,0.0,0.0,0.0
sudan,OPG198,EBC-00578,,92.0,,0.0,,2.0,,2.0,,0.0,,0.0,,0.0,,0.0,,0.0,,4.0,-4.0,-2.0,-2.0,0.0,0.0,0.0,0.0,0.0,0.0
sudan,OPG198,EBC-00633,,34.0,,0.0,,4.0,,0.0,,0.0,,0.0,,0.0,,0.0,,0.0,,4.0,-4.0,0.0,-4.0,0.0,0.0,0.0,0.0,0.0,0.0
sudan,OPG198,EBC-00647,,57.0,,0.0,,2.0,,5.0,,0.0,,0.0,,0.0,,1.0,,0.0,,8.0,-8.0,-5.0,-2.0,0.0,-1.0,0.0,0.0,0.0,0.0
sudan,OPG198,EBC-00670,,24.0,,0.0,,2.0,,9.0,,0.0,,0.0,,0.0,,0.0,,0.0,,11.0,-11.0,-9.0,-2.0,0.0,0.0,0.0,0.0,0.0,0.0
sudan,OPG198,EBC-00711,40.0,,0.0,,30.0,,171.0,,0.0,,2.0,,3.0,,12.0,,0.0,,218.0,,218.0,171.0,30.0,0.0,12.0,3.0,2.0,0.0,0.0
sudan,OPG198,EBC-02055,,79.0,,0.0,,3.0,,9.0,,0.0,,0.0,,0.0,,0.0,,0.0,,12.0,-12.0,-9.0,-3.0,0.0,0.0,0.0,0.0,0.0,0.0
sudan,OPG198,EBC-02079,12.0,,0.0,,52.0,,140.0,,0.0,,1.0,,0.0,,14.0,,0.0,,207.0,,207.0,140.0,52.0,0.0,14.0,0.0,1.0,0.0,0.0
sudan,OPG198,EBC-02080,6.0,,0.0,,30.0,,81.0,,0.0,,0.0,,0.0,,1.0,,0.0,,112.0,,112.0,81.0,30.0,0.0,1.0,0.0,0.0,0.0,0.0
sudan,OPG198,EBC-03034,,43.0,,0.0,,1.0,,0.0,,0.0,,0.0,,0.0,,0.0,,0.0,,1.0,-1.0,0.0,-1.0,0.0,0.0,0.0,0.0,0.0,0.0
sudan,OPG198,EBC-03044,,72.0,,0.0,,2.0,,2.0,,0.0,,0.0,,0.0,,0.0,,0.0,,4.0,-4.0,-2.0,-2.0,0.0,0.0,0.0,0.0,0.0,0.0
sudan,OPG198,EBC-03075,,65.0,,0.0,,2.0,,4.0,,0.0,,0.0,,0.0,,0.0,,0.0,,6.0,-6.0,-4.0,-2.0,0.0,0.0,0.0,0.0,0.0,0.0
sudan,OPG198,EBC-03112,,71.0,,0.0,,2.0,,0.0,,0.0,,0.0,,0.0,,0.0,,0.0,,2.0,-2.0,0.0,-2.0,0.0,0.0,0.0,0.0,0.0,0.0
sudan,OPG198,EBC-03162,,76.0,,0.0,,2.0,,2.0,,0.0,,0.0,,0.0,,0.0,,0.0,,4.0,-4.0,-2.0,-2.0,0.0,0.0,0.0,0.0,0.0,0.0
sudan,OPG198,EBC-03207,,78.0,,0.0,,2.0,,2.0,,0.0,,0.0,,0.0,,0.0,,0.0,,4.0,-4.0,-2.0,-2.0,0.0,0.0,0.0,0.0,0.0,0.0
sudan,OPG198,EBC-03271,,95.0,,0.0,,1.0,,0.0,,0.0,,0.0,,0.0,,0.0,,0.0,,1.0,-1.0,0.0,-1.0,0.0,0.0,0.0,0.0,0.0,0.0
sudan,OPG198,EBC-03319,,63.0,,0.0,,0.0,,3.0,,0.0,,0.0,,0.0,,1.0,,0.0,,4.0,-4.0,-3.0,0.0,0.0,-1.0,0.0,0.0,0.0,0.0
sudan,OPG198,EBC-03334,,40.0,,0.0,,2.0,,3.0,,0.0,,0.0,,0.0,,1.0,,0.0,,6.0,-6.0,-3.0,-2.0,0.0,-1.0,0.0,0.0,0.0,0.0
sudan,OPG198,EBC-03550,,27.0,,0.0,,1.0,,4.0,,0.0,,0.0,,0.0,,1.0,,0.0,,6.0,-6.0,-4.0,-1.0,0.0,-1.0,0.0,0.0,0.0,0.0
sudan,OPG198,EBC-03554,,2.0,,0.0,,2.0,,5.0,,0.0,,0.0,,0.0,,0.0,,0.0,,7.0,-7.0,-5.0,-2.0,0.0,0.0,0.0,0.0,0.0,0.0
sudan,OPG198,EBC-03589,,5.0,,0.0,,2.0,,5.0,,0.0,,0.0,,0.0,,0.0,,0.0,,7.0,-7.0,-5.0,-2.0,0.0,0.0,0.0,0.0,0.0,0.0
sudan,OPG198,EBC-03682,,36.0,,0.0,,2.0,,6.0,,0.0,,0.0,,0.0,,0.0,,0.0,,8.0,-8.0,-6.0,-2.0,0.0,0.0,0.0,0.0,0.0,0.0
sudan,OPG198,EBC-03774,,28.0,,0.0,,3.0,,3.0,,0.0,,0.0,,0.0,,0.0,,0.0,,6.0,-6.0,-3.0,-3.0,0.0,0.0,0.0,0.0,0.0,0.0
sudan,OPG198,EBC-03838,81.0,,0.0,,16.0,,170.0,,0.0,,3.0,,1.0,,1.0,,0.0,,191.0,,191.0,170.0,16.0,0.0,1.0,1.0,3.0,0.0,0.0
sudan,OPG198,EBC-03852,68.0,,0.0,,38.0,,156.0,,0.0,,5.0,,0.0,,1.0,,0.0,,200.0,,200.0,156.0,38.0,0.0,1.0,0.0,5.0,0.0,0.0
sudan,OPG198,EBC-03896,,23.0,,0.0,,2.0,,6.0,,0.0,,0.0,,0.0,,0.0,,0.0,,8.0,-8.0,-6.0,-2.0,0.0,0.0,0.0,0.0,0.0,0.0
sudan,OPG198,EBC-03910,,1.0,,0.0,,3.0,,1.0,,0.0,,0.0,,0.0,,0.0,,0.0,,4.0,-4.0,-1.0,-3.0,0.0,0.0,0.0,0.0,0.0,0.0
sudan,OPG198,EBC-03931,,68.0,,0.0,,2.0,,0.0,,0.0,,0.0,,0.0,,0.0,,0.0,,2.0,-2.0,0.0,-2.0,0.0,0.0,0.0,0.0,0.0,0.0
sudan,OPG198,EBC-03971,,99.0,,0.0,,1.0,,1.0,,0.0,,0.0,,0.0,,0.0,,0.0,,2.0,-2.0,-1.0,-1.0,0.0,0.0,0.0,0.0,0.0,0.0
sudan,OPG198,EBC-04032,,58.0,,0.0,,2.0,,1.0,,0.0,,0.0,,0.0,,0.0,,0.0,,3.0,-3.0,-1.0,-2.0,0.0,0.0,0.0,0.0,0.0,0.0
sudan,OPG198,EBC-04117,,85.0,,1.0,,2.0,,4.0,,0.0,,0.0,,0.0,,1.0,,0.0,,8.0,-8.0,-4.0,-2.0,0.0,-1.0,0.0,0.0,-1.0,0.0
sudan,OPG198,EBC-04135,,96.0,,0.0,,2.0,,3.0,,0.0,,0.0,,0.0,,0.0,,0.0,,5.0,-5.0,-3.0,-2.0,0.0,0.0,0.0,0.0,0.0,0.0
sudan,OPG198,EBC-04368,,16.0,,0.0,,2.0,,5.0,,0.0,,0.0,,0.0,,0.0,,0.0,,7.0,-7.0,-5.0,-2.0,0.0,0.0,0.0,0.0,0.0,0.0
sudan,OPG198,EBC-06061,22.0,,0.0,,47.0,,121.0,,0.0,,2.0,,0.0,,21.0,,0.0,,191.0,,191.0,121.0,47.0,0.0,21.0,0.0,2.0,0.0,0.0
sudan,OPG198,EBC-06062,63.0,,0.0,,74.0,,167.0,,0.0,,5.0,,1.0,,8.0,,0.0,,255.0,,255.0,167.0,74.0,0.0,8.0,1.0,5.0,0.0,0.0
sudan,OPG198,EBC-06225,,56.0,,0.0,,2.0,,3.0,,0.0,,0.0,,0.0,,0.0,,0.0,,5.0,-5.0,-3.0,-2.0,0.0,0.0,0.0,0.0,0.0,0.0
sudan,OPG198,EBC-06227,,47.0,,0.0,,1.0,,5.0,,0.0,,0.0,,0.0,,0.0,,0.0,,6.0,-6.0,-5.0,-1.0,0.0,0.0,0.0,0.0,0.0,0.0
sudan,OPG198,EBC-06298,,66.0,,0.0,,1.0,,2.0,,0.0,,0.0,,0.0,,0.0,,0.0,,3.0,-3.0,-2.0,-1.0,0.0,0.0,0.0,0.0,0.0,0.0
sudan,OPG198,EBC-06362,,93.0,,0.0,,3.0,,2.0,,0.0,,0.0,,0.0,,0.0,,0.0,,5.0,-5.0,-2.0,-3.0,0.0,0.0,0.0,0.0,0.0,0.0
sudan,OPG198,EBC-06379,,29.0,,0.0,,1.0,,5.0,,0.0,,0.0,,0.0,,0.0,,0.0,,6.0,-6.0,-5.0,-1.0,0.0,0.0,0.0,0.0,0.0,0.0
sudan,OPG198,EBC-06474,,20.0,,0.0,,2.0,,0.0,,0.0,,0.0,,1.0,,0.0,,0.0,,3.0,-3.0,0.0,-2.0,0.0,0.0,-1.0,0.0,0.0,0.0
sudan,OPG198,EBC-06482,,15.0,,0.0,,2.0,,2.0,,0.0,,0.0,,0.0,,0.0,,0.0,,4.0,-4.0,-2.0,-2.0,0.0,0.0,0.0,0.0,0.0,0.0
sudan,OPG198,EBC-06508,,86.0,,0.0,,2.0,,4.0,,0.0,,0.0,,0.0,,0.0,,0.0,,6.0,-6.0,-4.0,-2.0,0.0,0.0,0.0,0.0,0.0,0.0
sudan,OPG198,EBC-06585,,98.0,,0.0,,2.0,,7.0,,0.0,,1.0,,0.0,,0.0,,0.0,,10.0,-10.0,-7.0,-2.0,0.0,0.0,0.0,-1.0,0.0,0.0
sudan,OPG198,EBC-06596,,80.0,,0.0,,1.0,,5.0,,0.0,,0.0,,0.0,,0.0,,0.0,,6.0,-6.0,-5.0,-1.0,0.0,0.0,0.0,0.0,0.0,0.0
sudan,OPG198,EBC-06624,,52.0,,0.0,,4.0,,8.0,,0.0,,0.0,,0.0,,0.0,,0.0,,12.0,-12.0,-8.0,-4.0,0.0,0.0,0.0,0.0,0.0,0.0
sudan,OPG198,EBC-06687,,32.0,,0.0,,1.0,,4.0,,0.0,,1.0,,0.0,,0.0,,0.0,,6.0,-6.0,-4.0,-1.0,0.0,0.0,0.0,-1.0,0.0,0.0
sudan,OPG198,EBC-06700,84.0,,4.0,,17.0,,153.0,,0.0,,1.0,,2.0,,1.0,,0.0,,178.0,,178.0,153.0,17.0,0.0,1.0,2.0,1.0,4.0,0.0
sudan,OPG198,EBC-06711,,38.0,,0.0,,2.0,,3.0,,0.0,,0.0,,0.0,,0.0,,0.0,,5.0,-5.0,-3.0,-2.0,0.0,0.0,0.0,0.0,0.0,0.0
sudan,OPG198,EBC-06727,,6.0,,0.0,,2.0,,3.0,,0.0,,0.0,,0.0,,0.0,,0.0,,5.0,-5.0,-3.0,-2.0,0.0,0.0,0.0,0.0,0.0,0.0
sudan,OPG198,EBC-06746,,83.0,,0.0,,2.0,,2.0,,0.0,,0.0,,0.0,,1.0,,0.0,,5.0,-5.0,-2.0,-2.0,0.0,-1.0,0.0,0.0,0.0,0.0
sudan,OPG198,EBC-07117,,26.0,,0.0,,2.0,,1.0,,0.0,,0.0,,0.0,,1.0,,0.0,,4.0,-4.0,-1.0,-2.0,0.0,-1.0,0.0,0.0,0.0,0.0
sudan,OPG198,EBC-07157,97.0,,0.0,,58.0,,110.0,,0.0,,3.0,,1.0,,32.0,,0.0,,204.0,,204.0,110.0,58.0,0.0,32.0,1.0,3.0,0.0,0.0
sudan,OPG198,EBC-07210,,69.0,,0.0,,2.0,,8.0,,0.0,,0.0,,0.0,,0.0,,0.0,,10.0,-10.0,-8.0,-2.0,0.0,0.0,0.0,0.0,0.0,0.0
sudan,OPG198,EBC-07238,,42.0,,0.0,,1.0,,3.0,,0.0,,0.0,,0.0,,0.0,,0.0,,4.0,-4.0,-3.0,-1.0,0.0,0.0,0.0,0.0,0.0,0.0
sudan,OPG198,EBC-07269,,97.0,,0.0,,1.0,,4.0,,0.0,,0.0,,2.0,,0.0,,0.0,,7.0,-7.0,-4.0,-1.0,0.0,0.0,-2.0,0.0,0.0,0.0
sudan,OPG198,EBC-07421,60.0,,5.0,,27.0,,141.0,,0.0,,0.0,,1.0,,7.0,,0.0,,181.0,,181.0,141.0,27.0,0.0,7.0,1.0,0.0,5.0,0.0
sudan,OPG198,EBC-07472,,33.0,,0.0,,3.0,,2.0,,0.0,,0.0,,0.0,,1.0,,0.0,,6.0,-6.0,-2.0,-3.0,0.0,-1.0,0.0,0.0,0.0,0.0
sudan,OPG198,EBC-07670,70.0,,0.0,,61.0,,151.0,,0.0,,0.0,,1.0,,11.0,,0.0,,224.0,,224.0,151.0,61.0,0.0,11.0,1.0,0.0,0.0,0.0
sudan,OPG198,EBC-07688,,46.0,,0.0,,2.0,,7.0,,0.0,,0.0,,0.0,,0.0,,0.0,,9.0,-9.0,-7.0,-2.0,0.0,0.0,0.0,0.0,0.0,0.0
sudan,OPG198,EBC-08050,99.0,,5.0,,42.0,,217.0,,0.0,,1.0,,0.0,,5.0,,0.0,,270.0,,270.0,217.0,42.0,0.0,5.0,0.0,1.0,5.0,0.0
sudan,OPG198,EBC-08084,,55.0,,0.0,,4.0,,6.0,,0.0,,0.0,,0.0,,0.0,,0.0,,10.0,-10.0,-6.0,-4.0,0.0,0.0,0.0,0.0,0.0,0.0
sudan,OPG198,EBC-08181,,70.0,,0.0,,2.0,,4.0,,0.0,,0.0,,0.0,,0.0,,0.0,,6.0,-6.0,-4.0,-2.0,0.0,0.0,0.0,0.0,0.0,0.0
sudan,OPG198,EBC-08203,,90.0,,0.0,,1.0,,1.0,,0.0,,0.0,,0.0,,0.0,,0.0,,2.0,-2.0,-1.0,-1.0,0.0,0.0,0.0,0.0,0.0,0.0
sudan,OPG198,EBC-08557,,51.0,,1.0,,0.0,,1.0,,0.0,,0.0,,0.0,,1.0,,0.0,,3.0,-3.0,-1.0,0.0,0.0,-1.0,0.0,0.0,-1.0,0.0
sudan,OPG198,EBC-08560,,31.0,,0.0,,3.0,,11.0,,0.0,,0.0,,1.0,,0.0,,0.0,,15.0,-15.0,-11.0,-3.0,0.0,0.0,-1.0,0.0,0.0,0.0
sudan,OPG198,EBC-08587,65.0,,0.0,,24.0,,145.0,,0.0,,0.0,,0.0,,0.0,,0.0,,169.0,,169.0,145.0,24.0,0.0,0.0,0.0,0.0,0.0,0.0
sudan,OPG198,EBC-08615,61.0,,0.0,,161.0,,118.0,,0.0,,0.0,,0.0,,23.0,,0.0,,302.0,,302.0,118.0,161.0,0.0,23.0,0.0,0.0,0.0,0.0
sudan,OPG198,EBC-08730,,89.0,,0.0,,1.0,,8.0,,0.0,,0.0,,0.0,,0.0,,0.0,,9.0,-9.0,-8.0,-1.0,0.0,0.0,0.0,0.0,0.0,0.0
sudan,OPG198,EBC-08908,66.0,,3.0,,85.0,,156.0,,0.0,,0.0,,0.0,,7.0,,0.0,,251.0,,251.0,156.0,85.0,0.0,7.0,0.0,0.0,3.0,0.0
sudan,OPG198,EBC-08915,27.0,,0.0,,44.0,,149.0,,0.0,,1.0,,1.0,,12.0,,0.0,,207.0,,207.0,149.0,44.0,0.0,12.0,1.0,1.0,0.0,0.0
sudan,OPG198,EBC-11025,35.0,53.0,0.0,0.0,50.0,2.0,73.0,9.0,0.0,0.0,1.0,0.0,0.0,0.0,10.0,0.0,0.0,0.0,134.0,11.0,123.0,64.0,48.0,0.0,10.0,0.0,1.0,0.0,0.0
sudan,OPG198,EBC-11027,,30.0,,1.0,,4.0,,0.0,,0.0,,0.0,,0.0,,0.0,,0.0,,5.0,-5.0,0.0,-4.0,0.0,0.0,0.0,0.0,-1.0,0.0
sudan,OPG198,EBC-11050,,4.0,,0.0,,3.0,,0.0,,0.0,,0.0,,0.0,,0.0,,0.0,,3.0,-3.0,0.0,-3.0,0.0,0.0,0.0,0.0,0.0,0.0
sudan,OPG198,EBC-11069,77.0,,0.0,,85.0,,149.0,,0.0,,1.0,,1.0,,12.0,,0.0,,248.0,,248.0,149.0,85.0,0.0,12.0,1.0,1.0,0.0,0.0
sudan,OPG198,EBC-11154,94.0,,0.0,,126.0,,70.0,,0.0,,4.0,,0.0,,22.0,,0.0,,222.0,,222.0,70.0,126.0,0.0,22.0,0.0,4.0,0.0,0.0
sudan,OPG198,EBC-11226,,25.0,,1.0,,1.0,,2.0,,0.0,,0.0,,0.0,,1.0,,0.0,,5.0,-5.0,-2.0,-1.0,0.0,-1.0,0.0,0.0,-1.0,0.0
sudan,OPG198,EBC-11230,95.0,,0.0,,88.0,,161.0,,0.0,,2.0,,1.0,,9.0,,0.0,,261.0,,261.0,161.0,88.0,0.0,9.0,1.0,2.0,0.0,0.0
sudan,OPG198,EBC-11260,8.0,,0.0,,34.0,,70.0,,0.0,,1.0,,0.0,,8.0,,0.0,,113.0,,113.0,70.0,34.0,0.0,8.0,0.0,1.0,0.0,0.0
sudan,OPG198,EBC-11281,16.0,,15.0,,32.0,,115.0,,0.0,,1.0,,0.0,,8.0,,0.0,,171.0,,171.0,115.0,32.0,0.0,8.0,0.0,1.0,15.0,0.0
sudan,OPG198,EBC-11364,7.0,,13.0,,55.0,,90.0,,0.0,,2.0,,0.0,,25.0,,0.0,,185.0,,185.0,90.0,55.0,0.0,25.0,0.0,2.0,13.0,0.0
sudan,OPG198,EBC-11433,14.0,,7.0,,94.0,,120.0,,0.0,,4.0,,2.0,,14.0,,0.0,,241.0,,241.0,120.0,94.0,0.0,14.0,2.0,4.0,7.0,0.0
sudan,OPG198,EBC-118037,72.0,,0.0,,87.0,,95.0,,0.0,,3.0,,0.0,,20.0,,0.0,,205.0,,205.0,95.0,87.0,0.0,20.0,0.0,3.0,0.0,0.0
sudan,OPG198,EBC-12063,59.0,,0.0,,121.0,,95.0,,0.0,,2.0,,1.0,,27.0,,0.0,,246.0,,246.0,95.0,121.0,0.0,27.0,1.0,2.0,0.0,0.0
sudan,OPG198,EBC-12087,,87.0,,0.0,,1.0,,4.0,,0.0,,0.0,,0.0,,1.0,,0.0,,6.0,-6.0,-4.0,-1.0,0.0,-1.0,0.0,0.0,0.0,0.0
sudan,OPG198,EBC-12285,,100.0,,0.0,,3.0,,5.0,,0.0,,0.0,,0.0,,0.0,,0.0,,8.0,-8.0,-5.0,-3.0,0.0,0.0,0.0,0.0,0.0,0.0
sudan,OPG198,EBC-12412,73.0,,0.0,,75.0,,194.0,,0.0,,1.0,,0.0,,10.0,,0.0,,280.0,,280.0,194.0,75.0,0.0,10.0,0.0,1.0,0.0,0.0
sudan,OPG198,EBC-12783,,9.0,,1.0,,2.0,,7.0,,0.0,,0.0,,0.0,,0.0,,0.0,,10.0,-10.0,-7.0,-2.0,0.0,0.0,0.0,0.0,-1.0,0.0
sudan,OPG198,EBC-12821,3.0,,0.0,,117.0,,138.0,,0.0,,2.0,,1.0,,23.0,,0.0,,281.0,,281.0,138.0,117.0,0.0,23.0,1.0,2.0,0.0,0.0
sudan,OPG198,EBC-12884,13.0,,1.0,,29.0,,46.0,,0.0,,2.0,,0.0,,7.0,,0.0,,85.0,,85.0,46.0,29.0,0.0,7.0,0.0,2.0,1.0,0.0
sudan,OPG198,EBC-13002,89.0,,20.0,,71.0,,112.0,,0.0,,1.0,,0.0,,21.0,,0.0,,225.0,,225.0,112.0,71.0,0.0,21.0,0.0,1.0,20.0,0.0
sudan,OPG198,EBC-13024,,50.0,,0.0,,6.0,,9.0,,0.0,,0.0,,0.0,,0.0,,0.0,,15.0,-15.0,-9.0,-6.0,0.0,0.0,0.0,0.0,0.0,0.0
sudan,OPG198,EBC-13032,,17.0,,1.0,,2.0,,5.0,,0.0,,0.0,,0.0,,0.0,,0.0,,8.0,-8.0,-5.0,-2.0,0.0,0.0,0.0,0.0,-1.0,0.0
sudan,OPG198,EBC-13061,10.0,,0.0,,30.0,,52.0,,0.0,,1.0,,0.0,,13.0,,0.0,,96.0,,96.0,52.0,30.0,0.0,13.0,0.0,1.0,0.0,0.0
sudan,OPG198,EBC-13120,71.0,,0.0,,91.0,,125.0,,0.0,,2.0,,1.0,,29.0,,0.0,,248.0,,248.0,125.0,91.0,0.0,29.0,1.0,2.0,0.0,0.0
sudan,OPG198,EBC-13141,,75.0,,0.0,,2.0,,0.0,,0.0,,0.0,,0.0,,0.0,,0.0,,2.0,-2.0,0.0,-2.0,0.0,0.0,0.0,0.0,0.0,0.0
sudan,OPG198,EBC-13169,,64.0,,0.0,,2.0,,2.0,,0.0,,0.0,,1.0,,0.0,,0.0,,5.0,-5.0,-2.0,-2.0,0.0,0.0,-1.0,0.0,0.0,0.0
sudan,OPG198,EBC-13190,,49.0,,0.0,,3.0,,11.0,,0.0,,0.0,,0.0,,0.0,,0.0,,14.0,-14.0,-11.0,-3.0,0.0,0.0,0.0,0.0,0.0,0.0
sudan,OPG198,EBC-13376,,3.0,,0.0,,1.0,,0.0,,0.0,,0.0,,0.0,,0.0,,0.0,,1.0,-1.0,0.0,-1.0,0.0,0.0,0.0,0.0,0.0,0.0
sudan,OPG198,EBC-13379,76.0,,0.0,,74.0,,164.0,,0.0,,2.0,,1.0,,27.0,,0.0,,268.0,,268.0,164.0,74.0,0.0,27.0,1.0,2.0,0.0,0.0
sudan,OPG198,EBC-13476,,54.0,,1.0,,2.0,,2.0,,0.0,,0.0,,0.0,,1.0,,0.0,,6.0,-6.0,-2.0,-2.0,0.0,-1.0,0.0,0.0,-1.0,0.0
sudan,OPG198,EBC-13607,1.0,,0.0,,63.0,,210.0,,0.0,,1.0,,0.0,,24.0,,0.0,,298.0,,298.0,210.0,63.0,0.0,24.0,0.0,1.0,0.0,0.0
sudan,OPG198,EBC-13677,,67.0,,0.0,,2.0,,7.0,,0.0,,0.0,,0.0,,0.0,,0.0,,9.0,-9.0,-7.0,-2.0,0.0,0.0,0.0,0.0,0.0,0.0
sudan,OPG198,EBC-13827,23.0,,15.0,,96.0,,111.0,,0.0,,0.0,,0.0,,15.0,,0.0,,237.0,,237.0,111.0,96.0,0.0,15.0,0.0,0.0,15.0,0.0
sudan,OPG198,EBC-13852,,10.0,,0.0,,3.0,,0.0,,0.0,,0.0,,0.0,,0.0,,0.0,,3.0,-3.0,0.0,-3.0,0.0,0.0,0.0,0.0,0.0,0.0
sudan,OPG198,EBC-14147,20.0,,0.0,,62.0,,90.0,,0.0,,1.0,,0.0,,24.0,,0.0,,177.0,,177.0,90.0,62.0,0.0,24.0,0.0,1.0,0.0,0.0
sudan,OPG198,EBC-14210,50.0,,0.0,,56.0,,146.0,,0.0,,4.0,,3.0,,11.0,,0.0,,220.0,,220.0,146.0,56.0,0.0,11.0,3.0,4.0,0.0,0.0
sudan,OPG198,EBC-145226,5.0,,0.0,,74.0,,167.0,,0.0,,9.0,,0.0,,7.0,,0.0,,257.0,,257.0,167.0,74.0,0.0,7.0,0.0,9.0,0.0,0.0
sudan,OPG198,EBC-148031,86.0,,0.0,,103.0,,171.0,,0.0,,2.0,,2.0,,9.0,,0.0,,287.0,,287.0,171.0,103.0,0.0,9.0,2.0,2.0,0.0,0.0
sudan,OPG198,EBC-149094,26.0,,0.0,,52.0,,146.0,,0.0,,2.0,,1.0,,14.0,,0.0,,215.0,,215.0,146.0,52.0,0.0,14.0,1.0,2.0,0.0,0.0
sudan,OPG198,EBC-151028,,59.0,,0.0,,1.0,,7.0,,0.0,,0.0,,0.0,,0.0,,0.0,,8.0,-8.0,-7.0,-1.0,0.0,0.0,0.0,0.0,0.0,0.0
sudan,OPG198,EBC-151029,,60.0,,0.0,,1.0,,7.0,,0.0,,0.0,,0.0,,0.0,,0.0,,8.0,-8.0,-7.0,-1.0,0.0,0.0,0.0,0.0,0.0,0.0
sudan,OPG198,EBC-152142,,44.0,,0.0,,2.0,,1.0,,0.0,,0.0,,0.0,,0.0,,0.0,,3.0,-3.0,-1.0,-2.0,0.0,0.0,0.0,0.0,0.0,0.0
sudan,OPG198,EBC-154070,31.0,,6.0,,58.0,,109.0,,0.0,,2.0,,3.0,,8.0,,0.0,,186.0,,186.0,109.0,58.0,0.0,8.0,3.0,2.0,6.0,0.0
sudan,OPG198,EBC-157193,,7.0,,0.0,,2.0,,7.0,,0.0,,0.0,,0.0,,0.0,,0.0,,9.0,-9.0,-7.0,-2.0,0.0,0.0,0.0,0.0,0.0,0.0
sudan,OPG198,EBC-157209,64.0,62.0,0.0,0.0,63.0,2.0,156.0,4.0,0.0,0.0,2.0,0.0,5.0,0.0,16.0,0.0,0.0,0.0,242.0,6.0,236.0,152.0,61.0,0.0,16.0,5.0,2.0,0.0,0.0
sudan,OPG198,EBC-157212,80.0,,0.0,,89.0,,159.0,,0.0,,1.0,,0.0,,10.0,,0.0,,259.0,,259.0,159.0,89.0,0.0,10.0,0.0,1.0,0.0,0.0
sudan,OPG198,EBC-157219,91.0,,11.0,,69.0,,107.0,,0.0,,1.0,,1.0,,18.0,,0.0,,207.0,,207.0,107.0,69.0,0.0,18.0,1.0,1.0,11.0,0.0
sudan,OPG198,EBC-157235,,8.0,,0.0,,3.0,,5.0,,0.0,,0.0,,0.0,,0.0,,0.0,,8.0,-8.0,-5.0,-3.0,0.0,0.0,0.0,0.0,0.0,0.0
sudan,OPG198,EBC-157241,37.0,,6.0,,89.0,,150.0,,0.0,,2.0,,0.0,,15.0,,0.0,,262.0,,262.0,150.0,89.0,0.0,15.0,0.0,2.0,6.0,0.0
sudan,OPG198,EBC-157249,45.0,,0.0,,81.0,,134.0,,0.0,,2.0,,1.0,,24.0,,0.0,,242.0,,242.0,134.0,81.0,0.0,24.0,1.0,2.0,0.0,0.0
sudan,OPG198,EBC-157251,,37.0,,0.0,,4.0,,6.0,,0.0,,0.0,,0.0,,0.0,,0.0,,10.0,-10.0,-6.0,-4.0,0.0,0.0,0.0,0.0,0.0,0.0
sudan,OPG198,EBC-160036,2.0,,2.0,,54.0,,140.0,,0.0,,0.0,,2.0,,4.0,,0.0,,202.0,,202.0,140.0,54.0,0.0,4.0,2.0,0.0,2.0,0.0
sudan,OPG198,EBC-17116,,74.0,,0.0,,2.0,,6.0,,0.0,,0.0,,0.0,,0.0,,0.0,,8.0,-8.0,-6.0,-2.0,0.0,0.0,0.0,0.0,0.0,0.0
sudan,OPG198,EBC-189022,,77.0,,0.0,,2.0,,1.0,,0.0,,0.0,,0.0,,0.0,,0.0,,3.0,-3.0,-1.0,-2.0,0.0,0.0,0.0,0.0,0.0,0.0
sudan,OPG198,EBC-191032,62.0,,10.0,,91.0,,123.0,,0.0,,1.0,,1.0,,5.0,,0.0,,231.0,,231.0,123.0,91.0,0.0,5.0,1.0,1.0,10.0,0.0
sudan,OPG198,EBC-198037,29.0,,8.0,,88.0,,85.0,,0.0,,3.0,,0.0,,17.0,,0.0,,201.0,,201.0,85.0,88.0,0.0,17.0,0.0,3.0,8.0,0.0
sudan,OPG198,EBC-216028,34.0,,0.0,,71.0,,174.0,,0.0,,1.0,,0.0,,8.0,,0.0,,254.0,,254.0,174.0,71.0,0.0,8.0,0.0,1.0,0.0,0.0
sudan,OPG198,EBC-217022,32.0,,8.0,,64.0,,107.0,,0.0,,1.0,,0.0,,25.0,,0.0,,205.0,,205.0,107.0,64.0,0.0,25.0,0.0,1.0,8.0,0.0
sudan,OPG198,EBC-218037,74.0,,0.0,,49.0,,144.0,,0.0,,6.0,,2.0,,4.0,,0.0,,205.0,,205.0,144.0,49.0,0.0,4.0,2.0,6.0,0.0,0.0
sudan,OPG198,EBC-218043,4.0,,0.0,,75.0,,144.0,,0.0,,7.0,,1.0,,16.0,,0.0,,243.0,,243.0,144.0,75.0,0.0,16.0,1.0,7.0,0.0,0.0
sudan,OPG198,EBC-221084,52.0,,0.0,,93.0,,99.0,,0.0,,0.0,,2.0,,36.0,,0.0,,230.0,,230.0,99.0,93.0,0.0,36.0,2.0,0.0,0.0,0.0
sudan,OPG198,EBC-230024,,19.0,,1.0,,1.0,,7.0,,0.0,,0.0,,0.0,,0.0,,0.0,,9.0,-9.0,-7.0,-1.0,0.0,0.0,0.0,0.0,-1.0,0.0
sudan,OPG198,EBC-23629,100.0,,0.0,,57.0,,148.0,,0.0,,1.0,,1.0,,10.0,,0.0,,217.0,,217.0,148.0,57.0,0.0,10.0,1.0,1.0,0.0,0.0
sudan,OPG198,EBC-244029,75.0,,0.0,,70.0,,161.0,,0.0,,2.0,,0.0,,10.0,,0.0,,243.0,,243.0,161.0,70.0,0.0,10.0,0.0,2.0,0.0,0.0
sudan,OPG198,EBC-249057,44.0,,0.0,,48.0,,144.0,,0.0,,0.0,,4.0,,3.0,,0.0,,199.0,,199.0,144.0,48.0,0.0,3.0,4.0,0.0,0.0,0.0
sudan,OPG198,EBC-251155,87.0,,1.0,,83.0,,106.0,,0.0,,0.0,,1.0,,18.0,,0.0,,209.0,,209.0,106.0,83.0,0.0,18.0,1.0,0.0,1.0,0.0
sudan,OPG198,EBC-251173,15.0,,0.0,,76.0,,184.0,,0.0,,1.0,,0.0,,17.0,,0.0,,278.0,,278.0,184.0,76.0,0.0,17.0,0.0,1.0,0.0,0.0
sudan,OPG198,EBC-251220,,11.0,,0.0,,2.0,,0.0,,0.0,,0.0,,0.0,,0.0,,0.0,,2.0,-2.0,0.0,-2.0,0.0,0.0,0.0,0.0,0.0,0.0
sudan,OPG198,EBC-252072,,91.0,,0.0,,1.0,,3.0,,0.0,,0.0,,0.0,,0.0,,0.0,,4.0,-4.0,-3.0,-1.0,0.0,0.0,0.0,0.0,0.0,0.0
sudan,OPG198,EBC-252122,17.0,,11.0,,56.0,,137.0,,0.0,,8.0,,1.0,,24.0,,0.0,,237.0,,237.0,137.0,56.0,0.0,24.0,1.0,8.0,11.0,0.0
sudan,OPG198,EBC-253205,93.0,,0.0,,72.0,,188.0,,0.0,,2.0,,2.0,,8.0,,0.0,,272.0,,272.0,188.0,72.0,0.0,8.0,2.0,2.0,0.0,0.0
sudan,OPG198,EBC-253245,,21.0,,1.0,,0.0,,9.0,,0.0,,0.0,,1.0,,0.0,,0.0,,11.0,-11.0,-9.0,0.0,0.0,0.0,-1.0,0.0,-1.0,0.0
sudan,OPG198,EBC-253291,90.0,,0.0,,69.0,,133.0,,0.0,,3.0,,5.0,,22.0,,0.0,,232.0,,232.0,133.0,69.0,0.0,22.0,5.0,3.0,0.0,0.0
sudan,OPG198,EBC-253302,,61.0,,0.0,,1.0,,7.0,,0.0,,0.0,,0.0,,0.0,,0.0,,8.0,-8.0,-7.0,-1.0,0.0,0.0,0.0,0.0,0.0,0.0
sudan,OPG198,EBC-255053,48.0,,0.0,,39.0,,125.0,,0.0,,0.0,,3.0,,8.0,,0.0,,175.0,,175.0,125.0,39.0,0.0,8.0,3.0,0.0,0.0,0.0
sudan,OPG198,EBC-255056,49.0,,0.0,,45.0,,158.0,,0.0,,1.0,,0.0,,9.0,,0.0,,213.0,,213.0,158.0,45.0,0.0,9.0,0.0,1.0,0.0,0.0
sudan,OPG198,EBC-265042,51.0,,0.0,,58.0,,160.0,,0.0,,3.0,,3.0,,7.0,,0.0,,231.0,,231.0,160.0,58.0,0.0,7.0,3.0,3.0,0.0,0.0
sudan,OPG198,EBC-27035,78.0,,0.0,,74.0,,150.0,,0.0,,0.0,,0.0,,2.0,,0.0,,226.0,,226.0,150.0,74.0,0.0,2.0,0.0,0.0,0.0,0.0
sudan,OPG198,EBC-27042,18.0,,3.0,,43.0,,71.0,,0.0,,1.0,,1.0,,12.0,,0.0,,131.0,,131.0,71.0,43.0,0.0,12.0,1.0,1.0,3.0,0.0
sudan,OPG198,EBC-27078,36.0,,0.0,,21.0,,222.0,,0.0,,0.0,,0.0,,1.0,,0.0,,244.0,,244.0,222.0,21.0,0.0,1.0,0.0,0.0,0.0,0.0
sudan,OPG198,EBC-27122,82.0,,11.0,,75.0,,86.0,,0.0,,1.0,,0.0,,11.0,,0.0,,184.0,,184.0,86.0,75.0,0.0,11.0,0.0,1.0,11.0,0.0
sudan,OPG198,EBC-27184,55.0,,0.0,,18.0,,215.0,,0.0,,1.0,,0.0,,5.0,,0.0,,239.0,,239.0,215.0,18.0,0.0,5.0,0.0,1.0,0.0,0.0
sudan,OPG198,EBC-27265,11.0,,6.0,,37.0,,136.0,,0.0,,5.0,,0.0,,2.0,,0.0,,186.0,,186.0,136.0,37.0,0.0,2.0,0.0,5.0,6.0,0.0
sudan,OPG198,EBC-27284,54.0,,0.0,,55.0,,244.0,,0.0,,1.0,,1.0,,10.0,,0.0,,311.0,,311.0,244.0,55.0,0.0,10.0,1.0,1.0,0.0,0.0
sudan,OPG198,EBC-27345,38.0,,12.0,,45.0,,149.0,,0.0,,1.0,,0.0,,3.0,,0.0,,210.0,,210.0,149.0,45.0,0.0,3.0,0.0,1.0,12.0,0.0
sudan,OPG198,EBC-27367,96.0,,18.0,,95.0,,112.0,,0.0,,3.0,,0.0,,16.0,,0.0,,244.0,,244.0,112.0,95.0,0.0,16.0,0.0,3.0,18.0,0.0
sudan,OPG198,EBC-27428,39.0,,0.0,,119.0,,112.0,,0.0,,1.0,,4.0,,12.0,,0.0,,248.0,,248.0,112.0,119.0,0.0,12.0,4.0,1.0,0.0,0.0
sudan,OPG198,EBC-286055,88.0,,0.0,,89.0,,135.0,,0.0,,2.0,,1.0,,9.0,,0.0,,236.0,,236.0,135.0,89.0,0.0,9.0,1.0,2.0,0.0,0.0
sudan,OPG198,EBC-287051,30.0,,0.0,,90.0,,154.0,,0.0,,2.0,,3.0,,14.0,,0.0,,263.0,,263.0,154.0,90.0,0.0,14.0,3.0,2.0,0.0,0.0
sudan,OPG198,EBC-287070,57.0,,0.0,,47.0,,165.0,,0.0,,0.0,,3.0,,13.0,,0.0,,228.0,,228.0,165.0,47.0,0.0,13.0,3.0,0.0,0.0,0.0
sudan,OPG198,EBC-287071,24.0,,0.0,,53.0,,105.0,,0.0,,3.0,,3.0,,10.0,,0.0,,174.0,,174.0,105.0,53.0,0.0,10.0,3.0,3.0,0.0,0.0
sudan,OPG198,EBC-287092,98.0,,0.0,,93.0,,142.0,,0.0,,2.0,,3.0,,10.0,,0.0,,250.0,,250.0,142.0,93.0,0.0,10.0,3.0,2.0,0.0,0.0
sudan,OPG198,EBC-289112,41.0,,0.0,,33.0,,164.0,,0.0,,2.0,,1.0,,15.0,,0.0,,215.0,,215.0,164.0,33.0,0.0,15.0,1.0,2.0,0.0,0.0
sudan,OPG198,EBC-291059,,88.0,,0.0,,2.0,,11.0,,0.0,,0.0,,0.0,,1.0,,0.0,,14.0,-14.0,-11.0,-2.0,0.0,-1.0,0.0,0.0,0.0,0.0
sudan,OPG198,EBC-291106,69.0,,0.0,,59.0,,162.0,,0.0,,3.0,,1.0,,4.0,,0.0,,229.0,,229.0,162.0,59.0,0.0,4.0,1.0,3.0,0.0,0.0
sudan,OPG198,EBC-291154,,45.0,,1.0,,2.0,,7.0,,0.0,,1.0,,0.0,,0.0,,0.0,,11.0,-11.0,-7.0,-2.0,0.0,0.0,0.0,-1.0,-1.0,0.0
sudan,OPG198,EBC-291167,42.0,,7.0,,81.0,,86.0,,0.0,,0.0,,0.0,,32.0,,0.0,,206.0,,206.0,86.0,81.0,0.0,32.0,0.0,0.0,7.0,0.0
sudan,OPG198,EBC-292060,79.0,,1.0,,42.0,,126.0,,0.0,,3.0,,0.0,,8.0,,0.0,,180.0,,180.0,126.0,42.0,0.0,8.0,0.0,3.0,1.0,0.0
sudan,OPG198,EBC-331067,56.0,,11.0,,58.0,,102.0,,0.0,,0.0,,4.0,,4.0,,0.0,,179.0,,179.0,102.0,58.0,0.0,4.0,4.0,0.0,11.0,0.0
sudan,OPG198,EBC-346045,85.0,,4.0,,56.0,,116.0,,0.0,,3.0,,1.0,,5.0,,0.0,,185.0,,185.0,116.0,56.0,0.0,5.0,1.0,3.0,4.0,0.0
sudan,OPG198,EBC-367048,58.0,,0.0,,71.0,,120.0,,0.0,,3.0,,4.0,,19.0,,0.0,,217.0,,217.0,120.0,71.0,0.0,19.0,4.0,3.0,0.0,0.0
sudan,OPG198,EBC-44134,,18.0,,1.0,,4.0,,0.0,,0.0,,0.0,,0.0,,0.0,,0.0,,5.0,-5.0,0.0,-4.0,0.0,0.0,0.0,0.0,-1.0,0.0
sudan,OPG198,EBC-44151,,12.0,,0.0,,3.0,,2.0,,0.0,,0.0,,0.0,,0.0,,0.0,,5.0,-5.0,-2.0,-3.0,0.0,0.0,0.0,0.0,0.0,0.0
sudan,OPG198,EBC-46057,67.0,,0.0,,66.0,,185.0,,0.0,,5.0,,3.0,,19.0,,0.0,,278.0,,278.0,185.0,66.0,0.0,19.0,3.0,5.0,0.0,0.0
sudan,OPG198,EBC-46164,,41.0,,0.0,,2.0,,1.0,,0.0,,0.0,,0.0,,0.0,,0.0,,3.0,-3.0,-1.0,-2.0,0.0,0.0,0.0,0.0,0.0,0.0
sudan,OPG198,EBC-46294,21.0,,3.0,,114.0,,181.0,,0.0,,2.0,,3.0,,20.0,,0.0,,323.0,,323.0,181.0,114.0,0.0,20.0,3.0,2.0,3.0,0.0
sudan,OPG198,EBC-47024,92.0,,0.0,,80.0,,126.0,,0.0,,0.0,,2.0,,11.0,,0.0,,219.0,,219.0,126.0,80.0,0.0,11.0,2.0,0.0,0.0,0.0
sudan,OPG198,EBC-47066,83.0,,12.0,,77.0,,104.0,,0.0,,1.0,,0.0,,22.0,,0.0,,216.0,,216.0,104.0,77.0,0.0,22.0,0.0,1.0,12.0,0.0
sudan,OPG198,EBC-47094,43.0,,6.0,,51.0,,115.0,,0.0,,0.0,,1.0,,6.0,,0.0,,179.0,,179.0,115.0,51.0,0.0,6.0,1.0,0.0,6.0,0.0
sudan,OPG198,EBC-47103,,84.0,,0.0,,3.0,,6.0,,0.0,,0.0,,1.0,,0.0,,0.0,,10.0,-10.0,-6.0,-3.0,0.0,0.0,-1.0,0.0,0.0,0.0
sudan,OPG198,EBC-47119,47.0,,0.0,,152.0,,109.0,,0.0,,4.0,,1.0,,36.0,,0.0,,302.0,,302.0,109.0,152.0,0.0,36.0,1.0,4.0,0.0,0.0
sudan,OPG198,EBC-47377,,13.0,,0.0,,5.0,,8.0,,0.0,,0.0,,0.0,,1.0,,0.0,,14.0,-14.0,-8.0,-5.0,0.0,-1.0,0.0,0.0,0.0,0.0
sudan,OPG198,EBC-48186,25.0,,8.0,,50.0,,111.0,,0.0,,0.0,,0.0,,5.0,,0.0,,174.0,,174.0,111.0,50.0,0.0,5.0,0.0,0.0,8.0,0.0
sudan,OPG198,EBC-48188,28.0,,0.0,,85.0,,130.0,,0.0,,1.0,,1.0,,18.0,,0.0,,235.0,,235.0,130.0,85.0,0.0,18.0,1.0,1.0,0.0,0.0
sudan,OPG198,EBC-53021,53.0,,3.0,,81.0,,108.0,,0.0,,2.0,,1.0,,17.0,,0.0,,212.0,,212.0,108.0,81.0,0.0,17.0,1.0,2.0,3.0,0.0
sudan,OPG198,EBC-63089,9.0,,4.0,,105.0,,155.0,,0.0,,1.0,,1.0,,28.0,,0.0,,294.0,,294.0,155.0,105.0,0.0,28.0,1.0,1.0,4.0,0.0
sudan,OPG198,EBC-71073,46.0,,0.0,,94.0,,177.0,,0.0,,4.0,,0.0,,8.0,,0.0,,283.0,,283.0,177.0,94.0,0.0,8.0,0.0,4.0,0.0,0.0
sudan,OPG198,EBC-73021,,14.0,,1.0,,2.0,,9.0,,0.0,,0.0,,0.0,,1.0,,0.0,,13.0,-13.0,-9.0,-2.0,0.0,-1.0,0.0,0.0,-1.0,0.0
sudan,OPG198,EBC-76208,,39.0,,0.0,,1.0,,5.0,,0.0,,0.0,,0.0,,0.0,,0.0,,6.0,-6.0,-5.0,-1.0,0.0,0.0,0.0,0.0,0.0,0.0
sudan,OPG198,EBC-77052,,48.0,,0.0,,0.0,,3.0,,0.0,,0.0,,0.0,,0.0,,0.0,,3.0,-3.0,-3.0,0.0,0.0,0.0,0.0,0.0,0.0,0.0
sudan,OPG198,EBC-84050,19.0,,8.0,,87.0,,104.0,,0.0,,6.0,,0.0,,43.0,,0.0,,248.0,,248.0,104.0,87.0,0.0,43.0,0.0,6.0,8.0,0.0
sudan,OPG198,EBC-84165,,82.0,,0.0,,3.0,,0.0,,0.0,,0.0,,0.0,,0.0,,0.0,,3.0,-3.0,0.0,-3.0,0.0,0.0,0.0,0.0,0.0,0.0
sudan,OPG198,EBC-99051,33.0,,6.0,,60.0,,102.0,,0.0,,2.0,,1.0,,10.0,,0.0,,181.0,,181.0,102.0,60.0,0.0,10.0,1.0,2.0,6.0,0.0
sudan,OPG199,EBC-00005,,80.0,,0.0,,2.0,,1.0,,0.0,,0.0,,0.0,,0.0,,0.0,,3.0,-3.0,-1.0,-2.0,0.0,0.0,0.0,0.0,0.0,0.0
sudan,OPG199,EBC-00541,,62.0,,0.0,,4.0,,1.0,,0.0,,0.0,,0.0,,0.0,,0.0,,5.0,-5.0,-1.0,-4.0,0.0,0.0,0.0,0.0,0.0,0.0
sudan,OPG199,EBC-00562,,65.0,,0.0,,4.0,,0.0,,0.0,,0.0,,0.0,,0.0,,0.0,,4.0,-4.0,0.0,-4.0,0.0,0.0,0.0,0.0,0.0,0.0
sudan,OPG199,EBC-00588,,83.0,,0.0,,5.0,,7.0,,0.0,,0.0,,2.0,,0.0,,0.0,,14.0,-14.0,-7.0,-5.0,0.0,0.0,-2.0,0.0,0.0,0.0
sudan,OPG199,EBC-00640,,27.0,,0.0,,2.0,,9.0,,0.0,,0.0,,0.0,,0.0,,0.0,,11.0,-11.0,-9.0,-2.0,0.0,0.0,0.0,0.0,0.0,0.0
sudan,OPG199,EBC-00641,,16.0,,0.0,,2.0,,9.0,,0.0,,0.0,,0.0,,0.0,,0.0,,11.0,-11.0,-9.0,-2.0,0.0,0.0,0.0,0.0,0.0,0.0
sudan,OPG199,EBC-00645,81.0,,9.0,,63.0,,76.0,,0.0,,1.0,,0.0,,17.0,,0.0,,166.0,,166.0,76.0,63.0,0.0,17.0,0.0,1.0,9.0,0.0
sudan,OPG199,EBC-00651,84.0,,10.0,,67.0,,76.0,,0.0,,1.0,,0.0,,24.0,,0.0,,178.0,,178.0,76.0,67.0,0.0,24.0,0.0,1.0,10.0,0.0
sudan,OPG199,EBC-00696,46.0,,2.0,,55.0,,138.0,,0.0,,0.0,,3.0,,11.0,,0.0,,209.0,,209.0,138.0,55.0,0.0,11.0,3.0,0.0,2.0,0.0
sudan,OPG199,EBC-00711,21.0,,0.0,,28.0,,127.0,,0.0,,0.0,,0.0,,11.0,,0.0,,166.0,,166.0,127.0,28.0,0.0,11.0,0.0,0.0,0.0,0.0
sudan,OPG199,EBC-02025,,60.0,,0.0,,9.0,,0.0,,0.0,,0.0,,0.0,,0.0,,0.0,,9.0,-9.0,0.0,-9.0,0.0,0.0,0.0,0.0,0.0,0.0
sudan,OPG199,EBC-02079,13.0,,0.0,,57.0,,111.0,,0.0,,1.0,,0.0,,9.0,,0.0,,178.0,,178.0,111.0,57.0,0.0,9.0,0.0,1.0,0.0,0.0
sudan,OPG199,EBC-02080,90.0,,0.0,,53.0,,98.0,,0.0,,0.0,,0.0,,0.0,,0.0,,151.0,,151.0,98.0,53.0,0.0,0.0,0.0,0.0,0.0,0.0
sudan,OPG199,EBC-03088,,23.0,,0.0,,2.0,,0.0,,0.0,,0.0,,0.0,,0.0,,0.0,,2.0,-2.0,0.0,-2.0,0.0,0.0,0.0,0.0,0.0,0.0
sudan,OPG199,EBC-03091,,45.0,,0.0,,3.0,,0.0,,0.0,,0.0,,0.0,,0.0,,0.0,,3.0,-3.0,0.0,-3.0,0.0,0.0,0.0,0.0,0.0,0.0
sudan,OPG199,EBC-03100,,61.0,,0.0,,8.0,,0.0,,0.0,,0.0,,0.0,,0.0,,0.0,,8.0,-8.0,0.0,-8.0,0.0,0.0,0.0,0.0,0.0,0.0
sudan,OPG199,EBC-03137,,47.0,,0.0,,3.0,,2.0,,0.0,,0.0,,0.0,,0.0,,0.0,,5.0,-5.0,-2.0,-3.0,0.0,0.0,0.0,0.0,0.0,0.0
sudan,OPG199,EBC-03148,,68.0,,0.0,,4.0,,2.0,,0.0,,0.0,,1.0,,0.0,,0.0,,7.0,-7.0,-2.0,-4.0,0.0,0.0,-1.0,0.0,0.0,0.0
sudan,OPG199,EBC-03153,,38.0,,1.0,,5.0,,2.0,,0.0,,0.0,,1.0,,0.0,,0.0,,9.0,-9.0,-2.0,-5.0,0.0,0.0,-1.0,0.0,-1.0,0.0
sudan,OPG199,EBC-03164,,78.0,,0.0,,3.0,,2.0,,0.0,,0.0,,0.0,,0.0,,0.0,,5.0,-5.0,-2.0,-3.0,0.0,0.0,0.0,0.0,0.0,0.0
sudan,OPG199,EBC-03167,,39.0,,0.0,,3.0,,0.0,,0.0,,0.0,,0.0,,0.0,,0.0,,3.0,-3.0,0.0,-3.0,0.0,0.0,0.0,0.0,0.0,0.0
sudan,OPG199,EBC-03196,,41.0,,0.0,,4.0,,3.0,,0.0,,0.0,,1.0,,0.0,,0.0,,8.0,-8.0,-3.0,-4.0,0.0,0.0,-1.0,0.0,0.0,0.0
sudan,OPG199,EBC-03209,,72.0,,0.0,,4.0,,2.0,,0.0,,0.0,,0.0,,0.0,,0.0,,6.0,-6.0,-2.0,-4.0,0.0,0.0,0.0,0.0,0.0,0.0
sudan,OPG199,EBC-03293,,31.0,,0.0,,2.0,,2.0,,0.0,,0.0,,0.0,,0.0,,0.0,,4.0,-4.0,-2.0,-2.0,0.0,0.0,0.0,0.0,0.0,0.0
sudan,OPG199,EBC-03334,,24.0,,0.0,,3.0,,2.0,,0.0,,0.0,,0.0,,1.0,,0.0,,6.0,-6.0,-2.0,-3.0,0.0,-1.0,0.0,0.0,0.0,0.0
sudan,OPG199,EBC-03355,,37.0,,0.0,,3.0,,3.0,,0.0,,0.0,,1.0,,0.0,,0.0,,7.0,-7.0,-3.0,-3.0,0.0,0.0,-1.0,0.0,0.0,0.0
sudan,OPG199,EBC-03359,,56.0,,0.0,,1.0,,1.0,,0.0,,0.0,,0.0,,0.0,,0.0,,2.0,-2.0,-1.0,-1.0,0.0,0.0,0.0,0.0,0.0,0.0
sudan,OPG199,EBC-03374,,48.0,,0.0,,2.0,,1.0,,0.0,,0.0,,0.0,,0.0,,0.0,,3.0,-3.0,-1.0,-2.0,0.0,0.0,0.0,0.0,0.0,0.0
sudan,OPG199,EBC-03375,,70.0,,0.0,,2.0,,1.0,,0.0,,0.0,,0.0,,0.0,,0.0,,3.0,-3.0,-1.0,-2.0,0.0,0.0,0.0,0.0,0.0,0.0
sudan,OPG199,EBC-03383,,13.0,,0.0,,2.0,,4.0,,0.0,,0.0,,0.0,,0.0,,0.0,,6.0,-6.0,-4.0,-2.0,0.0,0.0,0.0,0.0,0.0,0.0
sudan,OPG199,EBC-03384,,42.0,,0.0,,3.0,,1.0,,0.0,,0.0,,0.0,,0.0,,0.0,,4.0,-4.0,-1.0,-3.0,0.0,0.0,0.0,0.0,0.0,0.0
sudan,OPG199,EBC-03395,,44.0,,0.0,,3.0,,1.0,,0.0,,0.0,,0.0,,0.0,,0.0,,4.0,-4.0,-1.0,-3.0,0.0,0.0,0.0,0.0,0.0,0.0
sudan,OPG199,EBC-03399,,43.0,,0.0,,3.0,,3.0,,0.0,,0.0,,0.0,,0.0,,0.0,,6.0,-6.0,-3.0,-3.0,0.0,0.0,0.0,0.0,0.0,0.0
sudan,OPG199,EBC-03537,,26.0,,0.0,,1.0,,4.0,,0.0,,0.0,,0.0,,0.0,,0.0,,5.0,-5.0,-4.0,-1.0,0.0,0.0,0.0,0.0,0.0,0.0
sudan,OPG199,EBC-03594,,73.0,,0.0,,3.0,,3.0,,0.0,,0.0,,0.0,,0.0,,0.0,,6.0,-6.0,-3.0,-3.0,0.0,0.0,0.0,0.0,0.0,0.0
sudan,OPG199,EBC-03602,,40.0,,0.0,,2.0,,2.0,,0.0,,0.0,,0.0,,0.0,,0.0,,4.0,-4.0,-2.0,-2.0,0.0,0.0,0.0,0.0,0.0,0.0
sudan,OPG199,EBC-03758,,67.0,,0.0,,2.0,,3.0,,0.0,,0.0,,0.0,,0.0,,0.0,,5.0,-5.0,-3.0,-2.0,0.0,0.0,0.0,0.0,0.0,0.0
sudan,OPG199,EBC-03870,,53.0,,0.0,,2.0,,5.0,,0.0,,0.0,,0.0,,0.0,,0.0,,7.0,-7.0,-5.0,-2.0,0.0,0.0,0.0,0.0,0.0,0.0
sudan,OPG199,EBC-04015,,64.0,,0.0,,2.0,,0.0,,0.0,,0.0,,0.0,,0.0,,0.0,,2.0,-2.0,0.0,-2.0,0.0,0.0,0.0,0.0,0.0,0.0
sudan,OPG199,EBC-04036,,75.0,,0.0,,2.0,,3.0,,0.0,,0.0,,0.0,,0.0,,0.0,,5.0,-5.0,-3.0,-2.0,0.0,0.0,0.0,0.0,0.0,0.0
sudan,OPG199,EBC-04040,,77.0,,0.0,,2.0,,3.0,,0.0,,0.0,,0.0,,0.0,,0.0,,5.0,-5.0,-3.0,-2.0,0.0,0.0,0.0,0.0,0.0,0.0
sudan,OPG199,EBC-04072,,79.0,,0.0,,2.0,,0.0,,0.0,,0.0,,0.0,,0.0,,0.0,,2.0,-2.0,0.0,-2.0,0.0,0.0,0.0,0.0,0.0,0.0
sudan,OPG199,EBC-04093,,30.0,,0.0,,1.0,,1.0,,0.0,,0.0,,0.0,,0.0,,0.0,,2.0,-2.0,-1.0,-1.0,0.0,0.0,0.0,0.0,0.0,0.0
sudan,OPG199,EBC-04161,,74.0,,0.0,,3.0,,0.0,,0.0,,0.0,,0.0,,0.0,,0.0,,3.0,-3.0,0.0,-3.0,0.0,0.0,0.0,0.0,0.0,0.0
sudan,OPG199,EBC-04295,,81.0,,0.0,,3.0,,2.0,,0.0,,0.0,,0.0,,0.0,,0.0,,5.0,-5.0,-2.0,-3.0,0.0,0.0,0.0,0.0,0.0,0.0
sudan,OPG199,EBC-04305,,59.0,,0.0,,9.0,,0.0,,0.0,,0.0,,0.0,,0.0,,0.0,,9.0,-9.0,0.0,-9.0,0.0,0.0,0.0,0.0,0.0,0.0
sudan,OPG199,EBC-06061,24.0,,0.0,,65.0,,84.0,,0.0,,2.0,,2.0,,31.0,,0.0,,184.0,,184.0,84.0,65.0,0.0,31.0,2.0,2.0,0.0,0.0
sudan,OPG199,EBC-06062,53.0,,0.0,,62.0,,154.0,,0.0,,1.0,,2.0,,12.0,,0.0,,231.0,,231.0,154.0,62.0,0.0,12.0,2.0,1.0,0.0,0.0
sudan,OPG199,EBC-06206,,97.0,,0.0,,2.0,,1.0,,0.0,,0.0,,0.0,,0.0,,0.0,,3.0,-3.0,-1.0,-2.0,0.0,0.0,0.0,0.0,0.0,0.0
sudan,OPG199,EBC-06246,,34.0,,0.0,,2.0,,9.0,,0.0,,0.0,,1.0,,0.0,,0.0,,12.0,-12.0,-9.0,-2.0,0.0,0.0,-1.0,0.0,0.0,0.0
sudan,OPG199,EBC-06315,,94.0,,0.0,,4.0,,0.0,,0.0,,0.0,,0.0,,0.0,,0.0,,4.0,-4.0,0.0,-4.0,0.0,0.0,0.0,0.0,0.0,0.0
sudan,OPG199,EBC-06351,,57.0,,0.0,,3.0,,6.0,,0.0,,0.0,,1.0,,0.0,,0.0,,10.0,-10.0,-6.0,-3.0,0.0,0.0,-1.0,0.0,0.0,0.0
sudan,OPG199,EBC-06475,,84.0,,0.0,,3.0,,0.0,,0.0,,0.0,,0.0,,0.0,,0.0,,3.0,-3.0,0.0,-3.0,0.0,0.0,0.0,0.0,0.0,0.0
sudan,OPG199,EBC-06750,,46.0,,0.0,,2.0,,6.0,,0.0,,0.0,,0.0,,0.0,,0.0,,8.0,-8.0,-6.0,-2.0,0.0,0.0,0.0,0.0,0.0,0.0
sudan,OPG199,EBC-06756,,17.0,,0.0,,4.0,,5.0,,0.0,,0.0,,1.0,,0.0,,0.0,,10.0,-10.0,-5.0,-4.0,0.0,0.0,-1.0,0.0,0.0,0.0
sudan,OPG199,EBC-06798,,2.0,,0.0,,3.0,,7.0,,0.0,,0.0,,0.0,,0.0,,0.0,,10.0,-10.0,-7.0,-3.0,0.0,0.0,0.0,0.0,0.0,0.0
sudan,OPG199,EBC-06802,,95.0,,0.0,,4.0,,7.0,,0.0,,0.0,,0.0,,0.0,,0.0,,11.0,-11.0,-7.0,-4.0,0.0,0.0,0.0,0.0,0.0,0.0
sudan,OPG199,EBC-06844,,85.0,,0.0,,6.0,,5.0,,0.0,,0.0,,0.0,,0.0,,0.0,,11.0,-11.0,-5.0,-6.0,0.0,0.0,0.0,0.0,0.0,0.0
sudan,OPG199,EBC-06855,,51.0,,0.0,,6.0,,3.0,,0.0,,0.0,,1.0,,1.0,,0.0,,11.0,-11.0,-3.0,-6.0,0.0,-1.0,-1.0,0.0,0.0,0.0
sudan,OPG199,EBC-06902,82.0,,0.0,,94.0,,128.0,,0.0,,0.0,,1.0,,7.0,,0.0,,230.0,,230.0,128.0,94.0,0.0,7.0,1.0,0.0,0.0,0.0
sudan,OPG199,EBC-07157,95.0,,0.0,,61.0,,84.0,,0.0,,4.0,,1.0,,23.0,,0.0,,173.0,,173.0,84.0,61.0,0.0,23.0,1.0,4.0,0.0,0.0
sudan,OPG199,EBC-07173,,12.0,,0.0,,2.0,,8.0,,0.0,,0.0,,0.0,,0.0,,0.0,,10.0,-10.0,-8.0,-2.0,0.0,0.0,0.0,0.0,0.0,0.0
sudan,OPG199,EBC-07175,,8.0,,0.0,,2.0,,9.0,,0.0,,0.0,,0.0,,0.0,,0.0,,11.0,-11.0,-9.0,-2.0,0.0,0.0,0.0,0.0,0.0,0.0
sudan,OPG199,EBC-07367,67.0,,0.0,,58.0,,132.0,,0.0,,2.0,,1.0,,17.0,,0.0,,210.0,,210.0,132.0,58.0,0.0,17.0,1.0,2.0,0.0,0.0
sudan,OPG199,EBC-07386,,49.0,,0.0,,3.0,,2.0,,0.0,,0.0,,2.0,,1.0,,0.0,,8.0,-8.0,-2.0,-3.0,0.0,-1.0,-2.0,0.0,0.0,0.0
sudan,OPG199,EBC-07497,,54.0,,0.0,,4.0,,4.0,,0.0,,0.0,,0.0,,0.0,,0.0,,8.0,-8.0,-4.0,-4.0,0.0,0.0,0.0,0.0,0.0,0.0
sudan,OPG199,EBC-07498,,11.0,,1.0,,3.0,,7.0,,0.0,,0.0,,0.0,,0.0,,0.0,,11.0,-11.0,-7.0,-3.0,0.0,0.0,0.0,0.0,-1.0,0.0
sudan,OPG199,EBC-07499,,87.0,,1.0,,3.0,,6.0,,0.0,,0.0,,2.0,,0.0,,0.0,,12.0,-12.0,-6.0,-3.0,0.0,0.0,-2.0,0.0,-1.0,0.0
sudan,OPG199,EBC-07500,,6.0,,0.0,,3.0,,4.0,,0.0,,0.0,,1.0,,0.0,,0.0,,8.0,-8.0,-4.0,-3.0,0.0,0.0,-1.0,0.0,0.0,0.0
sudan,OPG199,EBC-07504,,4.0,,0.0,,4.0,,7.0,,0.0,,0.0,,0.0,,0.0,,0.0,,11.0,-11.0,-7.0,-4.0,0.0,0.0,0.0,0.0,0.0,0.0
sudan,OPG199,EBC-07511,,9.0,,0.0,,3.0,,9.0,,0.0,,0.0,,0.0,,0.0,,0.0,,12.0,-12.0,-9.0,-3.0,0.0,0.0,0.0,0.0,0.0,0.0
sudan,OPG199,EBC-07516,99.0,,5.0,,77.0,,111.0,,0.0,,4.0,,0.0,,15.0,,0.0,,212.0,,212.0,111.0,77.0,0.0,15.0,0.0,4.0,5.0,0.0
sudan,OPG199,EBC-07557,76.0,,0.0,,72.0,,111.0,,0.0,,2.0,,1.0,,12.0,,0.0,,198.0,,198.0,111.0,72.0,0.0,12.0,1.0,2.0,0.0,0.0
sudan,OPG199,EBC-07644,,7.0,,0.0,,5.0,,5.0,,0.0,,0.0,,0.0,,0.0,,0.0,,10.0,-10.0,-5.0,-5.0,0.0,0.0,0.0,0.0,0.0,0.0
sudan,OPG199,EBC-07647,,66.0,,0.0,,3.0,,2.0,,0.0,,0.0,,0.0,,1.0,,0.0,,6.0,-6.0,-2.0,-3.0,0.0,-1.0,0.0,0.0,0.0,0.0
sudan,OPG199,EBC-07677,,5.0,,0.0,,5.0,,6.0,,0.0,,0.0,,2.0,,0.0,,0.0,,13.0,-13.0,-6.0,-5.0,0.0,0.0,-2.0,0.0,0.0,0.0
sudan,OPG199,EBC-07836,,96.0,,0.0,,3.0,,8.0,,0.0,,1.0,,0.0,,0.0,,0.0,,12.0,-12.0,-8.0,-3.0,0.0,0.0,0.0,-1.0,0.0,0.0
sudan,OPG199,EBC-07940,75.0,,10.0,,90.0,,105.0,,0.0,,3.0,,0.0,,12.0,,0.0,,220.0,,220.0,105.0,90.0,0.0,12.0,0.0,3.0,10.0,0.0
sudan,OPG199,EBC-07988,28.0,,4.0,,105.0,,164.0,,0.0,,1.0,,0.0,,30.0,,0.0,,304.0,,304.0,164.0,105.0,0.0,30.0,0.0,1.0,4.0,0.0
sudan,OPG199,EBC-08227,,25.0,,0.0,,4.0,,4.0,,0.0,,0.0,,0.0,,0.0,,0.0,,8.0,-8.0,-4.0,-4.0,0.0,0.0,0.0,0.0,0.0,0.0
sudan,OPG199,EBC-08235,,22.0,,0.0,,2.0,,8.0,,0.0,,0.0,,0.0,,0.0,,0.0,,10.0,-10.0,-8.0,-2.0,0.0,0.0,0.0,0.0,0.0,0.0
sudan,OPG199,EBC-08307,,28.0,,0.0,,4.0,,6.0,,0.0,,0.0,,0.0,,0.0,,0.0,,10.0,-10.0,-6.0,-4.0,0.0,0.0,0.0,0.0,0.0,0.0
sudan,OPG199,EBC-08460,,3.0,,0.0,,0.0,,17.0,,0.0,,0.0,,0.0,,0.0,,0.0,,17.0,-17.0,-17.0,0.0,0.0,0.0,0.0,0.0,0.0,0.0
sudan,OPG199,EBC-08480,79.0,,0.0,,73.0,,108.0,,0.0,,0.0,,1.0,,9.0,,0.0,,191.0,,191.0,108.0,73.0,0.0,9.0,1.0,0.0,0.0,0.0
sudan,OPG199,EBC-08557,,50.0,,1.0,,3.0,,0.0,,0.0,,0.0,,0.0,,2.0,,0.0,,6.0,-6.0,0.0,-3.0,0.0,-2.0,0.0,0.0,-1.0,0.0
sudan,OPG199,EBC-08587,51.0,,0.0,,39.0,,80.0,,0.0,,1.0,,0.0,,1.0,,0.0,,121.0,,121.0,80.0,39.0,0.0,1.0,0.0,1.0,0.0,0.0
sudan,OPG199,EBC-08615,34.0,,0.0,,145.0,,95.0,,0.0,,0.0,,0.0,,6.0,,0.0,,246.0,,246.0,95.0,145.0,0.0,6.0,0.0,0.0,0.0,0.0
sudan,OPG199,EBC-08710,,21.0,,0.0,,3.0,,9.0,,0.0,,0.0,,0.0,,0.0,,0.0,,12.0,-12.0,-9.0,-3.0,0.0,0.0,0.0,0.0,0.0,0.0
sudan,OPG199,EBC-08740,,18.0,,0.0,,3.0,,3.0,,0.0,,0.0,,0.0,,0.0,,0.0,,6.0,-6.0,-3.0,-3.0,0.0,0.0,0.0,0.0,0.0,0.0
sudan,OPG199,EBC-08764,,52.0,,0.0,,5.0,,5.0,,0.0,,0.0,,1.0,,0.0,,0.0,,11.0,-11.0,-5.0,-5.0,0.0,0.0,-1.0,0.0,0.0,0.0
sudan,OPG199,EBC-08787,58.0,,0.0,,49.0,,158.0,,0.0,,3.0,,0.0,,5.0,,0.0,,215.0,,215.0,158.0,49.0,0.0,5.0,0.0,3.0,0.0,0.0
sudan,OPG199,EBC-08915,27.0,,0.0,,45.0,,156.0,,0.0,,2.0,,1.0,,11.0,,0.0,,215.0,,215.0,156.0,45.0,0.0,11.0,1.0,2.0,0.0,0.0
sudan,OPG199,EBC-09022,,15.0,,0.0,,3.0,,10.0,,0.0,,0.0,,0.0,,0.0,,0.0,,13.0,-13.0,-10.0,-3.0,0.0,0.0,0.0,0.0,0.0,0.0
sudan,OPG199,EBC-09029,36.0,,9.0,,67.0,,108.0,,0.0,,3.0,,1.0,,13.0,,0.0,,201.0,,201.0,108.0,67.0,0.0,13.0,1.0,3.0,9.0,0.0
sudan,OPG199,EBC-09079,,33.0,,0.0,,2.0,,9.0,,0.0,,0.0,,0.0,,0.0,,0.0,,11.0,-11.0,-9.0,-2.0,0.0,0.0,0.0,0.0,0.0,0.0
sudan,OPG199,EBC-09118,77.0,,0.0,,74.0,,63.0,,0.0,,0.0,,2.0,,12.0,,0.0,,151.0,,151.0,63.0,74.0,0.0,12.0,2.0,0.0,0.0,0.0
sudan,OPG199,EBC-102119,37.0,,0.0,,156.0,,99.0,,0.0,,2.0,,0.0,,5.0,,0.0,,262.0,,262.0,99.0,156.0,0.0,5.0,0.0,2.0,0.0,0.0
sudan,OPG199,EBC-11226,,35.0,,1.0,,3.0,,0.0,,0.0,,0.0,,0.0,,2.0,,0.0,,6.0,-6.0,0.0,-3.0,0.0,-2.0,0.0,0.0,-1.0,0.0
sudan,OPG199,EBC-11230,100.0,,0.0,,102.0,,159.0,,0.0,,2.0,,0.0,,16.0,,0.0,,279.0,,279.0,159.0,102.0,0.0,16.0,0.0,2.0,0.0,0.0
sudan,OPG199,EBC-11260,35.0,,0.0,,88.0,,109.0,,0.0,,0.0,,1.0,,30.0,,0.0,,228.0,,228.0,109.0,88.0,0.0,30.0,1.0,0.0,0.0,0.0
sudan,OPG199,EBC-11281,60.0,,24.0,,42.0,,92.0,,0.0,,1.0,,0.0,,6.0,,0.0,,165.0,,165.0,92.0,42.0,0.0,6.0,0.0,1.0,24.0,0.0
sudan,OPG199,EBC-11343,,93.0,,0.0,,5.0,,3.0,,0.0,,0.0,,0.0,,0.0,,0.0,,8.0,-8.0,-3.0,-5.0,0.0,0.0,0.0,0.0,0.0,0.0
sudan,OPG199,EBC-11364,12.0,,14.0,,87.0,,89.0,,0.0,,1.0,,2.0,,24.0,,0.0,,217.0,,217.0,89.0,87.0,0.0,24.0,2.0,1.0,14.0,0.0
sudan,OPG199,EBC-11433,23.0,,2.0,,93.0,,123.0,,0.0,,2.0,,0.0,,10.0,,0.0,,230.0,,230.0,123.0,93.0,0.0,10.0,0.0,2.0,2.0,0.0
sudan,OPG199,EBC-118033,68.0,,6.0,,92.0,,100.0,,0.0,,0.0,,0.0,,20.0,,0.0,,218.0,,218.0,100.0,92.0,0.0,20.0,0.0,0.0,6.0,0.0
sudan,OPG199,EBC-118037,52.0,,0.0,,93.0,,84.0,,0.0,,2.0,,1.0,,15.0,,0.0,,195.0,,195.0,84.0,93.0,0.0,15.0,1.0,2.0,0.0,0.0
sudan,OPG199,EBC-12035,33.0,,0.0,,105.0,,68.0,,0.0,,0.0,,0.0,,0.0,,0.0,,173.0,,173.0,68.0,105.0,0.0,0.0,0.0,0.0,0.0,0.0
sudan,OPG199,EBC-12078,98.0,,23.0,,38.0,,91.0,,0.0,,0.0,,0.0,,15.0,,0.0,,167.0,,167.0,91.0,38.0,0.0,15.0,0.0,0.0,23.0,0.0
sudan,OPG199,EBC-12273,65.0,,0.0,,92.0,,108.0,,0.0,,1.0,,1.0,,7.0,,0.0,,209.0,,209.0,108.0,92.0,0.0,7.0,1.0,1.0,0.0,0.0
sudan,OPG199,EBC-12821,32.0,,0.0,,133.0,,100.0,,0.0,,0.0,,0.0,,22.0,,0.0,,255.0,,255.0,100.0,133.0,0.0,22.0,0.0,0.0,0.0,0.0
sudan,OPG199,EBC-12884,,36.0,,0.0,,2.0,,1.0,,0.0,,0.0,,0.0,,0.0,,0.0,,3.0,-3.0,-1.0,-2.0,0.0,0.0,0.0,0.0,0.0,0.0
sudan,OPG199,EBC-13064,54.0,,12.0,,79.0,,107.0,,0.0,,2.0,,2.0,,18.0,,0.0,,220.0,,220.0,107.0,79.0,0.0,18.0,2.0,2.0,12.0,0.0
sudan,OPG199,EBC-13120,91.0,,0.0,,81.0,,101.0,,0.0,,1.0,,0.0,,17.0,,0.0,,200.0,,200.0,101.0,81.0,0.0,17.0,0.0,1.0,0.0,0.0
sudan,OPG199,EBC-13154,96.0,,6.0,,63.0,,104.0,,0.0,,1.0,,1.0,,14.0,,0.0,,189.0,,189.0,104.0,63.0,0.0,14.0,1.0,1.0,6.0,0.0
sudan,OPG199,EBC-13353,89.0,,8.0,,80.0,,100.0,,0.0,,1.0,,0.0,,14.0,,0.0,,203.0,,203.0,100.0,80.0,0.0,14.0,0.0,1.0,8.0,0.0
sudan,OPG199,EBC-13472,61.0,,8.0,,119.0,,78.0,,0.0,,2.0,,0.0,,8.0,,0.0,,215.0,,215.0,78.0,119.0,0.0,8.0,0.0,2.0,8.0,0.0
sudan,OPG199,EBC-13579,26.0,,0.0,,130.0,,113.0,,0.0,,1.0,,1.0,,12.0,,0.0,,257.0,,257.0,113.0,130.0,0.0,12.0,1.0,1.0,0.0,0.0
sudan,OPG199,EBC-13607,3.0,,0.0,,105.0,,157.0,,0.0,,2.0,,0.0,,32.0,,0.0,,296.0,,296.0,157.0,105.0,0.0,32.0,0.0,2.0,0.0,0.0
sudan,OPG199,EBC-13827,,71.0,,0.0,,2.0,,6.0,,0.0,,0.0,,2.0,,1.0,,0.0,,11.0,-11.0,-6.0,-2.0,0.0,-1.0,-2.0,0.0,0.0,0.0
sudan,OPG199,EBC-14214,29.0,,2.0,,51.0,,141.0,,0.0,,0.0,,3.0,,9.0,,0.0,,206.0,,206.0,141.0,51.0,0.0,9.0,3.0,0.0,2.0,0.0
sudan,OPG199,EBC-14506,,14.0,,0.0,,3.0,,0.0,,1.0,,0.0,,0.0,,1.0,,0.0,,5.0,-5.0,0.0,-3.0,0.0,-1.0,0.0,0.0,0.0,-1.0
sudan,OPG199,EBC-145225,,10.0,,0.0,,1.0,,11.0,,0.0,,0.0,,1.0,,0.0,,0.0,,13.0,-13.0,-11.0,-1.0,0.0,0.0,-1.0,0.0,0.0,0.0
sudan,OPG199,EBC-145226,25.0,,0.0,,110.0,,108.0,,0.0,,1.0,,0.0,,12.0,,0.0,,231.0,,231.0,108.0,110.0,0.0,12.0,0.0,1.0,0.0,0.0
sudan,OPG199,EBC-149073,64.0,,0.0,,70.0,,101.0,,0.0,,2.0,,0.0,,20.0,,0.0,,193.0,,193.0,101.0,70.0,0.0,20.0,0.0,2.0,0.0,0.0
sudan,OPG199,EBC-149094,18.0,,0.0,,55.0,,123.0,,0.0,,0.0,,0.0,,6.0,,0.0,,184.0,,184.0,123.0,55.0,0.0,6.0,0.0,0.0,0.0,0.0
sudan,OPG199,EBC-154070,88.0,,2.0,,52.0,,78.0,,0.0,,0.0,,0.0,,21.0,,0.0,,153.0,,153.0,78.0,52.0,0.0,21.0,0.0,0.0,2.0,0.0
sudan,OPG199,EBC-155063,,92.0,,0.0,,3.0,,3.0,,0.0,,0.0,,0.0,,0.0,,0.0,,6.0,-6.0,-3.0,-3.0,0.0,0.0,0.0,0.0,0.0,0.0
sudan,OPG199,EBC-157073,56.0,,0.0,,54.0,,156.0,,0.0,,1.0,,0.0,,14.0,,0.0,,225.0,,225.0,156.0,54.0,0.0,14.0,0.0,1.0,0.0,0.0
sudan,OPG199,EBC-157209,49.0,,0.0,,61.0,,142.0,,0.0,,0.0,,0.0,,13.0,,0.0,,216.0,,216.0,142.0,61.0,0.0,13.0,0.0,0.0,0.0,0.0
sudan,OPG199,EBC-157218,,86.0,,0.0,,4.0,,7.0,,0.0,,0.0,,0.0,,0.0,,0.0,,11.0,-11.0,-7.0,-4.0,0.0,0.0,0.0,0.0,0.0,0.0
sudan,OPG199,EBC-157241,85.0,,4.0,,88.0,,116.0,,0.0,,1.0,,1.0,,29.0,,0.0,,239.0,,239.0,116.0,88.0,0.0,29.0,1.0,1.0,4.0,0.0
sudan,OPG199,EBC-157249,66.0,,0.0,,89.0,,112.0,,0.0,,0.0,,1.0,,34.0,,0.0,,236.0,,236.0,112.0,89.0,0.0,34.0,1.0,0.0,0.0,0.0
sudan,OPG199,EBC-159031,,20.0,,0.0,,3.0,,9.0,,0.0,,0.0,,0.0,,0.0,,0.0,,12.0,-12.0,-9.0,-3.0,0.0,0.0,0.0,0.0,0.0,0.0
sudan,OPG199,EBC-160036,4.0,,2.0,,60.0,,116.0,,0.0,,0.0,,0.0,,2.0,,0.0,,180.0,,180.0,116.0,60.0,0.0,2.0,0.0,0.0,2.0,0.0
sudan,OPG199,EBC-216028,20.0,,0.0,,57.0,,156.0,,0.0,,0.0,,1.0,,6.0,,0.0,,220.0,,220.0,156.0,57.0,0.0,6.0,1.0,0.0,0.0,0.0
sudan,OPG199,EBC-217022,11.0,,10.0,,72.0,,89.0,,0.0,,0.0,,0.0,,21.0,,0.0,,192.0,,192.0,89.0,72.0,0.0,21.0,0.0,0.0,10.0,0.0
sudan,OPG199,EBC-218037,74.0,,0.0,,66.0,,91.0,,0.0,,1.0,,0.0,,10.0,,0.0,,168.0,,168.0,91.0,66.0,0.0,10.0,0.0,1.0,0.0,0.0
sudan,OPG199,EBC-218043,1.0,,0.0,,88.0,,128.0,,0.0,,7.0,,0.0,,15.0,,0.0,,238.0,,238.0,128.0,88.0,0.0,15.0,0.0,7.0,0.0,0.0
sudan,OPG199,EBC-221084,39.0,,0.0,,123.0,,81.0,,0.0,,1.0,,0.0,,29.0,,0.0,,234.0,,234.0,81.0,123.0,0.0,29.0,0.0,1.0,0.0,0.0
sudan,OPG199,EBC-230024,,1.0,,0.0,,1.0,,8.0,,0.0,,0.0,,0.0,,1.0,,0.0,,10.0,-10.0,-8.0,-1.0,0.0,-1.0,0.0,0.0,0.0,0.0
sudan,OPG199,EBC-23629,87.0,,0.0,,52.0,,115.0,,0.0,,0.0,,1.0,,3.0,,0.0,,171.0,,171.0,115.0,52.0,0.0,3.0,1.0,0.0,0.0,0.0
sudan,OPG199,EBC-248072,,76.0,,1.0,,2.0,,0.0,,2.0,,0.0,,0.0,,0.0,,0.0,,5.0,-5.0,0.0,-2.0,0.0,0.0,0.0,0.0,-1.0,-2.0
sudan,OPG199,EBC-251173,6.0,,0.0,,104.0,,140.0,,0.0,,0.0,,0.0,,18.0,,0.0,,262.0,,262.0,140.0,104.0,0.0,18.0,0.0,0.0,0.0,0.0
sudan,OPG199,EBC-252093,31.0,,0.0,,81.0,,90.0,,0.0,,0.0,,0.0,,30.0,,0.0,,201.0,,201.0,90.0,81.0,0.0,30.0,0.0,0.0,0.0,0.0
sudan,OPG199,EBC-252122,8.0,,17.0,,64.0,,113.0,,0.0,,2.0,,0.0,,21.0,,0.0,,217.0,,217.0,113.0,64.0,0.0,21.0,0.0,2.0,17.0,0.0
sudan,OPG199,EBC-252141,42.0,,0.0,,108.0,,82.0,,0.0,,1.0,,1.0,,25.0,,0.0,,217.0,,217.0,82.0,108.0,0.0,25.0,1.0,1.0,0.0,0.0
sudan,OPG199,EBC-26152,,90.0,,0.0,,2.0,,1.0,,0.0,,0.0,,0.0,,0.0,,0.0,,3.0,-3.0,-1.0,-2.0,0.0,0.0,0.0,0.0,0.0,0.0
sudan,OPG199,EBC-26171,,98.0,,0.0,,5.0,,0.0,,0.0,,0.0,,0.0,,1.0,,0.0,,6.0,-6.0,0.0,-5.0,0.0,-1.0,0.0,0.0,0.0,0.0
sudan,OPG199,EBC-26180,,88.0,,0.0,,4.0,,0.0,,0.0,,0.0,,0.0,,0.0,,0.0,,4.0,-4.0,0.0,-4.0,0.0,0.0,0.0,0.0,0.0,0.0
sudan,OPG199,EBC-27042,63.0,,3.0,,96.0,,77.0,,0.0,,2.0,,0.0,,29.0,,0.0,,207.0,,207.0,77.0,96.0,0.0,29.0,0.0,2.0,3.0,0.0
sudan,OPG199,EBC-27122,83.0,,17.0,,87.0,,73.0,,0.0,,1.0,,1.0,,8.0,,0.0,,187.0,,187.0,73.0,87.0,0.0,8.0,1.0,1.0,17.0,0.0
sudan,OPG199,EBC-27265,7.0,,9.0,,40.0,,112.0,,0.0,,2.0,,4.0,,4.0,,0.0,,171.0,,171.0,112.0,40.0,0.0,4.0,4.0,2.0,9.0,0.0
sudan,OPG199,EBC-27288,,63.0,,0.0,,1.0,,6.0,,0.0,,0.0,,2.0,,1.0,,0.0,,10.0,-10.0,-6.0,-1.0,0.0,-1.0,-2.0,0.0,0.0,0.0
sudan,OPG199,EBC-27345,15.0,,12.0,,57.0,,98.0,,0.0,,2.0,,0.0,,4.0,,0.0,,173.0,,173.0,98.0,57.0,0.0,4.0,0.0,2.0,12.0,0.0
sudan,OPG199,EBC-27428,19.0,,0.0,,131.0,,89.0,,0.0,,1.0,,0.0,,34.0,,0.0,,255.0,,255.0,89.0,131.0,0.0,34.0,0.0,1.0,0.0,0.0
sudan,OPG199,EBC-28055,,82.0,,0.0,,3.0,,0.0,,2.0,,0.0,,0.0,,0.0,,0.0,,5.0,-5.0,0.0,-3.0,0.0,0.0,0.0,0.0,0.0,-2.0
sudan,OPG199,EBC-28059,,55.0,,0.0,,6.0,,9.0,,0.0,,0.0,,1.0,,0.0,,0.0,,16.0,-16.0,-9.0,-6.0,0.0,0.0,-1.0,0.0,0.0,0.0
sudan,OPG199,EBC-287042,44.0,,0.0,,64.0,,135.0,,0.0,,2.0,,0.0,,18.0,,0.0,,219.0,,219.0,135.0,64.0,0.0,18.0,0.0,2.0,0.0,0.0
sudan,OPG199,EBC-287052,50.0,,0.0,,95.0,,132.0,,0.0,,0.0,,2.0,,16.0,,0.0,,245.0,,245.0,132.0,95.0,0.0,16.0,2.0,0.0,0.0,0.0
sudan,OPG199,EBC-287064,73.0,,0.0,,51.0,,151.0,,0.0,,4.0,,2.0,,11.0,,0.0,,219.0,,219.0,151.0,51.0,0.0,11.0,2.0,4.0,0.0,0.0
sudan,OPG199,EBC-287070,14.0,,0.0,,59.0,,147.0,,0.0,,0.0,,0.0,,9.0,,0.0,,215.0,,215.0,147.0,59.0,0.0,9.0,0.0,0.0,0.0,0.0
sudan,OPG199,EBC-287104,70.0,,0.0,,51.0,,153.0,,0.0,,1.0,,1.0,,9.0,,0.0,,215.0,,215.0,153.0,51.0,0.0,9.0,1.0,1.0,0.0,0.0
sudan,OPG199,EBC-288044,71.0,,0.0,,59.0,,157.0,,0.0,,4.0,,2.0,,15.0,,0.0,,237.0,,237.0,157.0,59.0,0.0,15.0,2.0,4.0,0.0,0.0
sudan,OPG199,EBC-288046,93.0,,4.0,,55.0,,139.0,,0.0,,2.0,,0.0,,16.0,,0.0,,216.0,,216.0,139.0,55.0,0.0,16.0,0.0,2.0,4.0,0.0
sudan,OPG199,EBC-289057,69.0,,0.0,,50.0,,145.0,,0.0,,1.0,,1.0,,19.0,,0.0,,216.0,,216.0,145.0,50.0,0.0,19.0,1.0,1.0,0.0,0.0
sudan,OPG199,EBC-289112,17.0,,0.0,,46.0,,132.0,,0.0,,1.0,,1.0,,14.0,,0.0,,194.0,,194.0,132.0,46.0,0.0,14.0,1.0,1.0,0.0,0.0
sudan,OPG199,EBC-290041,22.0,,4.0,,190.0,,117.0,,0.0,,3.0,,1.0,,40.0,,0.0,,355.0,,355.0,117.0,190.0,0.0,40.0,1.0,3.0,4.0,0.0
sudan,OPG199,EBC-291056,41.0,,0.0,,51.0,,136.0,,0.0,,0.0,,0.0,,10.0,,0.0,,197.0,,197.0,136.0,51.0,0.0,10.0,0.0,0.0,0.0,0.0
sudan,OPG199,EBC-291167,72.0,,16.0,,113.0,,81.0,,0.0,,0.0,,1.0,,40.0,,0.0,,251.0,,251.0,81.0,113.0,0.0,40.0,1.0,0.0,16.0,0.0
sudan,OPG199,EBC-292060,80.0,,5.0,,36.0,,92.0,,0.0,,0.0,,0.0,,12.0,,0.0,,145.0,,145.0,92.0,36.0,0.0,12.0,0.0,0.0,5.0,0.0
sudan,OPG199,EBC-30021,,99.0,,0.0,,7.0,,1.0,,0.0,,0.0,,0.0,,0.0,,0.0,,8.0,-8.0,-1.0,-7.0,0.0,0.0,0.0,0.0,0.0,0.0
sudan,OPG199,EBC-303070,78.0,,0.0,,49.0,,109.0,,0.0,,0.0,,0.0,,13.0,,0.0,,171.0,,171.0,109.0,49.0,0.0,13.0,0.0,0.0,0.0,0.0
sudan,OPG199,EBC-303249,,32.0,,1.0,,3.0,,8.0,,0.0,,0.0,,0.0,,0.0,,0.0,,12.0,-12.0,-8.0,-3.0,0.0,0.0,0.0,0.0,-1.0,0.0
sudan,OPG199,EBC-306048,45.0,,16.0,,101.0,,54.0,,0.0,,1.0,,0.0,,18.0,,0.0,,190.0,,190.0,54.0,101.0,0.0,18.0,0.0,1.0,16.0,0.0
sudan,OPG199,EBC-309072,9.0,,2.0,,101.0,,91.0,,0.0,,1.0,,0.0,,20.0,,0.0,,215.0,,215.0,91.0,101.0,0.0,20.0,0.0,1.0,2.0,0.0
sudan,OPG199,EBC-331067,94.0,,9.0,,59.0,,79.0,,0.0,,0.0,,1.0,,2.0,,0.0,,150.0,,150.0,79.0,59.0,0.0,2.0,1.0,0.0,9.0,0.0
sudan,OPG199,EBC-365075,,19.0,,0.0,,3.0,,1.0,,0.0,,0.0,,0.0,,0.0,,0.0,,4.0,-4.0,-1.0,-3.0,0.0,0.0,0.0,0.0,0.0,0.0
sudan,OPG199,EBC-373083,59.0,,6.0,,137.0,,44.0,,0.0,,0.0,,2.0,,51.0,,0.0,,240.0,,240.0,44.0,137.0,0.0,51.0,2.0,0.0,6.0,0.0
sudan,OPG199,EBC-43021,38.0,,2.0,,73.0,,114.0,,0.0,,0.0,,0.0,,20.0,,0.0,,209.0,,209.0,114.0,73.0,0.0,20.0,0.0,0.0,2.0,0.0
sudan,OPG199,EBC-44165,62.0,,0.0,,80.0,,70.0,,0.0,,1.0,,0.0,,9.0,,0.0,,160.0,,160.0,70.0,80.0,0.0,9.0,0.0,1.0,0.0,0.0
sudan,OPG199,EBC-44358,48.0,,10.0,,118.0,,81.0,,0.0,,2.0,,0.0,,10.0,,0.0,,221.0,,221.0,81.0,118.0,0.0,10.0,0.0,2.0,10.0,0.0
sudan,OPG199,EBC-46024,47.0,,10.0,,113.0,,113.0,,0.0,,1.0,,0.0,,22.0,,0.0,,259.0,,259.0,113.0,113.0,0.0,22.0,0.0,1.0,10.0,0.0
sudan,OPG199,EBC-46057,2.0,,0.0,,63.0,,166.0,,0.0,,3.0,,0.0,,12.0,,0.0,,244.0,,244.0,166.0,63.0,0.0,12.0,0.0,3.0,0.0,0.0
sudan,OPG199,EBC-46286,40.0,,0.0,,130.0,,101.0,,0.0,,1.0,,0.0,,21.0,,0.0,,253.0,,253.0,101.0,130.0,0.0,21.0,0.0,1.0,0.0,0.0
sudan,OPG199,EBC-46294,5.0,,1.0,,163.0,,130.0,,0.0,,2.0,,0.0,,33.0,,0.0,,329.0,,329.0,130.0,163.0,0.0,33.0,0.0,2.0,1.0,0.0
sudan,OPG199,EBC-47073,55.0,,21.0,,122.0,,81.0,,0.0,,2.0,,1.0,,22.0,,0.0,,249.0,,249.0,81.0,122.0,0.0,22.0,1.0,2.0,21.0,0.0
sudan,OPG199,EBC-47094,86.0,,1.0,,55.0,,82.0,,0.0,,0.0,,0.0,,10.0,,0.0,,148.0,,148.0,82.0,55.0,0.0,10.0,0.0,0.0,1.0,0.0
sudan,OPG199,EBC-47179,,29.0,,0.0,,3.0,,1.0,,0.0,,0.0,,0.0,,0.0,,0.0,,4.0,-4.0,-1.0,-3.0,0.0,0.0,0.0,0.0,0.0,0.0
sudan,OPG199,EBC-47187,,100.0,,0.0,,6.0,,0.0,,0.0,,0.0,,0.0,,2.0,,0.0,,8.0,-8.0,0.0,-6.0,0.0,-2.0,0.0,0.0,0.0,0.0
sudan,OPG199,EBC-47323,,91.0,,0.0,,2.0,,2.0,,0.0,,0.0,,0.0,,0.0,,0.0,,4.0,-4.0,-2.0,-2.0,0.0,0.0,0.0,0.0,0.0,0.0
sudan,OPG199,EBC-48186,16.0,,12.0,,63.0,,81.0,,0.0,,0.0,,1.0,,2.0,,0.0,,159.0,,159.0,81.0,63.0,0.0,2.0,1.0,0.0,12.0,0.0
sudan,OPG199,EBC-50088,57.0,,0.0,,59.0,,109.0,,0.0,,0.0,,0.0,,20.0,,0.0,,188.0,,188.0,109.0,59.0,0.0,20.0,0.0,0.0,0.0,0.0
sudan,OPG199,EBC-50109,,69.0,,0.0,,0.0,,1.0,,0.0,,0.0,,0.0,,0.0,,0.0,,1.0,-1.0,-1.0,0.0,0.0,0.0,0.0,0.0,0.0,0.0
sudan,OPG199,EBC-53021,97.0,,7.0,,97.0,,62.0,,0.0,,1.0,,0.0,,19.0,,0.0,,186.0,,186.0,62.0,97.0,0.0,19.0,0.0,1.0,7.0,0.0
sudan,OPG199,EBC-53052,43.0,,22.0,,98.0,,58.0,,0.0,,2.0,,0.0,,14.0,,0.0,,194.0,,194.0,58.0,98.0,0.0,14.0,0.0,2.0,22.0,0.0
sudan,OPG199,EBC-63078,,58.0,,1.0,,3.0,,7.0,,0.0,,0.0,,0.0,,0.0,,0.0,,11.0,-11.0,-7.0,-3.0,0.0,0.0,0.0,0.0,-1.0,0.0
sudan,OPG199,EBC-63089,10.0,,5.0,,148.0,,105.0,,0.0,,1.0,,0.0,,35.0,,0.0,,294.0,,294.0,105.0,148.0,0.0,35.0,0.0,1.0,5.0,0.0
sudan,OPG199,EBC-83041,,89.0,,0.0,,4.0,,0.0,,0.0,,0.0,,0.0,,0.0,,0.0,,4.0,-4.0,0.0,-4.0,0.0,0.0,0.0,0.0,0.0,0.0
sudan,OPG199,EBC-84050,30.0,,5.0,,108.0,,110.0,,0.0,,5.0,,1.0,,35.0,,0.0,,264.0,,264.0,110.0,108.0,0.0,35.0,1.0,5.0,5.0,0.0
sudan,OPG199,EBC-99051,92.0,,5.0,,45.0,,79.0,,0.0,,0.0,,1.0,,13.0,,0.0,,143.0,,143.0,79.0,45.0,0.0,13.0,1.0,0.0,5.0,0.0
